5.02011607773602,16.8062,5.03736297786236,14.9491,0.0,16.8062,0.0,-31.96493,0.342733,11.5366,3.0
5.03736297786236,16.3168,5.05444667860866,19.0708,0.0,16.5615,0.0,-5.327333,0.211566,9.0192,3.0
5.05444667860866,16.538,5.07001247815788,13.464,0.0,16.55367,0.0,16.31967,-0.279301,12.6649,3.0
5.07001247815788,16.3404,5.08750327862799,19.2097,0.0,16.50035,0.0,16.00633,-0.208468,9.5917,3.0
5.08750327862799,15.9567,5.10366897843778,14.5262,0.0,16.39162,0.0,16.1138,-0.309335,12.4535,3.0
5.10366897843778,17.1741,5.11970367841423,17.6642,0.0,16.52203,0.0,16.60037,-0.344002,11.0061,3.0
5.11970367841423,17.0864,5.13625187799335,15.1932,0.0,16.60266,0.0,16.51014,-0.162169,11.5234,3.0
5.13625187799335,17.0261,5.15341887809336,18.8351,0.0,16.65559,0.0,16.5344,-0.467136,9.6305,3.0
5.15341887809336,14.5896,5.16895327810198,13.5516,0.0,16.42603,0.0,16.61097,1.025397,11.4387,3.0
5.16895327810198,18.7438,5.18623147811741,18.8452,0.0,16.65781,0.0,15.69364,-0.44497,10.3994,3.0
5.18623147811741,16.2769,5.20284297782928,14.9477,0.0,16.62318,0.0,16.7727,-0.558237,10.5073,3.0
5.20284297782928,17.3753,5.21974187809974,18.41,0.0,16.68586,0.0,15.31567,0.053233,9.1783,3.0
5.21974187809974,15.5467,5.23550737742335,14.4283,0.0,16.59823,0.0,16.45734,-0.356834,10.213,3.0
5.23550737742335,17.7101,5.25225057732314,18.0341,0.0,16.67765,0.0,-54.2697,0.632799,9.0952,3.0
5.25225057732314,16.0719,5.26976087782532,16.1558,0.0,16.63727,0.0,5.596667,-1.610868,9.4196,3.0
5.26976087782532,17.1116,5.28610097710043,17.9793,0.0,16.66691,0.0,9.867334,-0.770635,9.5035,3.0
5.28610097710043,16.169,5.30337387789041,15.6631,0.0,16.63762,0.0,9.762601,-0.564602,10.3709,3.0
5.30337387789041,17.5511,5.32006397750229,18.4889,0.0,16.68837,0.0,6.939568,-0.812369,9.8633,3.0
5.32006397750229,16.334,5.33562637772411,13.6875,0.0,16.66972,0.0,12.78444,-0.063136,10.8063,3.0
5.33562637772411,16.4291,5.35212727729231,18.1509,0.0,16.65769,0.0,10.7941,0.626197,8.1604,3.0
5.35212727729231,16.8119,5.36911877710372,15.4221,0.0,16.66503,0.0,9.950369,-0.56307,9.8827,3.0
5.36911877710372,16.6665,5.38685017731041,19.5884,0.0,16.6651,0.0,10.38054,0.322263,8.4929,3.0
5.38685017731041,16.626,5.40323957707733,14.3776,0.0,16.6634,0.0,7.514403,-0.073304,11.4155,3.0
5.40323957707733,17.1885,5.42032037768513,19.2078,0.0,16.68528,0.0,7.20747,-0.721571,9.1674,3.0
5.42032037768513,16.7873,5.43558777775615,13.219,0.0,16.68936,0.0,9.157837,-0.496738,11.1869,3.0
5.43558777775615,15.2615,5.45206767786294,18.1905,0.0,16.63444,0.0,8.973004,-0.513205,7.6189,3.0
5.45206767786294,16.6369,5.46851697843522,16.7086,0.0,16.63453,0.0,8.678171,-0.863772,10.5484,3.0
5.46851697843522,16.8207,5.48565377760679,15.2026,0.0,16.64118,0.0,11.94814,-0.542339,10.6194,3.0
5.48565377760679,16.5035,5.50288207735866,19.0427,0.0,16.63643,0.0,9.969705,0.944494,9.0019,3.0
5.50288207735866,17.026,5.5204786779359,17.7765,0.0,16.64942,0.0,9.877672,-0.833473,11.5414,3.0
5.5204786779359,16.6624,5.53550837747753,12.8922,0.0,16.64984,0.0,12.18064,-0.51984,12.2925,3.0
5.53550837747753,17.4302,5.55214187689126,18.5615,0.0,16.67422,0.0,10.08811,-0.203107,8.5226,3.0
5.55214187689126,15.8104,5.56963427737355,17.8471,0.0,16.64805,0.0,6.228573,-0.031774,9.6531,3.0
5.56963427737355,16.7112,5.58737387694418,15.7065,0.0,16.6499,0.0,12.32184,-0.179541,11.689,3.0
5.58737387694418,17.3034,5.60227387677878,16.4188,0.0,16.66858,0.0,9.969907,-0.132608,10.6902,3.0
5.60227387677878,15.9905,5.61871207598597,16.6144,0.0,16.64974,0.0,9.178174,0.016125,9.8058,3.0
5.61871207598597,16.756,5.63539797533303,15.0853,0.0,16.65261,0.0,7.398641,0.187458,10.4297,3.0
5.63539797533303,17.1556,5.65299907606095,19.2691,0.0,16.66585,0.0,10.76551,0.289891,8.7593,3.0
5.65299907606095,16.5472,5.66982177551836,17.0403,0.0,16.66281,0.0,9.248075,-0.628576,10.8734,3.0
5.66982177551836,16.8973,5.68763887602836,15.7582,0.0,16.66867,0.0,9.260342,-0.133943,11.3667,3.0
5.68763887602836,17.4181,5.7034462755546,17.587,0.0,16.68695,0.0,11.24351,0.31279,10.2273,3.0
5.7034462755546,15.9902,5.7185773756355,13.2442,0.0,16.67036,0.0,6.842176,-0.203277,10.397,3.0
5.7185773756355,16.7605,5.73462617583573,17.6011,0.0,16.67245,0.0,10.10164,-0.101544,7.6511,3.0
5.73462617583573,16.3871,5.75238577648997,18.1206,0.0,16.66597,0.0,9.38771,0.347989,8.4918,3.0
5.75238577648997,15.0821,5.76962047629058,15.5016,0.0,16.63077,0.0,7.615177,0.002822,10.2257,3.0
5.76962047629058,18.5046,5.787468675524,19.9756,0.0,16.67151,0.0,9.320544,0.361655,10.645,3.0
5.787468675524,16.6267,5.80334957502782,13.5597,0.0,16.67056,0.0,11.26321,0.499088,12.1167,3.0
5.80334957502782,16.634,5.81871897540987,16.8657,0.0,16.66979,0.0,8.792878,-0.135479,9.0505,3.0
5.81871897540987,17.0307,5.83586867526174,15.7535,0.0,16.67716,0.0,9.004145,-1.301046,9.2823,3.0
5.83586867526174,16.2363,5.85480287484825,19.0207,0.0,16.66834,0.0,9.016712,-0.935113,8.0055,3.0
5.85480287484825,16.7662,5.86863247491419,13.6589,0.0,16.67026,0.0,10.81868,-0.92278,10.7897,3.0
5.86863247491419,17.0818,5.88531537540257,18.2525,0.0,16.67817,0.0,9.795346,0.375453,7.6826,3.0
5.88531537540257,16.5414,5.90355467610061,18.7481,0.0,16.67559,0.0,12.62221,0.433486,8.8537,3.0
5.90355467610061,16.5406,5.91945317573845,13.9483,0.0,16.67309,0.0,10.37898,-0.928081,11.0603,3.0
5.91945317573845,16.3243,5.93545767664909,17.7909,0.0,16.66675,0.0,10.08025,0.297152,8.4678,3.0
5.93545767664909,16.8516,5.95216747745872,14.7758,0.0,16.67005,0.0,9.000014,-1.086415,9.9354,3.0
5.95216747745872,17.0452,5.96951257809997,19.188,0.0,16.67664,0.0,8.954781,-0.919682,7.8593,3.0
5.96951257809997,17.0714,5.98608577810228,16.4645,0.0,16.68344,0.0,12.17265,-0.090049,10.002,3.0
5.98608577810228,14.8223,6.00493467785418,17.2509,0.0,16.6519,0.0,8.926515,0.257284,9.3956,3.0
6.00493467785418,17.7813,6.01880257762969,15.3896,0.0,16.67072,0.0,12.51878,0.113717,11.8237,3.0
6.01880257762969,17.4022,6.03525527752936,15.125,0.0,16.68271,0.0,10.51895,0.48825,9.4328,3.0
6.03525527752936,16.3167,6.05312457680702,19.1377,0.0,16.67681,0.0,9.343416,-0.021217,7.1563,3.0
6.05312457680702,16.8667,6.06994987651706,15.3137,0.0,16.67982,0.0,9.577383,-0.751584,9.9774,3.0
6.06994987651706,16.8581,6.08652437664568,18.1879,0.0,16.68261,0.0,9.27695,-0.269451,8.4248,3.0
6.08652437664568,16.8478,6.10226797685027,14.0525,0.0,16.68515,0.0,10.53252,0.694882,9.754,3.0
6.10226797685027,16.2798,6.11871567741036,17.87,0.0,16.67901,0.0,9.438884,0.155415,6.9554,3.0
6.11871567741036,15.7875,6.13561477698386,15.4805,0.0,16.6657,0.0,11.96705,0.297448,8.5527,3.0
6.13561477698386,16.1295,6.15212037786841,18.3834,0.0,16.65782,0.0,9.293918,0.989681,8.2457,3.0
6.15212037786841,17.1603,6.16850837878883,14.5949,0.0,16.6651,0.0,8.098785,-0.953086,10.4994,3.0
6.16850837878883,16.7198,6.18707927875221,18.5545,0.0,16.66588,0.0,9.276052,-0.326153,7.9346,3.0
6.18707927875221,16.3882,6.2036699783057,16.5802,0.0,16.66197,0.0,9.012019,-1.00282,9.7696,3.0
6.2036699783057,17.5075,6.22003827802837,18.0284,0.0,16.67371,0.0,6.420286,0.306113,9.9621,3.0
6.22003827802837,16.0122,6.23652357794344,16.9301,0.0,16.66465,0.0,12.15115,0.692746,10.4838,3.0
6.23652357794344,16.714,6.25236267782748,13.8271,0.0,16.66532,0.0,9.95172,0.169579,11.4017,3.0
6.25236267782748,17.3509,6.26959997788072,19.0618,0.0,16.67446,0.0,10.04549,-0.530588,8.5158,3.0
6.26959997788072,16.1827,6.28515037801117,13.6044,0.0,16.66799,0.0,9.023854,-0.511055,10.2268,3.0
6.28515037801117,17.8724,6.30358577799052,20.3054,0.0,16.68363,0.0,8.675121,-0.146522,7.6493,3.0
6.30358577799052,16.0837,6.31922317761928,14.0528,0.0,16.67594,0.0,9.350488,0.317211,10.0824,3.0
6.31922317761928,17.3791,6.33558387774974,18.0613,0.0,16.68484,0.0,9.504055,-0.088956,8.0519,3.0
6.33558387774974,15.5803,6.35233527701348,14.8125,0.0,16.67103,0.0,11.66832,-0.583323,8.7346,3.0
6.35233527701348,16.7824,6.36960887629539,18.9138,0.0,16.67241,0.0,9.337889,-0.38079,7.9671,3.0
6.36960887629539,16.8487,6.38700727652758,15.7412,0.0,16.67456,0.0,7.277056,-0.532057,10.0981,3.0
6.38700727652758,15.8859,6.40313627664,18.0266,0.0,16.66505,0.0,8.871923,-0.632024,8.9911,3.0
6.40313627664,16.2784,6.41921587754041,14.1492,0.0,16.66045,0.0,8.28039,-0.155991,11.1322,3.0
6.41921587754041,17.3069,6.43631157744676,19.0888,0.0,16.66806,0.0,9.518057,-0.620258,9.0034,3.0
6.43631157744676,17.6244,6.45218257699162,14.0409,0.0,16.67918,0.0,11.70032,-1.238225,10.7854,3.0
6.45218257699162,15.7847,6.46916547697037,18.5352,0.0,16.6689,0.0,10.13929,-0.017592,7.2019,3.0
6.46916547697037,16.6206,6.48743877653033,16.6069,0.0,16.66835,0.0,9.537058,-0.221959,9.9528,3.0
6.48743877653033,16.5158,6.50315777678043,17.3303,0.0,16.66663,0.0,11.83342,-0.339626,9.9394,3.0
6.50315777678043,16.7585,6.52176637668163,17.0672,0.0,16.66765,0.0,10.73699,-0.502993,10.7545,3.0
6.52176637668163,16.6529,6.53626047633588,16.2869,0.0,16.66749,0.0,9.535259,-0.64856,11.0635,3.0
6.53626047633588,16.8396,6.55324677564204,15.0772,0.0,16.66936,0.0,9.680726,-1.117127,10.6982,3.0
6.55324677564204,17.0234,6.56947437487543,18.335,0.0,16.67317,0.0,11.64749,-0.096994,8.9356,3.0
6.56947437487543,16.6242,6.58531177416444,13.9177,0.0,16.67265,0.0,10.27476,-0.605261,10.2477,3.0
6.58531177416444,16.9079,6.60316457413137,19.5283,0.0,16.67513,0.0,11.88623,-0.091228,7.5416,3.0
6.60316457413137,16.2574,6.61867867410183,13.7419,0.0,16.67077,0.0,10.40369,-0.814895,10.1621,3.0
6.61867867410183,16.7678,6.63568327389657,18.8571,0.0,16.67177,0.0,8.618861,0.470338,7.647,3.0
6.63568327389657,17.0099,6.65222527459264,14.7709,0.0,16.67522,0.0,10.32763,-1.341629,9.7364,3.0
6.65222527459264,16.659,6.66966377384961,18.8925,0.0,16.67506,0.0,8.474395,0.210604,7.4979,3.0
6.66966377384961,16.3543,6.68631637468934,14.9459,0.0,16.67185,0.0,10.20156,0.485337,9.7314,3.0
6.68631637468934,16.5465,6.70357197523117,19.221,0.0,16.67061,0.0,8.589629,-0.60483,8.3237,3.0
6.70357197523117,16.7459,6.71875967551023,13.214,0.0,16.67135,0.0,12.7693,-0.983197,10.9978,3.0
6.71875967551023,17.1219,6.73628017585725,19.4663,0.0,16.67572,0.0,9.062963,0.225636,7.4669,3.0
6.73628017585725,16.286,6.75276917498559,14.664,0.0,16.67198,0.0,8.91263,0.834069,9.8115,3.0
6.75276917498559,16.9802,6.76954077463597,18.6671,0.0,16.67491,0.0,10.1382,-0.479998,8.19,3.0
6.76954077463597,16.6454,6.78601187374443,14.5694,0.0,16.67463,0.0,12.43186,-0.022765,9.8769,3.0
6.78601187374443,16.7761,6.80381767358631,20.0894,0.0,16.67558,0.0,9.362131,-0.342332,7.8014,3.0
6.80381767358631,16.9091,6.81934157386422,13.3486,0.0,16.67774,0.0,10.2474,0.285601,11.1143,3.0
6.81934157386422,16.8802,6.83603387326002,18.3411,0.0,16.6796,0.0,9.665965,0.416834,7.5547,3.0
6.83603387326002,16.2333,6.85313297249377,15.4797,0.0,16.67554,0.0,9.252232,-0.399933,9.0166,3.0
6.85313297249377,17.0089,6.8686511721462,17.1582,0.0,16.67855,0.0,9.777099,-0.9154,8.2631,3.0
6.8686511721462,16.4534,6.88638577237725,16.041,0.0,16.67654,0.0,9.136866,0.595333,8.4127,3.0
6.88638577237725,16.5363,6.90248087234795,17.9172,0.0,16.6753,0.0,8.801133,-0.362534,8.0006,3.0
6.90248087234795,17.0528,6.91880697198212,14.3314,0.0,16.67861,0.0,9.6307,-0.040801,9.3816,3.0
6.91880697198212,16.9155,6.93740417249501,20.3632,0.0,16.68067,0.0,12.31077,-0.246968,6.6605,3.0
6.93740417249501,16.2608,6.95311717316508,13.9525,0.0,16.67705,0.0,8.474434,0.891965,10.1088,3.0
6.95311717316508,17.151,6.97129377350211,20.5592,0.0,16.6811,0.0,9.698701,0.123398,7.8006,3.0
6.97129377350211,15.9274,6.98702897317708,13.4274,0.0,16.67471,0.0,9.349568,-1.037869,11.2089,3.0
6.98702897317708,17.3449,7.00322347320616,17.6429,0.0,16.68034,0.0,11.22213,-0.558136,8.7097,3.0
7.00322347320616,16.2459,7.0196175724268,14.936,0.0,16.67672,0.0,8.204802,-0.276503,8.9925,3.0
7.0196175724268,16.9103,7.03634347207844,18.5352,0.0,16.67865,0.0,10.89767,0.36943,7.6983,3.0
7.03634347207844,16.0939,7.05369127169251,17.5186,0.0,16.67386,0.0,10.86794,-1.227437,9.3237,3.0
7.05369127169251,15.6712,7.0698464717716,14.2189,0.0,16.66571,0.0,10.0644,-0.198804,10.7482,3.0
7.0698464717716,17.0619,7.08568057231605,17.3808,0.0,16.6689,0.0,10.07167,0.314229,9.2967,3.0
7.08568057231605,17.0227,7.10318417288363,15.9381,0.0,16.67173,0.0,8.994537,-0.283938,9.6157,3.0
7.10318417288363,16.4389,7.11968637257814,18.216,0.0,16.66989,0.0,10.6445,-0.817305,8.5311,3.0
7.11968637257814,16.4638,7.13704517297447,15.7211,0.0,16.66826,0.0,9.358971,-0.328172,10.3083,3.0
7.13704517297447,17.8537,7.15332927368581,17.5835,0.0,16.67752,0.0,9.138838,-0.149139,9.5664,3.0
7.15332927368581,15.5135,7.17054417356849,15.7914,0.0,16.6685,0.0,11.3454,-0.139806,9.2957,3.0
7.17054417356849,17.2619,7.18611497338861,17.2624,0.0,16.67307,0.0,10.07507,0.208527,9.5717,3.0
7.18611497338861,16.519,7.20322507340461,17.3314,0.0,16.67189,0.0,9.180439,-0.28234,9.5787,3.0
7.20322507340461,16.8063,7.22029667254537,15.2087,0.0,16.67291,0.0,11.04721,0.217293,10.3922,3.0
7.22029667254537,16.4351,7.23552677221596,17.1172,0.0,16.67112,0.0,8.114373,0.286226,8.7949,3.0
7.23552677221596,17.0071,7.25322617217898,15.7261,0.0,16.67363,0.0,7.23184,0.897659,9.4773,3.0
7.25322617217898,16.7544,7.27057807147503,19.5221,0.0,16.67422,0.0,9.689507,-0.793308,8.1966,3.0
7.27057807147503,16.5774,7.28678507171571,15.6858,0.0,16.67351,0.0,9.324974,-0.475675,10.9637,3.0
7.28678507171571,15.4424,7.30358387157321,15.0811,0.0,16.66453,0.0,11.06754,-0.492542,10.0734,3.0
7.30358387157321,17.9927,7.31918597128242,17.7596,0.0,16.67415,0.0,6.824008,-0.612209,9.7121,3.0
7.31918597128242,17.0403,7.33606787119061,15.2952,0.0,16.67679,0.0,12.18898,0.572124,9.4796,3.0
7.33606787119061,16.5407,7.35322557110339,18.4291,0.0,16.67581,0.0,9.844642,-0.300643,7.7346,3.0
7.35322557110339,16.9822,7.37007487099618,15.2327,0.0,16.67799,0.0,9.961809,0.31299,9.6231,3.0
7.37007487099618,16.554,7.3861399712041,17.4781,0.0,16.67711,0.0,10.06098,0.506523,7.8744,3.0
7.3861399712041,16.4644,7.40322887059301,15.4593,0.0,16.67563,0.0,8.496143,-0.354544,8.7987,3.0
7.40322887059301,17.0805,7.4197212709114,18.1359,0.0,16.67844,0.0,11.51251,-0.839411,7.7941,3.0
7.4197212709114,16.3122,7.43673317041248,15.4217,0.0,16.67591,0.0,7.081277,0.247222,8.8496,3.0
7.43673317041248,17.6899,7.45337617117912,18.41,0.0,16.68286,0.0,10.76894,-0.245345,7.9592,3.0
7.45337617117912,15.432,7.46981037128717,14.6973,0.0,16.67435,0.0,9.984311,-0.513212,8.68,3.0
7.46981037128717,17.1478,7.48827677126974,20.0935,0.0,16.67755,0.0,10.55708,-0.329279,7.9448,3.0
7.48827677126974,16.1391,7.50323497131467,13.3101,0.0,16.67393,0.0,10.98514,-0.420346,10.8914,3.0
7.50323497131467,17.1657,7.519550871104,17.4637,0.0,16.67721,0.0,9.709412,-0.738013,8.0624,3.0
7.519550871104,16.5356,7.53625597059727,15.6016,0.0,16.67627,0.0,9.532679,0.40102,8.3611,3.0
7.53625597059727,16.5295,7.5536813698709,19.0643,0.0,16.67531,0.0,11.53155,-0.319047,7.4271,3.0
7.5536813698709,16.4612,7.57045206986368,15.6169,0.0,16.67391,0.0,9.704013,-0.560214,9.9627,3.0
7.57045206986368,17.0639,7.58745837025344,17.9136,0.0,16.67644,0.0,10.01648,-0.478581,9.1184,3.0
7.58745837025344,16.0167,7.60327007062733,14.3037,0.0,16.67219,0.0,7.306347,-0.259048,9.9684,3.0
7.60327007062733,16.8444,7.62029627151787,18.4634,0.0,16.67329,0.0,11.27501,-0.868615,8.2558,3.0
7.62029627151787,17.295,7.63612957112491,14.6038,0.0,16.67725,0.0,9.716881,-0.406582,9.8754,3.0
7.63612957112491,17.0885,7.65434197150171,20.2038,0.0,16.67985,0.0,9.482048,-0.375049,7.1837,3.0
7.65434197150171,16.1373,7.67124497145414,14.7552,0.0,16.67644,0.0,11.56262,-0.284316,10.2999,3.0
7.67124497145414,16.8243,7.68586407136172,16.3738,0.0,16.67736,0.0,10.55648,-1.280583,8.918,3.0
7.68586407136172,16.4589,7.70340387057513,15.7769,0.0,16.67601,0.0,9.432049,-0.34675,8.4676,3.0
7.70340387057513,16.6378,7.72023337054998,18.5843,0.0,16.67577,0.0,10.04692,-0.552017,7.7857,3.0
7.72023337054998,16.6962,7.73750387039036,15.5226,0.0,16.6759,0.0,9.799383,-0.573984,9.733,3.0
7.73750387039036,17.26,7.75357727054507,17.8014,0.0,16.67946,0.0,10.78275,-0.360151,8.5588,3.0
7.75357727054507,15.8389,7.76962217036635,14.3399,0.0,16.67436,0.0,9.614717,-0.661418,9.101,3.0
7.76962217036635,17.901,7.78628267068416,18.1574,0.0,16.68175,0.0,11.64348,-0.940885,7.6019,3.0
7.78628267068416,15.7304,7.80433997046202,16.5394,0.0,16.67606,0.0,9.604451,0.959548,7.8594,3.0
7.80433997046202,17.0236,7.8198152706027,17.0714,0.0,16.67813,0.0,11.28492,0.751081,8.6685,3.0
7.8198152706027,17.3694,7.83554887026548,14.3236,0.0,16.68221,0.0,9.884685,-0.466886,8.7165,3.0
7.83554887026548,15.948,7.85408006981015,20.1857,0.0,16.6779,0.0,12.11415,-0.040653,5.67,3.0
7.85408006981015,16.1282,7.87019586935639,14.273,0.0,16.67468,0.0,6.896519,-0.12482,9.9091,3.0
7.87019586935639,17.1154,7.88701876997948,18.4367,0.0,16.67724,0.0,7.153686,0.188813,8.053,3.0
7.88701876997948,16.4688,7.90336037054658,14.695,0.0,16.67604,0.0,9.566953,-0.128954,9.3758,3.0
7.90336037054658,17.0522,7.91967227123678,17.886,0.0,16.6782,0.0,9.37722,-0.511321,7.6023,3.0
7.91967227123678,16.3898,7.93717267177999,15.8675,0.0,16.67655,0.0,11.34699,-0.593888,8.436,3.0
7.93717267177999,17.1547,7.95341787114739,17.8836,0.0,16.67927,0.0,9.196754,-1.281655,7.9141,3.0
7.95341787114739,15.9515,7.96965027041733,14.6299,0.0,16.67516,0.0,9.568621,0.156278,8.6438,3.0
7.96965027041733,16.8977,7.98640887066722,18.3784,0.0,16.67641,0.0,11.79029,1.112411,7.3222,3.0
7.98640887066722,16.8329,8.00355697050691,15.5423,0.0,16.67728,0.0,9.847755,-0.679756,8.8037,3.0
8.00355697050691,17.8153,8.01957957074046,17.6184,0.0,16.68361,0.0,12.35082,0.820077,7.513,3.0
8.01957957074046,15.6348,8.03712997026742,16.1525,0.0,16.67781,0.0,7.475989,1.28481,7.317,3.0
8.03712997026742,17.432,8.05328967049718,17.5696,0.0,16.68195,0.0,9.993256,-0.300557,7.8347,3.0
8.05328967049718,16.121,8.07011537067592,15.3479,0.0,16.67889,0.0,10.41882,0.257276,7.9719,3.0
8.07011537067592,17.2029,8.08747827075422,18.7365,0.0,16.68174,0.0,8.44569,-0.274291,7.1996,3.0
8.08747827075422,15.7824,8.10438857041299,15.3827,0.0,16.67687,0.0,9.794957,-1.311058,8.7335,3.0
8.10438857041299,16.7377,8.11991447024047,17.1856,0.0,16.6772,0.0,9.473024,-0.750925,8.334,3.0
8.11991447024047,17.0006,8.13812497071922,16.6223,0.0,16.67893,0.0,9.161691,0.643308,8.782,3.0
8.13812497071922,16.9906,8.15438497066498,17.5769,0.0,16.68059,0.0,9.671358,0.106941,8.4039,3.0
8.15438497066498,15.9413,8.17046277038753,14.8071,0.0,16.67668,0.0,12.74673,-0.301226,8.9915,3.0
8.17046277038753,17.8162,8.18781157024205,19.1906,0.0,16.68267,0.0,10.21679,-0.455993,7.8571,3.0
8.18781157024205,16.3076,8.20467646978796,15.0361,0.0,16.68071,0.0,10.43246,0.30794,9.232,3.0
8.20467646978796,16.0918,8.22120987065136,18.0754,0.0,16.67764,0.0,9.411726,-0.914527,7.9598,3.0
8.22120987065136,16.9999,8.23739777132869,14.6613,0.0,16.67931,0.0,9.230693,-0.472594,9.9447,3.0
8.23739777132869,16.3403,8.25313307158649,17.4036,0.0,16.67757,0.0,10.05716,-0.451461,7.6062,3.0
8.25313307158649,16.9251,8.27062507160008,15.7253,0.0,16.67884,0.0,8.861827,-0.699728,8.6696,3.0
8.27062507160008,16.9954,8.28739017248154,18.4135,0.0,16.68045,0.0,10.59449,1.263205,7.4707,3.0
8.28739017248154,15.6243,8.30428507179022,15.3084,0.0,16.67509,0.0,9.438261,0.128738,8.8894,3.0
8.30428507179022,18.2458,8.320327071473,17.6149,0.0,16.68302,0.0,11.66093,-0.646829,8.574,3.0
8.320327071473,16.0032,8.33716507069767,15.1398,0.0,16.67961,0.0,9.654795,-1.123996,7.9431,3.0
8.33716507069767,16.6898,8.35452547110617,18.8755,0.0,16.67966,0.0,6.217762,-0.465063,7.08,3.0
8.35452547110617,16.5153,8.37116557173431,15.1329,0.0,16.67884,0.0,9.187129,-0.91123,9.2659,3.0
8.37116557173431,17.0231,8.38736707158387,17.8591,0.0,16.68054,0.0,11.9145,-0.638997,7.884,3.0
8.38736707158387,15.2931,8.40479327179492,15.9224,0.0,16.67371,0.0,10.54506,-1.028864,8.7208,3.0
8.40479327179492,17.5645,8.42136857099831,18.2562,0.0,16.67808,0.0,11.42723,-0.558231,9.349,3.0
8.42136857099831,16.803,8.43654077127576,13.5198,0.0,16.67868,0.0,10.6814,0.888002,10.0421,3.0
8.43654077127576,16.317,8.45349197089672,18.6976,0.0,16.67693,0.0,9.893064,-0.378865,6.7583,3.0
8.45349197089672,16.1944,8.46980587020516,16.4072,0.0,16.6746,0.0,10.67463,0.134668,9.1402,3.0
8.46980587020516,16.6593,8.48768977075815,16.0653,0.0,16.67452,0.0,10.0252,-0.814199,9.352,3.0
8.48768977075815,17.3241,8.50577907077968,20.1613,0.0,16.67763,0.0,8.389765,0.474734,8.7588,3.0
8.50577907077968,16.7503,8.52070997096598,12.7142,0.0,16.67798,0.0,9.711632,-0.747633,11.5968,3.0
8.52070997096598,16.7227,8.53758547082543,18.5444,0.0,16.67819,0.0,10.995,-0.3228,7.5608,3.0
8.53758547082543,16.7223,8.55487817153335,15.8013,0.0,16.6784,0.0,12.02317,-0.305567,9.3824,3.0
8.55487817153335,16.7041,8.57226717099547,19.2596,0.0,16.67852,0.0,8.702233,-0.670634,8.4619,3.0
8.57226717099547,16.1477,8.58784047141671,15.4569,0.0,16.67604,0.0,10.1229,-1.671501,11.0177,3.0
8.58784047141671,15.8558,8.60447347164154,14.6607,0.0,16.67222,0.0,9.676167,-0.821268,10.3273,3.0
8.60447347164154,18.1669,8.61961417179555,16.6547,0.0,16.67914,0.0,11.37533,-0.891335,9.1325,3.0
8.61961417179555,15.849,8.63738307263702,18.1135,0.0,16.67532,0.0,9.946101,-0.184102,7.6216,3.0
8.63738307263702,16.6536,8.65497647318989,16.197,0.0,16.67522,0.0,10.93877,-0.479369,9.8856,3.0
8.65497647318989,17.7232,8.66966397315264,15.529,0.0,16.68,0.0,10.06824,-0.092936,9.4291,3.0
8.66966397315264,16.2888,8.68749577365816,16.5342,0.0,16.67823,0.0,10.1964,-0.663303,7.2359,3.0
8.68749577365816,16.9172,8.70435337349772,18.0457,0.0,16.67931,0.0,5.539569,0.48953,7.482,3.0
8.70435337349772,15.7344,8.72000807337463,14.4664,0.0,16.67505,0.0,9.248536,-0.045437,8.6109,3.0
8.72000807337463,17.0988,8.73881657421589,20.7497,0.0,16.67695,0.0,11.2806,-0.104604,7.342,3.0
8.73881657421589,15.6941,8.75466797500849,13.9419,0.0,16.67256,0.0,10.12157,-0.733871,10.9941,3.0
8.75466797500849,17.1953,8.77067987434566,17.5822,0.0,16.67489,0.0,9.072737,-0.183838,9.2425,3.0
8.77067987434566,16.426,8.78839547373354,16.1972,0.0,16.67378,0.0,9.323304,0.093695,9.6295,3.0
8.78839547373354,16.7525,8.80411447398365,17.1982,0.0,16.67413,0.0,9.798271,0.301028,9.4012,3.0
8.80411447398365,16.9569,8.82025517337024,14.6299,0.0,16.67537,0.0,10.34204,-0.217239,9.8477,3.0
8.82025517337024,16.2473,8.83759037405252,19.4554,0.0,16.6735,0.0,11.5528,0.272894,7.5209,3.0
8.83759037405252,16.2377,8.85347727313638,13.949,0.0,16.67161,0.0,9.048772,-0.633673,10.7294,3.0
8.85347727313638,17.2707,8.87167857401073,19.4681,0.0,16.6742,0.0,8.906539,-0.17694,8.4406,3.0
8.87167857401073,16.6419,8.88704907428473,13.9412,0.0,16.67406,0.0,11.44411,1.085593,10.6381,3.0
8.88704907428473,16.4243,8.90552937518805,20.2553,0.0,16.67299,0.0,9.443473,0.270826,7.9384,3.0
8.90552937518805,16.7701,8.92123027611524,13.8337,0.0,16.6734,0.0,10.19594,-0.350641,11.7695,3.0
8.92123027611524,17.2786,8.93772397655994,18.348,0.0,16.67598,0.0,9.582307,-0.302308,8.8334,3.0
8.93772397655994,16.8491,8.95460247714072,15.0368,0.0,16.67671,0.0,10.31697,-0.707175,9.9034,3.0
8.95460247714072,17.0906,8.96974337752908,16.5841,0.0,16.67846,0.0,9.434641,-0.298942,8.0918,3.0
8.96974337752908,16.6484,8.98703567776829,15.8214,0.0,16.67833,0.0,9.635508,-0.636309,7.5862,3.0
8.98703567776829,16.5429,9.00496207829565,19.1252,0.0,16.67777,0.0,9.609275,-0.645076,6.759,3.0
9.00496207829565,16.7299,9.02148327883333,15.456,0.0,16.67798,0.0,9.982442,-0.243643,9.3412,3.0
9.02148327883333,16.9876,9.03760957811028,18.0704,0.0,16.67927,0.0,9.863309,-1.02331,8.0676,3.0
9.03760957811028,16.5298,9.05419427808374,14.8332,0.0,16.67865,0.0,9.968076,0.472423,9.1513,3.0
9.05419427808374,16.3706,9.07226107735187,19.3504,0.0,16.67738,0.0,11.81234,-0.558344,7.4549,3.0
9.07226107735187,15.0208,9.0900749778375,16.196,0.0,16.6706,0.0,9.80481,0.024689,10.435,3.0
9.0900749778375,18.8739,9.10423667822033,14.3068,0.0,16.67959,0.0,10.23558,-0.878078,11.6097,3.0
9.10423667822033,16.73,9.12241467740387,19.8305,0.0,16.67979,0.0,8.973044,0.017555,7.0444,3.0
9.12241467740387,17.005,9.13765427749604,13.5242,0.0,16.68111,0.0,9.872611,-0.100412,10.1455,3.0
9.13765427749604,17.3348,9.15429627802223,17.9944,0.0,16.68374,0.0,9.506678,0.369821,6.6644,3.0
9.17050797771662,20.8208,9.18763257842511,31.9914,0.0,16.70036,0.0,12.34865,-0.071146,7.3238,3.0
9.17050797771662,11.7939,9.20411527808756,17.7944,0.0,16.68073,1.0,9.492212,0.063387,18.4949,3.0
9.18763257842511,16.1762,9.22227057721466,16.7692,1.0,16.67872,1.0,9.292979,0.44612,24.4964,3.0
9.20411527808756,16.495,9.23793417681009,17.375,1.0,16.678,1.0,10.92905,-1.079547,25.0891,3.0
9.22227057721466,17.0887,9.2553280768916,15.9609,1.0,16.67962,1.0,9.476013,0.023086,25.9583,3.0
9.23793417681009,16.7595,9.27241097670048,18.7322,1.0,16.67993,1.0,9.23548,0.519419,24.8424,3.0
9.2553280768916,16.7743,9.28750037681311,13.208,1.0,16.6803,1.0,8.918347,-0.706248,26.815,3.0
9.27241097670048,16.2872,9.30469097662717,18.7088,1.0,16.67877,1.0,10.76041,0.317885,23.2494,3.0
9.28750037681311,17.5376,9.32117777597159,16.6095,1.0,16.68211,1.0,9.115981,-0.681482,25.6695,3.0
9.30469097662717,15.6735,9.33824877534062,15.4215,1.0,16.6782,1.0,8.925648,0.071051,24.741,3.0
9.32117777597159,17.1193,9.35428377520293,17.6456,1.0,16.6799,1.0,10.29101,0.161784,24.4951,3.0
9.33824877534062,16.6506,9.3721664743498,16.5283,1.0,16.67979,1.0,10.75558,-0.299783,25.0179,3.0
9.35428377520293,16.3287,9.38824507500976,17.2495,1.0,16.67845,1.0,10.16015,-0.08875,24.9002,3.0
9.3721664743498,17.0262,9.40436077583581,14.7185,1.0,16.67977,1.0,11.31372,-1.007417,25.8208,3.0
9.38824507500976,16.6114,9.42078647669405,17.6724,1.0,16.67951,1.0,9.358083,-0.559084,23.5138,3.0
9.40436077583581,16.9317,9.43837227579206,16.4277,1.0,16.68047,1.0,9.73145,-0.785051,24.5749,3.0
9.42078647669405,15.4443,9.45455427560955,18.1638,1.0,16.6758,1.0,9.803917,0.372582,24.0712,3.0
9.43837227579206,17.6675,9.47254107613117,16.0586,1.0,16.67953,1.0,10.84428,0.578215,26.7915,3.0
9.45455427560955,16.0357,9.4876455757767,16.7822,1.0,16.67712,1.0,10.33855,0.641548,25.1831,3.0
9.47254107613117,16.4275,9.50404567644,14.4847,1.0,16.67619,1.0,12.29542,-0.673519,25.9297,3.0
9.4876455757767,16.0922,9.52109357714653,19.023,1.0,16.67402,1.0,9.260085,-0.267486,23.9868,3.0
9.50404567644,16.7496,9.53812997788191,15.1106,1.0,16.6743,1.0,8.645852,0.152047,26.9187,3.0
9.52109357714653,16.5848,9.55542357824743,19.0147,1.0,16.67397,1.0,8.907119,-0.11692,25.2799,3.0
9.53812997788191,17.0867,9.57145547866821,14.485,1.0,16.67548,1.0,12.12969,-0.062387,27.7105,3.0
9.55542357824743,16.0944,9.5875813793391,17.4003,1.0,16.67336,1.0,10.04665,-0.306554,25.1093,3.0
9.57145547866821,17.4868,9.60457307845354,15.6434,1.0,16.67632,1.0,9.54802,-0.797321,26.4156,3.0
9.5875813793391,15.8271,9.62083727866411,18.0057,1.0,16.67324,1.0,11.32119,0.127112,24.5722,3.0
9.60457307845354,17.6281,9.63820347934961,15.8759,1.0,16.6767,1.0,9.667254,0.286045,26.7513,3.0
9.62083727866411,16.6854,9.65431037917733,17.5762,1.0,16.67673,1.0,11.77882,-0.692722,24.9993,3.0
9.63820347934961,16.3225,9.67074597999454,14.6433,1.0,16.67545,1.0,10.48529,0.414711,25.8908,3.0
9.65431037917733,15.972,9.68953308090568,20.5206,1.0,16.67293,1.0,9.289855,-1.076456,24.212,3.0
9.67074597999454,17.2247,9.70512238051742,13.7439,1.0,16.6749,1.0,11.27002,0.962677,28.7611,3.0
9.68953308090568,16.4507,9.72067908011377,17.3981,1.0,16.6741,1.0,10.18499,0.58561,25.2803,3.0
9.70512238051742,17.4625,9.73835808038712,15.8244,1.0,16.6769,1.0,9.208456,1.946443,26.2286,3.0
9.72067908011377,15.9413,9.75523827970028,18.875,1.0,16.6743,1.0,10.61472,0.165676,24.5907,3.0
9.73835808038712,17.3146,9.77101187966764,13.8741,1.0,16.67656,1.0,10.37019,0.558109,27.5291,3.0
9.75523827970028,15.8976,9.78815557993948,18.8228,1.0,16.67382,1.0,9.050757,-0.604258,24.0888,3.0
9.77101187966764,17.5186,9.80510728061199,15.3513,1.0,16.67678,1.0,9.380524,-0.162325,27.0147,3.0
9.78815557993948,16.2292,9.82196398079395,18.6381,1.0,16.67522,1.0,9.349091,-0.327392,24.8475,3.0
9.80510728061199,17.7243,9.83837008103728,14.7003,1.0,16.67886,1.0,8.538658,-0.723659,27.2566,3.0
9.82196398079395,15.9262,9.85409008152783,17.5269,1.0,16.67625,1.0,12.05122,-0.498826,24.2327,3.0
9.83837008103728,16.8986,9.87253228202462,16.7398,1.0,16.67702,1.0,9.728792,0.414507,25.8342,3.0
9.85409008152783,16.2204,9.88843158259988,17.6128,1.0,16.67545,1.0,9.952259,-0.50856,25.6753,3.0
9.87253228202462,16.9336,9.90557428263128,15.2212,1.0,16.67634,1.0,10.42523,-1.231127,27.0512,3.0
9.88843158259988,16.8589,9.92130538262427,17.4605,1.0,16.67696,1.0,10.10759,-0.592994,25.3559,3.0
9.90557428263128,17.0135,9.93862218223512,15.4622,1.0,16.6781,1.0,8.85356,-0.540361,25.9576,3.0
9.92130538262427,15.5282,9.95522918179631,18.0743,1.0,16.67421,1.0,11.86463,0.018272,24.4066,3.0
9.93862218223512,17.6264,9.97119018249214,14.5333,1.0,16.67742,1.0,10.77939,0.292072,26.9533,3.0
9.95522918179631,15.8799,9.9884032830596,18.9073,1.0,16.67474,1.0,16.79716,-0.694728,23.8609,3.0
9.97119018249214,16.875,10.0051311831921,15.0159,1.0,16.67541,1.0,10.02273,0.249506,26.8881,3.0
9.9884032830596,17.2858,10.0230794828385,19.7733,1.0,16.67745,1.0,11.87663,-0.100644,25.0297,3.0
10.0051311831921,16.9331,10.038082882762,13.3309,1.0,16.6783,1.0,9.364528,-0.463564,27.5179,3.0
10.0230794828385,16.2184,10.054583882913,18.0073,1.0,16.67678,1.0,12.46039,-0.413897,23.9158,3.0
10.038082882762,16.9749,10.072082683444,16.0174,1.0,16.67776,1.0,9.747144,0.076546,25.7053,3.0
10.054583882913,16.3267,10.0893477834761,18.8667,1.0,16.6766,1.0,11.61656,-1.133041,24.7479,3.0
10.072082683444,17.2403,10.1048488831148,13.6986,1.0,16.67846,1.0,10.4636,-0.203174,27.2884,3.0
10.0893477834761,16.41,10.1222035838291,19.044,1.0,16.67758,1.0,11.88245,-0.219884,23.7473,3.0
10.1048488831148,15.9373,10.1393788838759,15.5482,1.0,16.67516,1.0,9.699841,0.076235,26.3818,3.0
10.1222035838291,16.5297,10.1549181835726,17.1639,1.0,16.67468,1.0,12.57517,-0.807223,25.9929,3.0
10.1393788838759,16.914,10.1710062837228,14.4915,1.0,16.67546,1.0,10.37898,-0.727453,26.6273,3.0
10.1549181835726,16.7569,10.1891600834206,19.7897,1.0,16.67573,1.0,12.06386,0.127297,24.2048,3.0
10.1710062837228,17.0292,10.2055486841127,14.6812,1.0,16.67687,1.0,10.33492,-0.162269,27.2383,3.0
10.1891600834206,16.1825,10.2210363838822,16.9166,1.0,16.67528,1.0,12.51055,0.434019,24.8836,3.0
10.2055486841127,16.9344,10.2380331847817,15.6333,1.0,16.67611,1.0,11.1532,0.461996,25.6248,3.0
10.2210363838822,16.6667,10.2546486854553,18.5452,1.0,16.67608,1.0,11.63677,-0.585276,24.3244,3.0
10.2380331847817,17.0862,10.2710704859346,14.5462,1.0,16.67738,1.0,10.32198,-0.799097,26.2031,3.0
10.2546486854553,18.0172,10.2882731854916,18.7173,1.0,16.68164,1.0,11.2886,-0.435987,23.6638,3.0
10.2710704859346,16.8023,10.3051025848836,15.3056,1.0,16.68202,1.0,9.488276,0.57328,24.364,3.0
10.2882731854916,16.3035,10.3223176840693,18.8326,1.0,16.68082,1.0,12.4793,0.33708,22.8679,3.0
10.3051025848836,16.7306,10.3387159835547,14.6773,1.0,16.68098,1.0,10.98449,0.69488,25.3973,3.0
10.3223176840693,16.5906,10.3553608842194,18.2238,1.0,16.6807,1.0,12.23052,-0.679499,23.3441,3.0
10.3387159835547,17.0285,10.3723096847534,15.3806,1.0,16.68179,1.0,9.30242,-0.872959,24.9777,3.0
10.3553608842194,16.4582,10.3878534846008,16.7624,1.0,16.68109,1.0,11.58952,-1.062201,23.3299,3.0
10.3723096847534,17.0859,10.404768884182,15.6579,1.0,16.68234,1.0,9.062499,-0.621734,23.6349,3.0
10.3878534846008,15.229,10.4207906834781,17.7887,1.0,16.67785,1.0,12.54356,-0.036116,22.2073,3.0
10.404768884182,16.2923,10.4377436842769,15.2563,1.0,16.67666,1.0,10.9857,0.99405,24.7674,3.0
10.4207906834781,17.0332,10.4561176840216,20.4061,1.0,16.67775,1.0,10.91173,-0.64517,23.7312,3.0
10.4377436842769,15.7258,10.4722028840333,14.1016,1.0,16.67483,1.0,12.34472,-0.657408,27.105,3.0
10.4561176840216,16.3599,10.4875655844808,16.8422,1.0,16.67387,1.0,9.93965,0.112567,25.4808,3.0
10.4722028840333,17.4761,10.5065032839775,17.4702,1.0,16.67632,1.0,8.81617,1.243419,25.9638,3.0
10.4875655844808,16.0721,10.5210559843108,16.2903,1.0,16.67448,1.0,12.57971,-0.471886,25.9581,3.0
10.5065032839775,17.2206,10.5394076844677,16.7212,1.0,16.67613,1.0,10.68943,-0.748463,26.1762,3.0
10.5210559843108,16.2234,10.5550492843613,17.1172,1.0,16.67477,1.0,9.480781,-0.666604,25.6775,3.0
10.5394076844677,17.3393,10.5711938841268,14.5041,1.0,16.67677,1.0,10.43419,0.182383,26.5719,3.0
10.5550492843613,15.9717,10.5897124847397,18.5413,1.0,16.67465,1.0,10.68106,0.371633,23.7366,3.0
10.5711938841268,17.2004,10.606452784501,18.5295,1.0,16.67622,1.0,10.7181,1.522026,26.2943,3.0
10.5897124847397,16.7954,10.6221363851801,13.9183,1.0,16.67658,1.0,12.28602,0.693256,27.636,3.0
10.606452784501,17.0281,10.6393087850884,18.8739,1.0,16.67763,1.0,9.676067,-0.852892,24.7588,3.0
10.6221363851801,16.5173,10.6545082852244,13.7012,1.0,16.67715,1.0,9.300074,-1.454851,26.6053,3.0
10.6393087850884,16.7762,10.6721580848098,19.1786,1.0,16.67744,1.0,10.21124,-0.430906,23.7891,3.0
10.6545082852244,17.1874,10.6890436839312,15.0736,1.0,16.67895,1.0,9.316192,0.142324,26.1921,3.0
10.6721580848098,15.9109,10.7050483841449,17.4371,1.0,16.67669,1.0,12.74645,1.350251,24.0785,3.0
10.6890436839312,17.2205,10.7219971846789,15.5651,1.0,16.67828,1.0,11.81621,0.601043,25.6049,3.0
10.7050483841449,15.5149,10.739537185058,19.0727,1.0,16.67488,1.0,10.35498,-0.663612,23.9501,3.0
10.7219971846789,17.4287,10.7551593855023,14.0309,1.0,16.67708,1.0,11.48615,-0.182005,27.5077,3.0
10.739537185058,16.7413,10.7722311858088,18.8977,1.0,16.67727,1.0,8.179357,0.415236,24.1105,3.0
10.7551593855023,16.66,10.7886659856886,14.7109,1.0,16.67722,1.0,11.30251,-0.767906,26.2668,3.0
10.7722311858088,16.1834,10.8075073864311,20.4515,1.0,16.67579,1.0,11.1046,-0.871866,24.318,3.0
10.7886659856886,17.4638,10.8225156860426,13.3834,1.0,16.67806,1.0,12.03136,0.543859,28.5863,3.0
10.8075073864311,15.9486,10.8385867858306,17.7203,1.0,16.67596,1.0,9.677806,-0.096635,24.5065,3.0
10.8225156860426,16.7787,10.855171286501,15.1137,1.0,16.67626,1.0,12.69107,-0.696329,26.2781,3.0
10.8385867858306,16.9182,10.8723870860413,18.6353,1.0,16.67695,1.0,11.11624,-0.650581,24.6138,3.0
10.855171286501,17.0513,10.8893670858815,15.33,1.0,16.67802,1.0,9.084035,-0.023234,26.3313,3.0
10.8723870860413,16.2334,10.905046585016,17.2903,1.0,16.67675,1.0,11.80953,-0.116469,24.6101,3.0
10.8893670858815,16.8775,10.9221358848736,15.4291,1.0,16.67732,1.0,10.69268,-0.11331,25.6673,3.0
10.905046585016,16.4106,10.9388016844168,18.3956,1.0,16.67657,1.0,12.58473,-0.726306,24.2197,3.0
10.9221358848736,17.4891,10.9563660835847,15.8266,1.0,16.67886,1.0,10.07457,-1.017826,26.205,3.0
10.9388016844168,15.8128,10.9723653839901,17.6309,1.0,16.67642,1.0,10.29751,0.236263,24.5428,3.0
10.9563660835847,17.5749,10.9891600841656,15.2289,1.0,16.67894,1.0,9.697806,0.369055,26.3608,3.0
10.9723653839901,15.8767,11.0060484847054,18.536,1.0,16.6767,1.0,10.98113,0.227633,24.0156,3.0
10.9891600841656,16.9597,11.0231355847791,15.6716,1.0,16.67749,1.0,12.54114,-0.677974,26.6748,3.0
11.0060484847054,16.5627,11.0392410838977,17.632,1.0,16.67717,1.0,10.08025,-0.883423,25.3869,3.0
11.0231355847791,16.8604,11.0567329833284,16.0451,1.0,16.67768,1.0,11.44707,-0.70783,26.4569,3.0
11.0392410838977,16.2569,11.0724867833778,17.201,1.0,16.67652,1.0,9.942774,-0.852031,25.6417,3.0
11.0567329833284,17.2093,11.0887842839584,14.4609,1.0,16.67798,1.0,12.57632,-1.081347,26.586,3.0
11.0724867833778,16.724,11.1052951840684,18.2144,1.0,16.67811,1.0,11.38343,-0.729945,23.8384,3.0
11.0887842839584,16.7648,11.1221159836277,15.2706,1.0,16.67835,1.0,12.57153,0.664075,25.3289,3.0
11.1052951840684,15.8204,11.1393342828378,18.6835,1.0,16.676,1.0,10.84195,0.446906,23.8349,3.0
11.1221159836277,18.0015,11.1557315820828,14.8308,1.0,16.67961,1.0,12.91584,0.185794,26.6988,3.0
11.1393342828378,15.4264,11.172372081317,18.1764,1.0,16.67621,1.0,11.02763,-0.571656,23.5281,3.0
11.1557315820828,17.2741,11.1885065818205,14.514,1.0,16.67783,1.0,11.10209,-0.038973,26.2785,3.0
11.172372081317,16.0879,11.2054133815691,18.2562,1.0,16.67623,1.0,9.752806,-1.178831,23.5188,3.0
11.1885065818205,17.2477,11.2239981824532,17.9049,1.0,16.67777,1.0,9.481056,0.624281,25.6871,3.0
11.2054133815691,16.3743,11.2399913826957,16.9357,1.0,16.67696,1.0,12.32827,-0.432448,26.3445,3.0
11.2239981824532,17.2944,11.2550273826346,13.8341,1.0,16.67861,1.0,9.928231,-0.772086,26.9063,3.0
11.2399913826957,15.5683,11.272211282514,18.5018,1.0,16.67565,1.0,13.00802,-0.691225,23.4464,3.0
11.2550273826346,17.6814,11.2908514821902,17.075,1.0,16.67833,1.0,9.377148,-0.119057,26.3802,3.0
11.272211282514,15.9752,11.3062808820978,16.8054,1.0,16.67646,1.0,12.00839,0.602236,25.7742,3.0
11.2908514821902,16.9711,11.322547682561,14.7724,1.0,16.67724,1.0,10.63113,0.088579,26.6046,3.0
11.3062808820978,16.6042,11.3397927833721,18.8685,1.0,16.67705,1.0,12.49096,-0.503976,24.4066,3.0
11.322547682561,17.0672,11.3555974839255,14.2181,1.0,16.67808,1.0,10.24986,-0.052828,26.6708,3.0
11.3397927833721,16.0992,11.3721669847146,17.9493,1.0,16.67655,1.0,11.18742,-0.859285,23.8224,3.0
11.3555974839255,17.0105,11.3891624854878,15.6569,1.0,16.67743,1.0,9.823276,-0.546662,25.6726,3.0
11.3721669847146,16.4722,11.4064617855474,18.9012,1.0,16.67689,1.0,12.33773,1.028342,24.3192,3.0
11.3891624854878,17.329,11.4234770862386,15.3917,1.0,16.67859,1.0,9.913485,0.080695,26.7484,3.0
11.4064617855474,16.162,11.4397463863716,17.9294,1.0,16.67725,1.0,12.55656,2.074962,24.8118,3.0
11.4234770862386,17.7467,11.4563040854409,15.0966,1.0,16.68003,1.0,10.68726,-0.135692,26.5794,3.0
11.4397463863716,15.3744,11.4720971854404,17.1475,1.0,16.67664,1.0,10.75111,0.196316,23.9297,3.0
11.4563040854409,17.0265,11.490052386187,16.4391,1.0,16.67755,1.0,10.08614,-0.251447,25.7031,3.0
11.4720971854404,15.9869,11.5058248853311,17.4697,1.0,16.67577,1.0,9.688192,-1.045716,25.116,3.0
11.490052386187,17.7068,11.5224351854995,14.9769,1.0,16.67842,1.0,10.06698,0.087636,26.5991,3.0
11.5058248853311,16.5532,11.5391941862181,18.3358,1.0,16.6781,1.0,11.66235,-1.089189,23.8698,3.0
11.5224351854995,16.65,11.5561729865149,15.318,1.0,16.67802,1.0,9.999116,-0.770862,25.6523,3.0
11.5391941862181,16.7388,11.5731054870412,18.3599,1.0,16.67818,1.0,12.75496,-0.924836,24.3206,3.0
11.5561729865149,16.918,11.5898528872058,15.2424,1.0,16.67879,1.0,9.899689,-0.14216,25.9424,3.0
11.5731054870412,15.8999,11.6064266869798,18.1721,1.0,16.67681,1.0,12.83026,-0.10032,24.2671,3.0
11.5898528872058,17.4119,11.6230779876933,15.1239,1.0,16.67867,1.0,10.64324,0.438727,26.5396,3.0
11.6064266869798,17.0905,11.6387185873464,17.5375,1.0,16.67971,1.0,12.54496,-1.056884,24.2517,3.0
11.6230779876933,15.8017,11.6571915866807,16.8668,1.0,16.6775,1.0,10.33322,-0.170034,24.6991,3.0
11.6387185873464,16.6695,11.6732946867123,17.3906,1.0,16.67748,1.0,12.06217,-0.335858,25.7644,3.0
11.6571915866807,17.209,11.6901963865384,15.2785,1.0,16.67882,1.0,9.488484,-0.268334,26.4861,3.0
11.6732946867123,16.0128,11.7061208868399,17.6194,1.0,16.67715,1.0,12.97053,-0.439046,24.5557,3.0
11.6901963865384,17.1137,11.7231140872464,15.2542,1.0,16.67824,1.0,10.17846,0.669621,26.1629,3.0
11.7061208868399,16.0719,11.7389307869598,17.5478,1.0,16.67673,1.0,12.18893,-0.506061,24.3037,3.0
11.7231140872464,17.3652,11.7565133860335,15.9522,1.0,16.67844,1.0,10.19435,-0.454505,25.7795,3.0
11.7389307869598,15.703,11.7722416864708,17.2459,1.0,16.67602,1.0,12.30228,-0.069806,24.3672,3.0
11.7565133860335,17.5467,11.7902088863775,16.3556,1.0,16.67817,1.0,8.857661,-1.20135,25.9106,3.0
11.7722416864708,16.2758,11.8058475861326,17.3118,1.0,16.67718,1.0,12.2177,-0.211597,24.7198,3.0
11.7902088863775,17.4839,11.8223764868453,14.8842,1.0,16.67916,1.0,10.55331,-0.760634,25.7561,3.0
11.8058475861326,15.9593,11.8392402874306,18.3166,1.0,16.6774,1.0,11.75395,-1.09413,23.1566,3.0
11.8223764868453,17.0944,11.856573686935,16.0879,1.0,16.67842,1.0,11.2724,0.857063,25.514,3.0
11.8392402874306,16.5391,11.8733669864014,18.4969,1.0,16.67808,1.0,11.91073,-0.117104,24.508,3.0
11.856573686935,16.5683,11.8885374860838,13.3186,1.0,16.67781,1.0,10.66613,1.367048,26.4656,3.0
11.8733669864014,16.2414,11.9062273865566,19.1835,1.0,16.67675,1.0,13.01614,0.393049,23.2165,3.0
11.8885374860838,17.0647,11.9233450861648,15.5461,1.0,16.67769,1.0,9.329604,-0.076662,26.1588,3.0
11.9062273865566,16.7131,11.9394820863381,17.7545,1.0,16.67778,1.0,12.06085,-0.324005,24.6408,3.0
11.9233450861648,16.7682,11.95625678543,15.2125,1.0,16.678,1.0,8.139251,-0.287928,25.6824,3.0
11.9394820863381,16.1836,11.9731769850478,18.7242,1.0,16.67681,1.0,11.43006,0.362819,24.1271,3.0
11.95625678543,17.7521,11.9899652851745,15.0344,1.0,16.67939,1.0,10.46531,-0.161641,26.6681,3.0
11.9731769850478,16.1159,12.0055547850206,17.1397,1.0,16.67804,1.0,12.20793,-1.003449,23.9511,3.0
11.9899652851745,16.6106,12.023418285884,16.2017,1.0,16.67788,1.0,10.34838,-0.158853,24.9751,3.0
12.0055547850206,16.8607,12.039294286631,17.5183,1.0,16.67831,1.0,9.504741,-0.451787,24.5662,3.0
12.023418285884,16.2773,12.0600570859388,19.4451,1.0,16.67736,1.0,11.95595,0.381727,25.2243,3.0
12.039294286631,15.251,12.073445986025,13.0564,1.0,16.67398,1.0,11.24255,-0.038836,28.3924,3.0
12.0600570859388,18.3901,12.0885206861421,16.7136,1.0,16.67804,1.0,11.97729,0.544539,26.1972,3.0
12.073445986025,16.6472,12.1063470868394,16.2848,1.0,16.67797,1.0,10.42847,-0.566762,24.5212,3.0
12.0885206861421,16.5638,12.1232517873868,18.4528,1.0,16.6777,1.0,11.38024,-0.165528,24.1594,3.0
12.1063470868394,17.0081,12.1400627875701,15.2448,1.0,16.67847,1.0,10.46886,0.246682,26.0493,3.0
12.1232517873868,16.0689,12.1562670869753,18.0365,1.0,16.67704,1.0,11.34886,-1.198326,24.286,3.0
12.1400627875701,17.7863,12.1753786867484,17.4324,1.0,16.67964,1.0,10.75733,-0.184346,26.2542,3.0
12.1562670869753,14.0718,12.1895454870537,15.8747,1.0,16.67356,1.0,10.09692,0.414727,25.9001,3.0
12.1753786867484,18.6273,12.2063904879615,14.9824,1.0,16.6781,1.0,11.56403,0.032402,27.7031,3.0
12.1895454870537,14.7917,12.2231512879953,18.4955,1.0,16.67372,1.0,11.11695,0.155789,24.059,3.0
12.2063904879615,19.7958,12.2397314878181,14.9951,1.0,16.68095,1.0,12.06747,-0.898138,27.7624,3.0
12.2231512879953,15.9174,12.2570624882355,19.5159,1.0,16.67919,1.0,9.215998,-0.74929,22.9627,3.0
12.2397314878181,16.9954,12.2734807888046,14.1537,1.0,16.67992,1.0,10.20591,-0.220276,26.5617,3.0
12.2570624882355,16.2814,12.2893269890919,17.3821,1.0,16.679,1.0,11.79344,-0.08069,23.7204,3.0
12.2734807888046,16.9692,12.3068934893236,16.0043,1.0,16.67967,1.0,10.70229,-0.644277,24.8213,3.0
12.2893269890919,16.4828,12.3234279891476,17.7323,1.0,16.67921,1.0,12.09028,-0.244791,23.8566,3.0
12.3068934893236,18.1906,12.3391341893002,15.315,1.0,16.68267,1.0,10.33379,-0.438617,25.1064,3.0
12.3234279891476,15.7551,12.3574438886717,19.8406,1.0,16.68055,1.0,11.78328,-0.093755,22.2306,3.0
12.3391341893002,16.7835,12.3735077893361,14.1627,1.0,16.68079,1.0,10.98049,-0.140067,26.3165,3.0
12.3574438886717,16.5476,12.3900444889441,18.0152,1.0,16.68048,1.0,12.19972,-0.386124,23.6965,3.0
12.3735077893361,16.8945,12.4083657888696,16.6156,1.0,16.68097,1.0,10.74045,1.402528,25.1642,3.0
12.3900444889441,15.8521,12.4236144889146,16.8472,1.0,16.6791,1.0,11.99917,-0.302319,24.8855,3.0
12.4083657888696,17.2796,12.4405180886388,15.3327,1.0,16.68045,1.0,10.26972,-0.713852,25.8687,3.0
12.4236144889146,17.2731,12.4564976878464,17.8816,1.0,16.68178,1.0,12.24957,-0.642064,23.9352,3.0
12.4405180886388,16.0129,12.4742352869362,15.6225,1.0,16.68028,1.0,8.829819,0.093362,24.5441,3.0
12.4564976878464,16.1192,12.4914200864732,18.4439,1.0,16.67903,1.0,12.19885,0.199554,24.1535,3.0
12.4742352869362,17.4243,12.5074588861316,14.7282,1.0,16.68069,1.0,11.41176,0.520745,26.4791,3.0
12.4914200864732,14.2792,12.5231286864728,16.9075,1.0,16.67534,1.0,12.48854,-0.311696,23.7835,3.0
12.5074588861316,18.5789,12.5404976867139,16.1921,1.0,16.67957,1.0,10.09705,0.039619,26.4116,3.0
12.5231286864728,16.1365,12.5567340869457,17.7581,1.0,16.67837,1.0,11.15415,-0.83057,24.0258,3.0
12.5404976867139,17.5066,12.5733114872128,15.5459,1.0,16.6802,1.0,9.918796,0.710581,25.6477,3.0
12.5567340869457,15.591,12.5895083863288,17.4114,1.0,16.6778,1.0,12.28978,0.97793,23.6873,3.0
12.5733114872128,17.7119,12.6073546856642,16.1207,1.0,16.68007,1.0,10.49547,-1.081309,25.5076,3.0
12.5895083863288,15.761,12.6232156865299,17.3809,1.0,16.67805,1.0,12.57352,-0.291072,23.9173,3.0
12.6073546856642,16.284,12.6397859863937,15.4629,1.0,16.67719,1.0,9.04557,-0.106778,25.537,3.0
12.6232156865299,16.2842,12.656899087131,21.9299,1.0,16.67633,1.0,10.97191,0.526952,24.7166,3.0
12.6397859863937,17.8671,12.6729663871229,15.484,1.0,16.67893,1.0,11.27427,-0.090244,30.3624,3.0
12.6729663871229,22.5382,12.6919775865972,19.69,1.0,16.69169,1.0,12.17518,-0.726601,27.9786,3.0
12.6729663871229,9.4571,12.708312286064,14.427,0.0,16.67597,1.0,10.26435,-0.775564,25.1288,3.0
12.6919775865972,19.0482,12.7235572859645,17.1382,1.0,16.68111,1.0,11.42074,0.598783,30.0987,3.0
12.708312286064,14.666,12.7395779863,14.1304,1.0,16.67675,1.0,10.2965,-0.603673,28.1897,3.0
12.7235572859645,17.2933,12.7566296868026,18.7957,1.0,16.67808,1.0,12.62826,-1.569198,27.655,3.0
12.7566296868026,21.487,12.7736809868366,16.1278,1.0,16.68845,1.0,11.15482,0.312787,29.1582,3.0
12.7566296868026,10.6503,12.7901848871261,16.3821,0.0,16.67546,1.0,11.29387,-0.272209,23.797,3.0
12.7736809868366,17.0603,12.8072733879089,17.0995,1.0,16.67629,1.0,10.8986,-0.08419,29.5307,3.0
12.8072733879089,21.8454,12.8242442887276,17.6646,1.0,16.68736,1.0,13.25441,-0.415334,29.571,3.0
12.8072733879089,13.8638,12.8402833882719,14.9951,0.0,16.68132,1.0,9.751409,-0.811673,25.3907,3.0
12.8402833882719,29.3262,12.8573361877352,17.0284,1.0,16.70828,0.0,12.15469,0.035026,26.5225,3.0
12.8573361877352,17.8202,12.8751471880823,17.7192,0.0,16.71065,0.0,10.39343,-0.419327,14.2243,3.0
12.8751471880823,7.6297,12.8918945882469,20.7449,0.0,16.69137,1.0,12.37637,-0.861496,14.1246,3.0
12.8918945882469,17.897,12.9092943873256,14.7872,0.0,16.69393,1.0,11.16717,-0.832454,27.24,3.0
12.9092943873256,20.6235,12.9229755876586,12.1555,0.0,16.70223,1.0,11.97983,-0.320662,24.1316,3.0
12.9229755876586,14.3971,12.9399878876284,18.3875,0.0,16.69737,1.0,10.7733,-0.973544,15.6645,3.0
12.9399878876284,13.0207,12.9570246869698,15.5214,0.0,16.68963,1.0,12.82345,-0.114449,19.6547,3.0
12.9399878876284,10.2951,12.9730569878593,17.6411,0.0,16.6762,1.0,11.11866,-0.643659,22.1556,3.0
12.9730569878593,29.065,12.990598087199,16.5937,1.0,16.70217,1.0,12.25644,-0.522313,29.4987,3.0
12.990598087199,10.1149,13.0076256869361,17.3103,0.0,16.68839,1.0,11.32035,0.164298,17.0306,3.0
13.0076256869361,19.3625,13.0236846869811,15.7506,0.0,16.69397,1.0,11.84856,0.389162,24.2261,3.0
13.0236846869811,17.2413,13.0406835870817,17.1064,0.0,16.69511,1.0,10.95961,-0.796813,20.6156,3.0
13.0236846869811,9.2708,13.0577342873439,18.4677,0.0,16.67967,1.0,12.2927,0.799885,20.4813,3.0
13.0577342873439,20.8949,13.0737727871165,13.8593,1.0,16.68842,1.0,10.23834,0.381853,29.6785,3.0
13.0737727871165,28.194,13.0912967873737,18.8426,0.0,16.71224,0.0,11.53501,-0.217136,22.6435,3.0
13.0737727871165,1.568,13.107520586811,14.5791,0.0,16.68095,1.0,11.02361,0.410086,13.291,3.0
13.0912967873737,17.677,13.1234201872721,17.1584,1.0,16.683,1.0,11.08095,0.587611,26.3041,3.0
13.1234201872721,18.5646,13.1419147877023,19.1046,1.0,16.68688,1.0,10.18474,0.445399,25.7851,3.0
13.1234201872721,12.2574,13.1584428874776,16.649,0.0,16.67778,1.0,12.05601,0.020955,26.3057,3.0
13.1744648879394,44.126,13.1910167885944,30.3253,1.0,16.73403,0.0,9.540089,-0.974159,30.7169,3.0
13.1744648879394,0.5152,13.2080395882949,20.3198,0.0,16.70086,1.0,11.1872,-0.200726,16.9181,3.0
13.2080395882949,30.9771,13.2240758882836,12.8543,1.0,16.73,2.0,9.796945,-0.049462,36.723,3.0
13.2080395882949,0.4997,13.2411615876481,18.7959,0.0,16.69694,1.0,11.81666,0.206787,18.6008,3.0
13.2240758882836,21.5745,13.2581384880468,15.811,1.0,16.70685,1.0,11.08963,-0.431803,36.8976,3.0
13.2411615876481,18.7159,13.2741825887933,18.2456,1.0,16.71093,2.0,12.04476,-0.370026,31.1355,3.0
13.2411615876481,0.5423,13.2922113882378,15.2972,1.0,16.6782,2.0,10.30911,0.393067,30.6652,3.0
13.2741825887933,28.8746,13.3077448885888,17.5407,2.0,16.70284,1.0,11.679,0.267809,45.4104,3.0
13.2922113882378,17.8264,13.3247611876577,15.3279,1.0,16.7051,2.0,10.74003,-0.171931,34.0858,3.0
13.2922113882378,5.8057,13.3407855872065,17.6519,1.0,16.68317,2.0,12.28753,0.548225,31.588,3.0
13.3077448885888,16.6781,13.3578920867294,15.604,2.0,16.68316,2.0,10.08909,0.487816,43.4348,3.0
13.3247611876577,17.0683,13.3738810867071,17.4594,2.0,16.68393,2.0,11.63893,-0.99076,42.3611,3.0
13.3578920867294,19.2267,13.3918883875012,16.8148,2.0,16.68902,2.0,10.45977,-0.719245,42.7533,3.0
13.3738810867071,18.061,13.4090748876333,18.4674,1.0,16.69176,2.0,11.20558,-1.114575,40.3417,3.0
13.3738810867071,12.8308,13.4271350875497,15.8712,1.0,16.68407,2.0,9.63356,0.053026,40.7487,3.0
13.3918883875012,18.3036,13.4420020878315,17.0299,2.0,16.68729,2.0,12.79525,1.463401,43.7893,3.0
13.4090748876333,17.1197,13.4575347881764,14.1647,2.0,16.68814,2.0,10.77297,-0.272632,42.5155,3.0
13.4271350875497,12.086,13.4735529888421,17.0334,2.0,16.67903,2.0,11.04247,-0.085311,39.5612,3.0
13.4575347881764,23.4745,13.4920725896955,19.6549,2.0,16.69246,2.0,11.6434,0.522198,44.5089,3.0
13.4575347881764,11.3104,13.5102946888655,15.9916,1.0,16.68185,2.0,8.160232,1.267699,40.69,3.0
13.4735529888421,18.0696,13.5251786885783,15.8926,2.0,16.68458,2.0,12.13571,0.097979,45.3708,3.0
13.4920725896955,17.2388,13.5427025882527,15.7507,2.0,16.68567,2.0,10.2673,0.16424,43.1954,3.0
13.5102946888655,13.1401,13.5586902881041,17.1232,2.0,16.67871,2.0,11.1397,-1.363984,41.707,3.0
13.5251786885783,19.8321,13.5740074878559,14.3189,2.0,16.68489,2.0,8.563921,-0.268428,45.691,3.0
13.5427025882527,17.3818,13.5920376880094,19.6395,2.0,16.68625,2.0,9.77946,0.557454,40.1793,3.0
13.5586902881041,14.7316,13.6085794875398,14.7329,2.0,16.68244,2.0,11.80008,-1.353565,42.4419,3.0
13.5740074878559,17.3207,13.6254909867421,17.1258,2.0,16.68368,2.0,11.82653,-0.201969,42.4394,3.0
13.5920376880094,14.3225,13.640638587065,15.0781,2.0,16.67909,1.0,10.38605,-0.063495,42.2642,3.0
13.6254909867421,31.5441,13.6586718866602,17.4314,2.0,16.7079,1.0,10.85927,-1.091602,43.0203,3.0
13.640638587065,15.9739,13.674678386189,14.1972,1.0,16.70648,2.0,12.02097,0.995447,28.9084,3.0
13.640638587065,3.6104,13.6912217857316,20.6296,1.0,16.6812,2.0,12.1685,0.169696,27.1321,3.0
13.6586718866602,14.7869,13.7084581861272,16.3964,2.0,16.67755,2.0,10.8008,-0.443167,44.1511,3.0
13.6912217857316,22.6627,13.7250476861373,15.173,2.0,16.68906,2.0,13.01135,0.592346,45.7638,3.0
13.6912217857316,9.9793,13.7410659855232,18.4977,1.0,16.67618,1.0,8.929804,-0.364639,38.273,3.0
13.7410659855232,44.9037,13.7579536857083,14.8969,2.0,16.73026,1.0,11.66307,-0.896971,46.7908,3.0
13.7579536857083,14.1341,13.7749622864649,15.6948,0.0,16.72529,1.0,10.76065,-0.277443,16.7874,3.0
13.7749622864649,16.5689,13.7919995868579,17.4051,0.0,16.72499,1.0,11.23964,-0.977946,18.3459,3.0
13.8085598861799,33.4297,13.8252586862072,36.5221,0.0,16.75681,0.0,10.71457,0.445746,19.1818,3.0
13.8252586862072,17.9041,13.8422658862546,14.4122,0.0,16.75899,3.0,12.76324,-0.849256,22.2787,3.0
13.8252586862072,2.2576,13.8604204868898,17.2,0.0,16.73148,3.0,9.972346,0.968082,18.7444,3.0
13.8252586862072,2.0285,13.8754600873217,15.726,1.0,16.70363,3.0,12.70285,0.040192,33.7294,3.0
13.8252586862072,3.6949,13.8920630877838,16.2972,2.0,16.67904,3.0,9.905756,-0.196813,47.4254,3.0
13.8422658862546,16.9628,13.9124079877511,19.4521,3.0,16.67957,3.0,12.64362,0.091206,60.0294,3.0
13.8604204868898,14.6188,13.9254208877683,13.6838,3.0,16.67569,3.0,9.053508,-1.440708,62.5203,3.0
13.8754600873217,18.2329,13.9429903868586,16.2805,3.0,16.67862,3.0,11.90351,-0.838669,61.602,3.0
13.8920630877838,15.8445,13.9584671864286,16.7183,3.0,16.67706,3.0,10.22209,0.417097,59.6429,3.0
13.9124079877511,18.1419,13.9769351864234,17.0217,3.0,16.6798,3.0,11.87321,0.187229,60.5239,3.0
13.9254208877683,15.3053,13.9926247866824,17.0469,3.0,16.67723,3.0,11.96477,-0.295956,59.4049,3.0
13.9429903868586,17.3882,14.0092827873304,15.3561,3.0,16.67856,3.0,12.8247,-0.475826,61.1464,3.0
13.9584671864286,21.8343,14.0253338878974,19.6407,3.0,16.68816,2.0,10.37527,0.956922,59.1153,3.0
13.9769351864234,11.6981,14.0418935874477,13.6234,3.0,16.67888,3.0,11.60026,0.311738,56.922,3.0
14.0092827873304,30.7097,14.0615243865177,21.0144,3.0,16.70491,3.0,10.20693,-0.415057,58.8477,3.0
14.0092827873304,2.9179,14.0763584868982,13.0926,2.0,16.67938,3.0,12.05648,1.087555,49.1527,3.0
14.0253338878974,17.0673,14.0924097867683,17.7854,3.0,16.6801,3.0,9.380362,-0.407538,59.3285,3.0
14.0418935874477,22.3711,14.1088638873771,14.6092,3.0,16.6906,3.0,9.859657,-0.390948,60.0458,3.0
14.0615243865177,12.444,14.1248979875818,17.1353,3.0,16.68278,3.0,12.23034,-0.875793,52.284,3.0
14.0763584868982,14.9945,14.1419947883114,16.0649,3.0,16.67967,3.0,9.078538,-0.451638,56.9767,3.0
14.0924097867683,17.4707,14.1593652879819,18.6043,3.0,16.68113,2.0,12.24095,-0.631072,58.0479,3.0
14.1088638873771,16.292,14.1760501870885,15.1368,3.0,16.68041,3.0,10.92939,0.855704,59.182,3.0
14.1419947883114,34.1257,14.1922765867785,17.3965,3.0,16.71231,3.0,17.21314,-0.168391,58.0275,3.0
14.1419947883114,2.2727,14.2085616858676,14.9436,2.0,16.68596,3.0,12.30507,0.559391,41.2988,3.0
14.1593652879819,10.2617,14.2252690857276,17.9413,3.0,16.67426,3.0,11.1883,0.952458,53.9522,3.0
14.1760501870885,18.1832,14.2418077858165,15.2349,3.0,16.677,3.0,11.09979,-0.618345,61.6494,3.0
14.1922765867785,15.0541,14.2592122862116,19.1993,3.0,16.67405,3.0,10.38271,-0.077112,58.7022,3.0
14.2085616858676,18.1731,14.2763873869553,15.373,3.0,16.67677,3.0,11.12424,-0.359521,62.8472,3.0
14.2252690857276,16.3529,14.2922435877845,17.7058,3.0,16.67618,3.0,9.067245,0.045779,60.0481,3.0
14.2418077858165,17.391,14.3095183884725,15.4032,3.0,16.67747,3.0,12.54371,-0.539424,61.4006,3.0
14.2592122862116,16.3296,14.3250366887078,17.2198,3.0,16.67685,3.0,10.51362,0.563286,59.4139,3.0
14.2763873869553,17.154,14.3435797886923,16.9615,3.0,16.67771,3.0,10.58162,0.050541,60.3046,3.0
14.2922435877845,16.3585,14.3587428890169,16.7744,3.0,16.67713,3.0,11.84182,-0.535131,60.1123,3.0
14.3095183884725,17.8641,14.3753995895386,15.0312,3.0,16.67926,3.0,10.87321,-0.803243,60.5128,3.0
14.3250366887078,15.9048,14.392253190279,18.2871,3.0,16.67787,3.0,11.02536,0.109089,57.6962,3.0
14.3435797886923,16.8136,14.4094269908965,15.6192,3.0,16.67812,3.0,10.45603,-0.469214,60.079,3.0
14.3587428890169,16.2347,14.4249875908718,17.3076,3.0,16.67733,3.0,12.41864,0.868855,58.8846,3.0
14.3753995895386,16.9888,14.441863191314,15.1832,3.0,16.67788,3.0,11.42581,-0.671565,59.9579,3.0
14.392253190279,16.7102,14.4594161910936,19.7246,3.0,16.67794,3.0,11.67561,-0.931653,58.1525,3.0
14.4094269908965,17.0031,14.4749351907521,13.417,3.0,16.67851,3.0,10.19034,-0.58917,61.167,3.0
14.4249875908718,16.3725,14.4934138916433,20.6274,3.0,16.67797,3.0,10.81116,-0.212067,57.5817,3.0
14.441863191314,17.9936,14.5100038908422,14.4571,3.0,16.6803,3.0,10.69675,0.399466,61.8369,3.0
14.4594161910936,15.5195,14.5259504914284,17.7401,3.0,16.67825,3.0,12.89537,-0.215418,58.301,3.0
14.4749351907521,16.0532,14.5433668922633,15.623,3.0,16.67715,3.0,10.54347,-0.811774,60.5213,3.0
14.4934138916433,17.0123,14.5590303931385,18.1052,3.0,16.67774,3.0,12.11093,-0.467399,60.0922,3.0
14.5100038908422,17.22,14.5750743933022,13.6841,3.0,16.67869,3.0,9.770018,-0.924136,61.1854,3.0
14.5259504914284,15.7612,14.5923515930772,19.005,3.0,16.67708,3.0,11.96057,-0.162332,57.6497,3.0
14.5433668922633,17.3618,14.6091269925237,15.1501,3.0,16.67828,3.0,11.2365,-0.72146,60.8939,3.0
14.5590303931385,16.3076,14.6259164921939,18.2012,3.0,16.67763,3.0,12.26864,-0.962513,58.6828,3.0
14.5750743933022,16.9091,14.6420797929168,14.757,3.0,16.67804,3.0,10.93743,1.116655,60.5769,3.0
14.5923515930772,16.4925,14.6586798932403,18.4691,3.0,16.67771,3.0,11.73926,0.084152,58.4245,3.0
14.6091269925237,16.9648,14.6759657934308,15.2169,3.0,16.67821,3.0,10.83901,-1.076053,60.4019,3.0
14.6259164921939,16.2568,14.6933178938925,18.9086,3.0,16.67748,3.0,12.87074,-0.082254,58.6544,3.0
14.6420797929168,16.8974,14.710311094299,15.4679,3.0,16.67786,3.0,9.020448,0.102145,61.291,3.0
14.6586798932403,16.5508,14.7263473942876,17.8815,3.0,16.67764,3.0,11.95675,-0.786711,59.8775,3.0
14.6759657934308,16.9121,14.7419338943437,13.5199,3.0,16.67805,3.0,11.23375,-0.307734,61.2091,3.0
14.6933178938925,14.6746,14.7604344943538,20.5519,3.0,16.6746,3.0,12.08095,-0.03141,57.8169,3.0
14.710311094299,18.664,14.7779904948547,15.9305,3.0,16.67802,3.0,9.880511,0.198173,63.6945,3.0
14.7263473942876,14.4785,14.7923687947914,14.4247,3.0,16.67424,3.0,12.68303,-0.113087,60.9614,3.0
14.7419338943437,18.9355,14.8101757941768,19.2124,3.0,16.67812,3.0,10.53481,-1.092042,60.9078,3.0
14.7604344943538,14.5148,14.8263964941725,14.356,3.0,16.67442,3.0,11.86133,0.654036,61.1856,3.0
14.7779904948547,18.3024,14.8422044934705,17.8497,3.0,16.6772,3.0,9.899687,-0.170817,61.027,3.0
14.7923687947914,16.6449,14.8592112930492,15.4328,3.0,16.67714,3.0,11.87824,0.384646,60.5747,3.0
14.8101757941768,16.6708,14.8772229934111,19.2702,3.0,16.67713,3.0,11.02856,-0.580514,59.3628,3.0
14.8263964941725,17.08,14.8927664933726,14.1032,3.0,16.67781,3.0,10.96562,0.064881,61.9631,3.0
14.8422044934705,16.3554,14.9090950926766,17.8163,3.0,16.67727,3.0,10.02505,-0.075026,58.9863,3.0
14.8592112930492,17.2259,14.9282441930845,17.4561,3.0,16.6782,3.0,11.48571,-0.725249,60.4478,3.0
14.8772229934111,14.5289,14.9431573934853,16.6468,3.0,16.67456,3.0,10.70172,-0.166787,60.6783,3.0
14.8927664933726,18.8447,14.9621468931437,17.3841,3.0,16.67822,3.0,11.91693,-0.092497,62.7965,3.0
14.9090950926766,14.1648,14.9765097927302,14.2492,3.0,16.67399,3.0,10.51915,1.162751,61.3364,3.0
14.9282441930845,19.4671,14.9923675935715,17.592,3.0,16.67869,3.0,12.66379,-0.598653,61.4211,3.0
14.9431573934853,14.5842,15.0090804938227,15.3866,3.0,16.67517,3.0,10.4287,-0.754129,59.5464,3.0
14.9621468931437,18.1778,15.0264613945037,18.6535,3.0,16.67769,3.0,12.09295,0.138908,60.3488,3.0
14.9765097927302,16.8405,15.0432674940675,15.2375,3.0,16.67796,3.0,8.994253,0.627104,60.8258,3.0
14.9923675935715,16.5233,15.0594656933099,18.0693,3.0,16.67771,3.0,12.34573,-0.589955,59.2232,3.0
15.0090804938227,16.4106,15.0788434930146,17.3246,3.0,16.67726,3.0,11.01729,0.187666,60.7687,3.0
15.0264613945037,16.9316,15.0933445934206,16.2094,3.0,16.67768,3.0,11.6767,0.693407,61.6837,3.0
15.0432674940675,16.5166,15.1117310933769,16.7583,3.0,16.67742,3.0,9.485955,-0.419978,60.9619,3.0
15.0594656933099,14.6748,15.1280932929367,18.1901,3.0,16.67409,3.0,12.47023,-1.03494,61.2042,3.0
15.0788434930146,19.024,15.1431564930826,13.3692,3.0,16.67798,3.0,10.09919,0.442734,64.7201,3.0
15.0933445934206,15.0639,15.1585579933599,16.8179,3.0,16.67532,3.0,11.22868,0.140268,59.0654,3.0
15.1117310933769,18.4553,15.1779839927331,17.8242,3.0,16.67825,3.0,10.73764,-1.042809,60.8197,3.0
15.1280932929367,15.0043,15.1933256927878,17.0556,3.0,16.6755,3.0,12.92517,-0.683816,60.1892,3.0
15.1431564930826,18.738,15.2113893926144,16.6753,3.0,16.67889,3.0,9.808932,-0.776793,62.2409,3.0
15.1585579933599,14.6612,15.2271159924567,15.4253,3.0,16.67558,3.0,11.80621,-1.031276,60.1785,3.0
15.1779839927331,18.5725,15.2431524917483,17.5867,3.0,16.67868,3.0,11.56392,-0.514713,60.9427,3.0
15.1933256927878,14.7187,15.2598792910576,15.3894,3.0,16.67548,3.0,12.60939,-0.371031,59.9578,3.0
15.2113893926144,18.4068,15.2765516918153,18.563,3.0,16.67831,3.0,10.73958,0.211545,60.6289,3.0
15.2271159924567,16.887,15.2931606918573,14.5912,3.0,16.67865,3.0,12.87681,-0.135336,60.7789,3.0
15.2431524917483,16.2569,15.3090779911727,17.6623,3.0,16.67796,3.0,10.83953,-0.122634,58.4898,3.0
15.2598792910576,17.1749,15.3261528909206,15.1876,3.0,16.67877,3.0,12.21776,0.156881,59.8953,3.0
15.2765516918153,16.2994,15.3432803917676,18.997,3.0,16.67815,3.0,10.06494,-1.028307,57.9089,3.0
15.2931606918573,16.9364,15.3601550925523,16.0816,3.0,16.67857,3.0,12.07053,-0.834952,60.607,3.0
15.3090779911727,16.5702,15.3758699931204,14.9315,3.0,16.67839,3.0,10.52832,-1.441798,59.752,3.0
15.3261528909206,16.6819,15.392880493775,22.7737,3.0,16.6784,2.0,11.83071,-1.220754,58.1146,3.0
15.3432803917676,16.3677,15.4127711933106,17.2179,3.0,16.6779,3.0,11.74865,0.558393,64.2065,3.0
15.392880493775,40.9371,15.4260686933994,10.434,3.0,16.71696,3.0,12.7715,-0.06704,65.0583,3.0
15.392880493775,2.8874,15.4426370933652,19.5326,1.0,16.69473,3.0,11.65685,-1.37911,34.5391,3.0
15.392880493775,13.1924,15.4598638936877,13.7324,2.0,16.68911,3.0,13.08301,0.872475,51.2013,3.0
15.4127711933106,9.954,15.4769737944007,18.5783,3.0,16.67831,3.0,9.34784,-1.208404,51.7415,3.0
15.4260686933994,16.6084,15.4939387943596,15.8245,3.0,16.6782,3.0,11.92461,0.426362,60.3664,3.0
15.4426370933652,15.7495,15.5102426949888,18.0134,3.0,16.67672,3.0,11.75692,-0.604204,59.5826,3.0
15.4598638936877,17.3519,15.5282494947314,16.1927,3.0,16.6778,3.0,10.963,-1.129072,61.8471,3.0
15.4769737944007,14.6813,15.5432667946443,16.5165,3.0,16.67462,3.0,11.34334,0.676278,60.6886,3.0
15.4939387943596,18.8632,15.5611357940361,16.3218,3.0,16.6781,3.0,11.301,0.774654,62.5235,3.0
15.5102426949888,14.9308,15.5770777938887,17.4073,3.0,16.67532,3.0,10.86127,-0.227926,59.9826,3.0
15.5282494947314,18.6778,15.5961901945993,17.4459,3.0,16.6785,3.0,13.03312,0.259348,62.4595,3.0
15.5432667946443,14.6603,15.6101160943508,15.7337,3.0,16.6753,3.0,11.16855,-1.178503,61.2283,3.0
15.5611357940361,18.8093,15.6280641946942,16.0985,3.0,16.67867,3.0,9.313526,-0.210847,62.302,3.0
15.5770777938887,14.3844,15.6431480944157,17.1184,3.0,16.67506,3.0,12.07575,-0.007495,59.5918,3.0
15.5961901945993,18.2456,15.6600430943072,15.0844,3.0,16.67753,3.0,9.876303,-0.707684,62.3256,3.0
15.6101160943508,15.4507,15.6774082947522,19.3421,3.0,16.6756,3.0,12.85645,-0.443568,59.1657,3.0
15.6280641946942,18.2978,15.6932203955948,13.8553,3.0,16.67815,3.0,10.3541,0.42755,63.0573,3.0
15.6431480944157,16.1516,15.7102363947779,18.6942,3.0,16.67732,3.0,11.96068,-0.59703,58.6156,3.0
15.6600430943072,17.0863,15.7270628940314,15.0548,3.0,16.67796,3.0,11.19997,-0.240696,61.1578,3.0
15.6774082947522,17.126,15.7429958935827,17.5758,3.0,16.67866,3.0,12.31165,-0.534712,59.1268,3.0
15.6932203955948,16.7724,15.7590618934482,14.3282,3.0,16.67881,3.0,9.91553,1.680599,59.5768,3.0
15.7102363947779,16.7185,15.7770928926766,19.5089,3.0,16.67887,3.0,12.564,0.009339,57.1334,3.0
15.7270628940314,16.5847,15.793135592714,14.7728,3.0,16.67872,3.0,10.34151,-0.617425,59.9239,3.0
15.7429958935827,16.4331,15.8102755919099,18.5522,3.0,16.67834,3.0,12.3101,-0.732983,58.1124,3.0
15.7590618934482,16.8893,15.8271485920995,15.2325,3.0,16.67867,3.0,8.531861,-0.096833,60.2319,3.0
15.7770928926766,16.4785,15.8430967926979,17.5086,3.0,16.67836,3.0,11.83022,0.193751,58.5749,3.0
15.793135592714,16.6763,15.8602444920689,15.7713,3.0,16.67836,3.0,10.78608,-0.852502,59.6059,3.0
15.8102755919099,17.4496,15.8763105925173,17.7494,3.0,16.67955,3.0,12.35113,-0.443724,58.7011,3.0
15.8271485920995,16.2161,15.8931024931371,15.1261,3.0,16.67883,3.0,10.39255,-0.407092,59.0016,3.0
15.8430967926979,16.1628,15.9096559938043,17.8,3.0,16.67804,3.0,11.7417,0.460151,57.8875,3.0
15.8602444920689,17.2284,15.9273122940212,16.1945,3.0,16.67888,3.0,11.12262,-0.290873,59.5498,3.0
15.8763105925173,16.3065,15.9430203940719,17.0419,3.0,16.67831,3.0,12.37609,-0.142914,58.5163,3.0
15.8931024931371,17.1454,15.9605964943767,16.3274,3.0,16.67903,3.0,10.65805,0.058486,59.2522,3.0
15.9096559938043,16.6654,15.9765727948397,17.7009,3.0,16.67901,3.0,11.51067,0.462898,58.4346,3.0
15.9273122940212,16.9786,15.9931214954704,14.801,3.0,16.67946,3.0,10.55831,-0.047272,59.4705,3.0
15.9430203940719,16.4455,16.0104371961206,19.1257,3.0,16.67911,3.0,12.00481,0.685951,57.2931,3.0
15.9605964943767,17.1437,16.028613595292,16.2941,3.0,16.67982,3.0,10.1494,-0.177964,59.9739,3.0
15.9765727948397,15.8318,16.0433142948896,16.8593,3.0,16.67853,3.0,11.15587,-0.583146,59.1249,3.0
15.9931214954704,17.4471,16.0597094949335,14.3777,3.0,16.67969,3.0,10.20145,-0.726055,60.1528,3.0
16.0104371961206,16.3998,16.0774465948343,19.4908,3.0,16.67927,3.0,10.82846,-0.623401,57.0842,3.0
16.028613595292,16.8524,16.0930923949927,13.9114,3.0,16.67953,3.0,10.30985,-0.056903,60.1752,3.0
16.0433142948896,16.8513,16.1103552952409,18.905,3.0,16.67979,3.0,12.53125,-0.338117,57.2343,3.0
16.0597094949335,16.573,16.1272665951401,15.1242,3.0,16.67963,3.0,10.9936,-0.382125,59.289,3.0
16.0774465948343,16.2271,16.1446270942688,19.1913,3.0,16.67895,3.0,12.4024,-0.888554,57.8404,3.0
16.0930923949927,16.879,16.1605376936495,14.0968,3.0,16.67925,3.0,10.39532,-0.737388,60.8049,3.0
16.1103552952409,17.1363,16.1773701943457,18.5977,3.0,16.67993,3.0,12.24582,1.184837,58.0228,3.0
16.1272665951401,16.3451,16.1945289950818,15.5891,3.0,16.67943,3.0,10.74465,0.470278,59.4845,3.0
16.1446270942688,16.6219,16.211322395131,18.397,3.0,16.67935,3.0,12.90919,-1.177236,58.7292,3.0
16.1605376936495,16.5361,16.2272915951908,14.2046,3.0,16.67913,3.0,11.33136,-0.578281,60.5047,3.0
16.1773701943457,16.7761,16.2442412953824,18.5418,3.0,16.67928,3.0,10.09302,1.253691,58.1735,3.0
16.1945289950818,17.1055,16.2609323952347,15.2704,3.0,16.67991,3.0,9.848036,0.014734,59.9393,3.0
16.211322395131,16.2659,16.2773879952729,17.7163,3.0,16.6793,3.0,12.69268,-0.285805,58.1045,3.0
16.2272915951908,16.8019,16.2951168958098,16.3202,3.0,16.67948,3.0,10.86751,0.237349,59.5555,3.0
16.2442412953824,16.4426,16.3095694957301,15.9917,3.0,16.67913,3.0,10.46287,-0.638926,59.0738,3.0
16.2609323952347,17.0262,16.3275063959882,16.3887,3.0,16.67964,3.0,10.34301,-0.758678,58.6235,3.0
16.2773879952729,16.425,16.3440338959917,18.0423,3.0,16.67926,3.0,12.24475,-0.409206,57.9866,3.0
16.2951168958098,17.0342,16.3622050965205,16.6789,3.0,16.67979,3.0,10.05843,0.206903,59.6041,3.0
16.3095694957301,16.445,16.3771964963526,16.5445,3.0,16.67944,3.0,12.52138,0.554809,59.2493,3.0
16.3275063959882,16.9972,16.3959738966078,17.2302,3.0,16.67991,3.0,11.24791,0.173761,59.3491,3.0
16.3440338959917,13.2376,16.4107059966773,16.4751,3.0,16.67485,3.0,12.2711,0.052835,59.5825,3.0
16.3622050965205,19.1441,16.4292951971292,16.9192,3.0,16.67847,3.0,10.04849,-0.843409,62.8198,3.0
16.3771964963526,14.5744,16.4444037973881,16.8213,3.0,16.67539,3.0,11.33554,0.416843,60.5958,3.0
16.3959738966078,18.5762,16.4608466979116,16.5497,3.0,16.67817,3.0,10.08117,-0.452825,62.8426,3.0
16.4107059966773,14.8328,16.4783855974674,15.8321,3.0,16.67547,3.0,11.66701,-0.576843,60.8168,3.0
16.4292951971292,18.7555,16.4930644975975,16.2008,3.0,16.67851,3.0,11.18996,-0.46824,61.8161,3.0
16.4444037973881,14.8273,16.5110425977036,18.2981,3.0,16.67581,3.0,11.42883,-0.212365,59.262,3.0
16.4608466979116,19.6563,16.5289028985426,17.553,3.0,16.68015,3.0,10.63554,0.093155,62.7329,3.0
16.4783855974674,15.0428,16.5464505990967,15.7428,3.0,16.67777,3.0,12.34634,0.103064,60.6253,3.0
16.4930644975975,15.3344,16.5605761995539,15.8526,3.0,16.67582,3.0,10.68336,-0.02035,61.3314,3.0
16.5110425977036,17.9233,16.5773804998025,17.164,3.0,16.67763,3.0,12.04974,0.045875,61.8497,3.0
16.5289028985426,15.105,16.5944051006809,14.9262,3.0,16.67535,3.0,10.36594,-1.06924,61.0916,3.0
16.5464505990967,18.5784,16.6106920009479,18.3942,3.0,16.6781,3.0,11.80455,0.729757,60.9123,3.0
16.5605761995539,14.5872,16.6276802001521,14.9475,3.0,16.67509,3.0,10.31092,0.177674,60.7294,3.0
16.5773804998025,18.6185,16.643517899327,17.729,3.0,16.67789,3.0,11.86834,0.361559,61.089,3.0
16.5944051006809,16.6568,16.6595903998241,14.2679,3.0,16.67785,3.0,11.00684,-0.339691,60.2004,3.0
16.6106920009479,16.6406,16.6779768997803,20.1839,3.0,16.6778,3.0,10.81223,-0.04523,57.8121,3.0
16.6276802001521,16.6903,16.6946333991364,14.9273,3.0,16.67782,3.0,10.10684,-0.86936,61.3555,3.0
16.643517899327,16.9473,16.7109442995861,18.1913,3.0,16.67821,3.0,11.50139,0.024501,59.5929,3.0
16.6595903998241,16.4773,16.7273783991113,14.4539,3.0,16.67792,3.0,10.56663,-0.932723,60.8373,3.0
16.6779768997803,16.9719,16.7443371983245,18.6999,3.0,16.67834,3.0,11.99106,0.337203,58.8146,3.0
16.6946333991364,16.6693,16.7605688991025,14.4322,3.0,16.67833,3.0,11.1193,-0.68338,60.5425,3.0
16.7109442995861,16.6917,16.7772545991465,18.5392,3.0,16.67834,3.0,11.84582,-0.818145,58.3059,3.0
16.7273783991113,15.8927,16.7945482982323,15.3672,3.0,16.67723,3.0,11.2766,-0.646346,60.1533,3.0
16.7443371983245,16.4677,16.8096047984436,17.0711,3.0,16.67693,3.0,11.60098,0.008434,59.6287,3.0
16.7605688991025,16.832,16.8274702979252,15.7578,3.0,16.67715,3.0,10.94674,0.074554,60.2322,3.0
16.7772545991465,16.0265,16.8442940982059,18.8523,3.0,16.67623,3.0,12.76255,-1.402259,59.1585,3.0
16.7945482982323,18.3968,16.8609832981601,14.8935,3.0,16.67866,3.0,11.12107,-0.372613,61.9843,3.0
16.8096047984436,16.4988,16.8779176985845,19.113,3.0,16.67841,3.0,11.71445,0.047494,58.4821,3.0
16.8274702979252,17.3476,16.8944114977494,14.5434,3.0,16.67935,3.0,9.888059,-0.444185,61.0965,3.0
16.8442940982059,16.0448,16.9108648980036,18.2214,3.0,16.67846,3.0,13.25671,-0.417282,58.2927,3.0
16.8609832981601,16.7524,16.9282840983942,15.369,3.0,16.67856,3.0,10.74991,-0.10569,60.4697,3.0
16.8779176985845,17.0468,16.9442072985694,17.6948,3.0,16.67908,3.0,11.88358,-0.058777,59.0644,3.0
16.8944114977494,16.2451,16.9614264992997,15.3988,3.0,16.67847,3.0,10.80198,-1.129416,59.7346,3.0
16.9108648980036,17.0461,16.9777225991711,18.3686,3.0,16.67899,3.0,12.27249,0.083906,58.8889,3.0
16.9282840983942,16.8392,16.9953520996496,15.5315,3.0,16.67921,3.0,10.22478,-0.745807,60.2117,3.0
16.9442072985694,16.5354,17.0107404999435,17.2186,3.0,16.67901,3.0,11.87172,1.539532,58.9048,3.0
16.9614264992997,16.0237,17.0272519998252,16.5139,3.0,16.67809,3.0,11.40799,0.059551,59.5881,3.0
16.9777225991711,17.2606,17.0469096992165,18.0274,3.0,16.67891,3.0,11.88721,-1.537387,60.0788,3.0
16.9953520996496,16.535,17.0621237987652,17.2694,3.0,16.67871,3.0,11.04267,-0.445252,60.8459,3.0
17.0107404999435,16.1576,17.0773114990443,12.9862,3.0,16.67798,3.0,8.274449,-0.171748,61.5806,3.0
17.0272519998252,15.3926,17.094282599166,18.6187,3.0,16.6762,3.0,11.89789,-0.03272,58.4093,3.0
17.0469096992165,18.5778,17.113186199218,17.26,3.0,16.67883,3.0,11.85435,-0.534664,61.6352,3.0
17.0621237987652,16.5406,17.1282013989985,16.7869,3.0,16.67864,3.0,12.25715,0.1335,60.3181,3.0
17.0773114990443,17.1568,17.1436586985365,13.6788,3.0,16.6793,3.0,10.48042,-0.628357,60.5653,3.0
17.094282599166,14.5815,17.1597080985084,17.5701,3.0,16.67641,3.0,11.91486,-0.467658,57.0876,3.0
17.113186199218,17.8899,17.1781895989552,16.9496,3.0,16.67808,3.0,10.5311,-0.383982,60.0764,3.0
17.1282013989985,17.8028,17.1945600984618,18.0542,3.0,16.67963,3.0,9.800057,-0.475233,59.1372,3.0
17.1436586985365,16.2338,17.2120408983901,15.8596,3.0,16.67901,3.0,10.60256,0.166479,59.3886,3.0
17.1597080985084,16.8305,17.227931198664,17.5023,3.0,16.67922,3.0,12.29838,-0.135537,59.0148,3.0
17.1781895989552,16.0453,17.244424697943,14.9413,3.0,16.67835,3.0,10.48163,-0.881037,59.6867,3.0
17.1945600984618,16.6083,17.2614496974275,18.475,3.0,16.67826,3.0,12.16032,-0.014303,58.5833,3.0
17.2120408983901,16.8733,17.2786008967087,15.5141,3.0,16.67852,3.0,9.326037,-0.154518,60.4505,3.0
17.227931198664,16.4224,17.29438269604,17.6812,3.0,16.67817,3.0,11.85734,-1.163684,59.091,3.0
17.244424697943,16.1859,17.3109102966264,14.7417,3.0,16.6775,3.0,11.1535,0.456763,60.351,3.0
17.2614496974275,17.0226,17.3293590964749,20.124,3.0,16.67797,3.0,11.83142,-0.224124,58.907,3.0
17.2786008967087,16.9342,17.3462560968474,15.1803,3.0,16.67832,3.0,10.78018,-0.265509,62.0089,3.0
17.29438269604,16.6537,17.3606099970639,15.8686,3.0,16.67829,3.0,12.12914,1.370422,60.2559,3.0
17.3109102966264,16.6739,17.3802249971777,18.0668,3.0,16.67828,3.0,8.974224,-0.059376,59.4712,3.0
17.3293590964749,16.6697,17.3940930971876,15.5307,3.0,16.67827,3.0,11.49751,0.200573,60.8644,3.0
17.3462560968474,16.877,17.4114650962874,15.6466,3.0,16.67854,3.0,10.16538,-0.519009,59.7256,3.0
17.3606099970639,14.7739,17.4284688970074,18.7852,3.0,16.67597,3.0,10.23618,0.487508,58.4962,3.0
17.3802249971777,17.7571,17.4454524973407,15.3877,3.0,16.67743,3.0,10.06613,0.988881,62.5074,3.0
17.3940930971876,17.7259,17.4610899975523,16.9271,3.0,16.67884,3.0,11.41641,0.37669,60.1389,3.0
17.4114650962874,16.2903,17.4783038971946,15.8505,3.0,16.67831,3.0,10.20779,-0.674652,59.3405,3.0
17.4284688970074,16.8712,17.4946732977405,18.3083,3.0,16.67857,3.0,11.27712,0.113475,58.9015,3.0
17.4454524973407,16.1145,17.5128170968965,16.2596,3.0,16.67782,3.0,9.51401,-0.377593,60.3386,3.0
17.4610899975523,17.7656,17.5283383969218,17.1388,3.0,16.67927,3.0,11.46395,-0.611494,60.4839,3.0
17.4783038971946,15.2407,17.5448730960488,14.8662,3.0,16.67735,3.0,11.23472,-0.95069,59.8583,3.0
17.4946732977405,17.4472,17.562414996326,19.1889,3.0,16.67838,3.0,11.72179,0.187036,59.4842,3.0
17.5128170968965,16.39,17.5776743963361,13.5333,3.0,16.67799,3.0,10.62309,-0.569318,61.2258,3.0
17.5283383969218,16.7103,17.5945954956114,18.5556,3.0,16.67804,3.0,11.77599,-0.752408,58.3698,3.0
17.5448730960488,17.1817,17.6130671948195,16.8693,3.0,16.67871,3.0,11.04436,-0.286638,60.2147,3.0
17.562414996326,17.6915,17.6281302943826,16.6202,3.0,16.68005,3.0,11.60522,-0.904368,59.9032,3.0
17.5776743963361,16.1258,17.6444642934948,14.8896,3.0,16.67932,3.0,10.89961,1.424137,58.8325,3.0
17.5945954956114,15.8833,17.661165593192,18.5221,3.0,16.67826,3.0,12.11464,0.267569,57.5961,3.0
17.6130671948195,16.7124,17.6797831933945,16.7879,3.0,16.67831,3.0,6.849368,-0.370845,60.2352,3.0
17.6281302943826,16.6519,17.6946767931804,16.5878,3.0,16.67827,3.0,8.054863,-1.023897,60.311,3.0
17.6444642934948,16.7925,17.7122931936756,15.9811,3.0,16.67842,3.0,5.045331,-0.657681,60.2473,3.0
17.661165593192,16.4704,17.7276963936165,16.6672,3.0,16.67815,3.0,7.298345,-0.301829,59.4366,3.0
17.6797831933945,17.1182,17.7450889935717,18.0363,3.0,16.67873,3.0,6.837597,-0.458592,59.634,3.0
17.6946767931804,16.3515,17.7616014936939,14.4425,3.0,16.6783,3.0,9.385181,-0.09178,60.5523,3.0
17.7122931936756,16.4666,17.7786212945357,19.0752,3.0,16.67802,3.0,7.282129,0.243963,58.6433,3.0
17.7276963936165,15.242,17.7944953953847,13.7493,3.0,16.67614,3.0,7.829792,-0.400961,61.2523,3.0
17.7450889935717,17.8244,17.8106516962871,17.8509,3.0,16.67764,3.0,8.11798,-0.034485,59.7598,3.0
17.7616014936939,17.0466,17.8282794961706,15.9747,3.0,16.67812,3.0,7.342837,0.28053,59.7874,3.0
17.7786212945357,16.9613,17.8450360959396,18.704,3.0,16.67849,3.0,6.735161,1.114659,58.7159,3.0
17.7944953953847,16.521,17.8623412968591,15.4562,3.0,16.67829,3.0,8.411585,1.212434,60.4591,3.0
17.8106516962871,15.1057,17.8779774969444,17.4505,3.0,16.67624,3.0,8.10237,-1.206899,59.3951,3.0
17.8282794961706,18.3032,17.8946345960721,14.8053,3.0,16.67836,3.0,7.066341,-0.882769,61.7399,3.0
17.8450360959396,15.2461,17.9115688959137,19.1592,3.0,16.6765,3.0,3.017166,-0.535698,58.2332,3.0
17.8623412968591,18.203,17.9291163953021,15.5082,3.0,16.67848,3.0,4.932799,-1.171894,62.1554,3.0
17.8779774969444,14.9234,17.9454642953351,18.1181,3.0,16.6762,3.0,9.484469,-0.353862,59.4612,3.0
17.8946345960721,18.5621,17.9613215951249,13.9598,3.0,16.67864,3.0,7.778198,-0.008749,62.6557,3.0
17.9115688959137,14.8062,17.9783858945593,18.9343,3.0,16.67622,3.0,8.943694,-0.663119,58.055,3.0
17.9291163953021,18.5009,17.9950005942956,14.6438,3.0,16.67858,3.0,8.009762,-0.338729,62.1832,3.0
17.9454642953351,14.5587,18.0121697941795,18.99,3.0,16.67585,3.0,8.100549,0.031796,58.3271,3.0
17.9613215951249,17.9025,18.0287318946794,14.7735,3.0,16.67742,3.0,7.487719,-0.638524,62.7574,3.0
17.9783858945593,15.1742,18.0461384942755,19.3429,3.0,16.67549,3.0,8.433729,0.197256,59.6296,3.0
17.9950005942956,17.9157,18.0616779942065,13.6392,3.0,16.67708,3.0,8.007004,-0.252895,63.7987,3.0
18.0121697941795,15.0975,18.0793277937919,17.5989,3.0,16.67506,3.0,6.230524,-1.0828,59.5228,3.0
18.0287318946794,18.5421,18.094677593559,17.0942,3.0,16.67745,3.0,9.059744,0.760823,62.0247,3.0
18.0461384942755,15.2726,18.1125205941498,16.2148,3.0,16.67565,3.0,6.893995,0.605542,60.5774,3.0
18.0616779942065,17.8966,18.128512294963,17.4754,3.0,16.67721,3.0,8.9955,-0.037239,61.5191,3.0
18.0793277937919,17.5203,18.1456492953002,15.6351,3.0,16.67829,3.0,8.530377,-0.19422,61.0999,3.0
18.094677593559,15.6977,18.1623340956867,18.5091,3.0,16.67704,3.0,6.103358,0.15462,59.2141,3.0
18.1125205941498,17.0535,18.1782618965954,14.0127,3.0,16.67752,3.0,6.134439,-0.51402,62.0266,3.0
18.128512294963,16.6353,18.1954424958676,18.7619,3.0,16.67746,3.0,16.17202,-0.15906,58.9862,3.0
18.1456492953002,17.5633,18.2123012952507,15.5075,3.0,16.67859,3.0,9.19058,0.158186,61.1128,3.0
18.1623340956867,16.111,18.2293741945177,18.3654,3.0,16.67787,3.0,5.56872,-0.476813,59.0572,3.0
18.1782618965954,16.6869,18.245688393712,14.9609,3.0,16.67788,3.0,9.41716,0.841849,61.3123,3.0
18.1954424958676,16.3429,18.262276193127,17.9662,3.0,16.67746,3.0,7.323614,-0.333589,59.5864,3.0
18.2123012952507,17.5564,18.2803595922887,16.4632,3.0,16.67857,3.0,8.194113,0.014538,61.2099,3.0
18.2293741945177,15.9512,18.2951083919033,16.3178,3.0,16.67765,3.0,6.656851,-0.642425,60.1175,3.0
18.245688393712,17.8514,18.3113040914759,14.6508,3.0,16.67913,3.0,8.058289,-0.270459,60.4846,3.0
18.262276193127,16.1444,18.3280582921579,18.5917,3.0,16.67846,3.0,7.202162,-0.934879,57.2842,3.0
18.2803595922887,16.5956,18.3452115925029,15.3913,3.0,16.67835,3.0,8.559325,0.393363,59.7317,3.0
18.2951083919033,16.2893,18.3622413920239,18.6369,3.0,16.67786,3.0,7.589759,0.884096,58.5277,3.0
18.3113040914759,17.155,18.378541492857,14.579,3.0,16.67846,3.0,8.676979,2.265109,60.8759,3.0
18.3280582921579,16.1956,18.3955411920324,18.9952,3.0,16.67786,3.0,7.902737,0.429564,58.2997,3.0
18.3452115925029,16.7058,18.4121460923925,14.6655,3.0,16.67789,3.0,7.706804,-0.719868,61.1003,3.0
18.3622413920239,16.4663,18.4298880929127,19.455,3.0,16.67763,3.0,6.002291,-1.38893,59.0599,3.0
18.378541492857,17.1125,18.445589193143,14.0331,3.0,16.67817,3.0,6.819036,0.456124,62.0497,3.0
18.3955411920324,16.5472,18.4613553928211,17.5749,3.0,16.67801,3.0,6.469868,0.816546,58.9696,3.0
18.4121460923925,17.3448,18.4785079928115,15.4207,3.0,16.67884,3.0,8.99853,0.166679,59.9984,3.0
18.4298880929127,16.3011,18.4954464929178,18.6056,3.0,16.67837,3.0,8.645776,1.024764,58.0746,3.0
18.445589193143,16.7991,18.5122506925836,15.1433,3.0,16.67852,3.0,5.678554,0.304878,60.3798,3.0
18.4613553928211,16.9539,18.5282807918265,17.6532,3.0,16.67886,3.0,6.372121,-1.051769,58.7242,3.0
18.4785079928115,15.9438,18.5451156916097,15.1048,3.0,16.67795,3.0,7.159036,0.295494,59.4243,3.0
18.4954464929178,16.2957,18.5623888922855,19.0982,3.0,16.67747,3.0,8.089522,0.143116,58.5854,3.0
18.5122506925836,16.7993,18.5795328924432,15.3241,3.0,16.67763,3.0,7.649369,-0.488377,61.372,3.0
18.5282807918265,16.5167,18.5954958917573,17.6991,3.0,16.67743,3.0,10.01361,-1.14847,59.9134,3.0
18.5451156916097,17.1048,18.6121171908453,14.8954,3.0,16.67795,3.0,7.057084,0.177028,61.0963,3.0
18.5623888922855,16.2445,18.6288050906733,18.4569,3.0,16.67742,3.0,8.991377,-0.482572,58.8873,3.0
18.5795328924432,17.256,18.646172891371,15.6531,3.0,16.67813,3.0,8.54807,-0.654522,61.0997,3.0
18.5954958917573,16.3192,18.6620593918487,17.7968,3.0,16.67769,3.0,10.17687,-0.078582,59.4972,3.0
18.6121171908453,16.9843,18.6794932922348,17.3715,3.0,16.67807,3.0,9.424572,-0.212563,60.9753,3.0
18.6288050906733,16.5828,18.6952294921502,13.9487,3.0,16.67795,3.0,11.89862,-0.850744,61.363,3.0
18.646172891371,17.154,18.7124571921304,18.8675,3.0,16.67853,3.0,7.965582,-0.685701,58.7291,3.0
18.6620593918487,14.9202,18.7297737924382,15.6654,3.0,16.67639,3.0,8.247563,-0.380594,60.4433,3.0
18.6794932922348,17.9415,18.7459427928552,17.8174,3.0,16.67793,3.0,9.751344,-0.086789,61.1886,3.0
18.6952294921502,16.3943,18.7636226927862,15.8665,3.0,16.67758,3.0,7.990401,-0.309984,61.0652,3.0
18.7124571921304,16.6482,18.7782893925905,16.2823,3.0,16.67755,3.0,9.807494,-0.304379,60.5377,3.0
18.7297737924382,17.4202,18.7963899932802,16.6449,3.0,16.67845,3.0,10.85299,0.02039,60.1719,3.0
18.7459427928552,16.2364,18.8121144939214,17.2494,3.0,16.67791,3.0,10.16878,1.46185,59.3961,3.0
18.7636226927862,16.4981,18.8298212941736,15.9568,3.0,16.67769,3.0,16.64918,-0.141525,60.4104,3.0
18.7782893925905,16.7077,18.8465458936989,18.6928,3.0,16.67773,3.0,7.08211,-0.309119,59.8694,3.0
18.7963899932802,17.5421,18.8630088940263,14.7819,3.0,16.67878,3.0,9.34505,1.40796,61.8548,3.0
18.8121144939214,16.8269,18.879402294755,18.139,3.0,16.67896,3.0,8.821025,-0.220896,59.0947,3.0
18.8298212941736,16.9309,18.894987994805,13.8743,3.0,16.67926,3.0,9.765719,-0.375995,60.4076,3.0
18.8465458936989,16.1914,18.9129537940025,19.5281,3.0,16.67867,3.0,10.14904,-0.537125,57.3517,3.0
18.8630088940263,17.2756,18.9291508942842,14.4728,3.0,16.67939,3.0,7.370096,-0.225382,60.6895,3.0
18.879402294755,16.6304,18.9455658942461,17.867,3.0,16.67933,3.0,10.3674,0.25526,57.887,3.0
18.894987994805,16.2613,18.9620565939695,15.2071,3.0,16.67883,3.0,10.76842,0.188078,59.1244,3.0
18.9129537940025,16.7723,18.9791952930391,18.6077,3.0,16.67894,3.0,10.72428,-0.455704,58.0699,3.0
18.9291508942842,16.7856,18.9963007923216,15.4388,3.0,16.67907,3.0,10.40334,-0.555486,59.906,3.0
18.9455658942461,16.0905,19.0122773926705,17.4711,3.0,16.67836,3.0,10.02732,2.349015,58.5594,3.0
18.9620565939695,17.1111,19.029101992026,15.2765,3.0,16.67888,3.0,11.3542,0.472716,59.9408,3.0
18.9791952930391,16.2847,19.047326091677,19.8307,3.0,16.67841,3.0,8.386986,-0.148563,58.1063,3.0
18.9963007923216,17.0836,19.0633349921554,14.5025,3.0,16.67889,3.0,11.44849,-0.308338,61.653,3.0
19.0122773926705,16.8846,19.0785127924755,16.7896,3.0,16.67914,3.0,7.123384,-0.916464,59.0719,3.0
19.029101992026,16.2723,19.0965638933703,16.3752,3.0,16.67866,3.0,10.71706,-0.558078,58.9772,3.0
19.047326091677,16.1089,19.112666494213,17.9255,3.0,16.67798,3.0,9.606838,0.151308,59.0808,3.0
19.0633349921554,17.1755,19.129943494685,15.5228,3.0,16.67857,3.0,11.68306,-1.161949,60.8976,3.0
19.0785127924755,16.5339,19.145607993938,17.3605,3.0,16.6784,3.0,11.20458,-0.299204,59.2459,3.0
19.0965638933703,16.5398,19.1631376938894,15.8242,3.0,16.67823,3.0,11.85299,-0.689403,60.0691,3.0
19.112666494213,16.7676,19.1786716934294,17.2125,3.0,16.67834,3.0,9.925349,-0.681656,59.3571,3.0
19.129943494685,16.7835,19.1974862925708,16.9627,3.0,16.67846,3.0,11.494,-0.788525,59.8019,3.0
19.145607993938,16.1433,19.2121656928211,16.5701,3.0,16.67783,3.0,10.7736,-0.065908,59.982,3.0
19.1631376938894,16.7359,19.2299038935453,15.8931,3.0,16.6779,3.0,12.50536,0.380318,60.4093,3.0
19.1786716934294,16.2293,19.2465040944517,18.531,3.0,16.67737,3.0,11.24183,-0.409829,59.5667,3.0
19.1974862925708,17.5198,19.2621091948822,13.7074,3.0,16.67836,3.0,12.68431,0.141866,61.8688,3.0
19.2121656928211,16.6923,19.2787282941863,17.9584,3.0,16.67838,3.0,10.15988,-0.982566,58.057,3.0
19.2299038935453,16.7768,19.2963900947943,16.3527,3.0,16.67849,3.0,11.46713,0.871175,59.3232,3.0
19.2465040944517,16.0538,19.3123420951888,17.6266,3.0,16.67776,3.0,10.43563,-0.627999,58.8999,3.0
19.2621091948822,16.9143,19.3317820960656,17.7863,3.0,16.67804,3.0,11.71467,-0.642915,60.4777,3.0
19.2787282941863,14.631,19.3462658962235,16.0921,3.0,16.67565,3.0,11.16383,-0.511041,61.3497,3.0
19.2963900947943,18.968,19.3634949969128,15.4599,3.0,16.67832,3.0,10.8904,0.008479,62.8111,3.0
19.3123420951888,15.0382,19.3789809970185,17.2584,3.0,16.67641,3.0,10.79251,-1.050058,59.3035,3.0
19.3317820960656,17.9868,19.3970025973395,16.3588,3.0,16.67794,3.0,12.44114,-0.914172,61.5241,3.0
19.3462658962235,14.7512,19.4134506965056,18.1761,3.0,16.6757,3.0,10.83232,-0.028044,59.8965,3.0
19.3634949969128,18.6594,19.4309421973303,15.8108,3.0,16.678,3.0,11.89276,-1.19034,63.3219,3.0
19.3789809970185,15.0806,19.4464483968914,17.2121,3.0,16.67615,3.0,11.26207,0.602911,60.4736,3.0
19.3970025973395,18.6095,19.4652020968497,17.0206,3.0,16.67839,3.0,12.75924,0.527062,62.6054,3.0
19.4134506965056,14.7694,19.4794951966032,15.854,3.0,16.67618,3.0,9.70914,-0.181976,61.0171,3.0
19.4309421973303,18.3972,19.4962493972853,16.8535,3.0,16.67817,3.0,12.97659,0.540935,62.1014,3.0
19.4464483968914,15.2089,19.5131781967357,15.3939,3.0,16.67647,3.0,9.018138,-0.445947,60.559,3.0
19.4652020968497,19.0859,19.5287314970046,17.1784,3.0,16.67925,3.0,11.24558,-1.118626,60.7438,3.0
19.4794951966032,13.6833,19.545952597633,15.4084,3.0,16.6758,3.0,10.18167,-0.542758,58.8365,3.0
19.4962493972853,18.5141,19.5630193967372,18.7244,3.0,16.67791,3.0,11.23955,-0.426294,60.5624,3.0
19.5131781967357,16.8593,19.5795707963407,16.5762,3.0,16.67812,3.0,9.807326,-0.329207,60.7735,3.0
19.5287314970046,16.2094,19.5961572956294,14.8467,3.0,16.67758,3.0,12.78996,-0.833318,60.4903,3.0
19.545952597633,16.876,19.613562496379,19.0967,3.0,16.67781,3.0,10.47719,-0.906199,59.1284,3.0
19.5630193967372,15.3805,19.6285661961883,13.2802,3.0,16.67633,3.0,12.00971,-0.298161,61.3495,3.0
19.5795707963407,18.941,19.6460996959358,19.439,3.0,16.67892,3.0,10.48682,0.378797,59.2496,3.0
19.5961572956294,15.6769,19.6635321956128,17.4435,3.0,16.67777,3.0,12.4092,-1.085349,59.7487,3.0
19.613562496379,16.604,19.6792993955314,13.9484,3.0,16.67769,3.0,10.61526,0.053453,61.5152,3.0
19.6285661961883,17.07,19.6960865948349,18.5057,3.0,16.67813,3.0,12.0794,-1.107763,58.8605,3.0
19.6460996959358,15.0288,19.7133910953999,16.1802,3.0,16.67626,3.0,9.845949,0.763293,60.2966,3.0
19.6635321956128,18.5878,19.7303429953754,18.1082,3.0,16.67843,3.0,11.05575,-0.165523,61.448,3.0
19.6792993955314,16.0185,19.7455898951739,13.4749,3.0,16.67768,3.0,9.846963,-0.681641,60.9687,3.0
19.6960865948349,16.8037,19.7635384947062,19.4824,3.0,16.67782,3.0,13.02491,0.467463,58.4251,3.0
19.7133910953999,17.556,19.7803122941405,15.1981,3.0,16.67882,3.0,9.144823,0.059922,61.1047,3.0
19.7303429953754,17.0117,19.7962596938014,17.4929,3.0,16.6792,3.0,9.891241,-0.859308,58.7467,3.0
19.7455898951739,17.1939,19.8130999933928,15.3618,3.0,16.67978,3.0,12.14664,-0.501422,59.2287,3.0
19.7635384947062,16.1278,19.8305290937424,18.8446,3.0,16.67916,3.0,9.607778,0.807811,57.3969,3.0
19.7803122941405,17.1114,19.846938893199,15.055,3.0,16.67964,3.0,11.93341,-0.325585,60.1137,3.0
19.7962596938014,16.1828,19.8632914926857,18.0864,3.0,16.67908,3.0,10.75782,-0.66765,58.0583,3.0
19.8130999933928,17.083,19.8808819931,15.9032,3.0,16.67954,3.0,12.00729,-0.010375,59.9623,3.0
19.8305290937424,16.5111,19.8970853928477,17.7627,3.0,16.67935,3.0,9.413385,0.006232,58.7824,3.0
19.846938893199,16.244,19.9132894929498,14.5894,3.0,16.67886,3.0,11.98735,0.567644,60.0342,3.0
19.8632914926857,15.8874,19.930489692837,18.8329,3.0,16.67797,3.0,10.84818,-0.003429,58.38,3.0
19.8808819931,17.5116,19.9462086930871,14.0976,3.0,16.67891,3.0,10.04857,-0.751519,61.3258,3.0
19.8970853928477,16.3245,19.9631524924189,18.5087,3.0,16.67851,3.0,10.07306,-0.738682,57.9121,3.0
19.9132894929498,17.8864,19.9823516923934,17.6553,3.0,16.67986,3.0,9.389929,-0.060387,60.0969,3.0
19.930489692837,16.1021,19.9963168920949,15.4758,3.0,16.67921,3.0,11.82072,-0.011546,59.8662,3.0
19.9462086930871,17.0392,20.0131098916754,15.1503,3.0,16.67962,3.0,10.90248,-0.394829,59.2397,3.0
19.9631524924189,14.8753,20.0296239918098,18.2829,3.0,16.6776,3.0,12.19229,0.562656,57.3511,3.0
19.9823516923934,18.7521,20.0485371919349,17.3231,3.0,16.67991,3.0,10.19815,0.112762,60.7592,3.0
19.9963168920949,14.6271,20.0633729919791,16.1659,3.0,16.67763,3.0,11.66313,0.029778,59.3305,3.0
20.0131098916754,18.9256,20.0796175915748,14.7428,3.0,16.68013,3.0,10.26784,1.517061,60.8697,3.0
20.0296239918098,14.4313,20.0964565910399,18.3649,3.0,16.67763,3.0,9.617938,-0.079693,56.6875,3.0
20.0485371919349,18.8476,20.1151804905385,17.2937,3.0,16.68004,3.0,10.08672,-1.390689,60.6157,3.0
20.0633729919791,14.469,20.1306030908599,16.99,3.0,16.67759,3.0,10.00624,-0.333277,59.0613,3.0
20.0796175915748,18.6787,20.1463548904285,14.2061,3.0,16.6798,3.0,8.462293,0.025848,61.589,3.0
20.0964565910399,14.8326,20.1630324898288,17.9008,3.0,16.67776,3.0,11.80149,-0.380637,57.1106,3.0
20.1151804905385,18.3566,20.1821664897725,17.7724,3.0,16.67962,3.0,11.65988,0.422286,60.1851,3.0
20.1306030908599,14.2642,20.1972871897742,16.8561,3.0,16.67695,3.0,10.51455,-0.16042,59.6016,3.0
20.1463548904285,17.9695,20.2133018905297,14.5412,3.0,16.67838,3.0,10.13474,-0.122866,62.1937,3.0
20.1630324898288,15.2909,20.2307459907606,17.279,3.0,16.67685,3.0,10.12011,-0.127126,58.7652,3.0
20.1821664897725,18.4811,20.246749590151,17.7037,3.0,16.67883,3.0,11.39342,-0.185294,60.7543,3.0
20.1972871897742,14.7869,20.2639617910609,15.4651,3.0,16.67676,3.0,10.47707,-0.932646,59.9779,3.0
20.2133018905297,18.3686,20.2804127903655,17.9822,3.0,16.67861,3.0,11.77293,-0.542216,60.6557,3.0
20.2307459907606,16.9119,20.2976863896474,15.8716,3.0,16.67887,3.0,9.882594,-0.123011,60.2703,3.0
20.246749590151,16.1254,20.3144125891849,18.3109,3.0,16.67826,3.0,11.97585,0.023288,59.2263,3.0
20.2639617910609,17.3512,20.3298290893435,13.7034,3.0,16.679,3.0,10.98992,-0.923112,61.416,3.0
20.2804127903655,15.9909,20.3465699888766,18.3207,3.0,16.67825,3.0,12.48441,-0.575212,57.769,3.0
20.2976863896474,17.3787,20.3630512896925,14.8591,3.0,16.67901,3.0,10.16251,2.577458,60.099,3.0
20.3144125891849,16.4539,20.3813245892525,20.0349,3.0,16.67876,3.0,10.75311,-0.77585,57.5805,3.0
20.3298290893435,17.5586,20.3965499894693,13.5176,3.0,16.67972,3.0,12.50861,-0.873665,61.1614,3.0
20.3465699888766,15.9471,20.4137544902042,18.5814,3.0,16.67892,3.0,6.416042,-0.291668,57.1205,3.0
20.3630512896925,16.7591,20.431015891023,15.7788,3.0,16.67901,3.0,5.86395,0.167012,59.7557,3.0
20.3813245892525,16.546,20.4471826916561,17.5376,3.0,16.67887,3.0,12.14046,-0.857384,58.7759,3.0
20.3965499894693,17.5838,20.4630279922858,14.5562,3.0,16.67985,3.0,9.282068,0.041199,59.7675,3.0
20.4137544902042,16.3663,20.4796615922824,18.3543,3.0,16.67951,3.0,12.23639,-0.348398,56.7407,3.0
20.431015891023,16.7068,20.4974918914959,16.3188,3.0,16.67954,3.0,10.33428,-0.296121,58.7285,3.0
20.4471826916561,16.8805,20.5139239924029,18.139,3.0,16.67975,3.0,11.1798,-0.729218,58.3411,3.0
20.4630279922858,16.8766,20.5295156920329,13.6866,3.0,16.67997,3.0,9.846798,0.150379,59.5998,3.0
20.4796615922824,15.3674,20.5474063912407,19.7979,3.0,16.67855,3.0,10.33272,0.857004,56.4106,3.0
20.4974918914959,16.7758,20.5630987910554,13.742,3.0,16.67866,3.0,10.49382,-0.200552,60.8274,3.0
20.5139239924029,16.3156,20.5801176903769,18.8036,3.0,16.67827,3.0,10.84412,1.119219,57.808,3.0
20.5295156920329,17.0333,20.5981420902535,16.3575,3.0,16.67865,3.0,10.1193,-0.479781,60.2962,3.0
20.5474063912407,16.9783,20.6144674895331,17.9212,3.0,16.67897,3.0,9.350852,-0.244128,59.6207,3.0
20.5630987910554,16.4765,20.6310677891597,14.9575,3.0,16.67875,3.0,10.29438,0.43645,60.5642,3.0
20.5801176903769,16.5483,20.6474122898653,18.0866,3.0,16.67861,3.0,10.87438,-0.433012,59.0457,3.0
20.5981420902535,16.7161,20.6647705892101,15.7454,3.0,16.67865,3.0,10.41353,-0.101174,60.5797,3.0
20.6144674895331,16.5343,20.6807534890249,17.489,3.0,16.6785,3.0,12.02645,-0.012782,59.6142,3.0
20.6310677891597,16.8423,20.697161889635,14.7391,3.0,16.67867,3.0,9.352512,-0.685752,60.5689,3.0
20.6474122898653,16.1532,20.7148446897045,19.5552,3.0,16.67811,3.0,12.18797,-1.302675,58.4661,3.0
20.6647705892101,16.7331,20.7330201892182,16.2833,3.0,16.67817,3.0,10.16318,0.038083,61.8678,3.0
20.6807534890249,16.6531,20.7484261896461,17.0875,3.0,16.67815,3.0,11.79715,-0.588786,61.4191,3.0
20.697161889635,16.5149,20.7660234887153,16.0293,3.0,16.67797,3.0,10.89398,-0.140045,61.854,3.0
20.7148446897045,15.1438,20.7797281891108,15.1938,3.0,16.67634,3.0,13.25122,0.046599,61.3686,3.0
20.7330201892182,18.4109,20.7984356898814,17.1129,3.0,16.67818,3.0,10.41929,-0.627047,61.419,3.0
20.7484261896461,14.5473,20.8130766898394,16.343,3.0,16.67593,3.0,12.32755,-0.164479,60.122,3.0
20.7660234887153,18.8798,20.8333655893803,18.7154,3.0,16.67826,3.0,10.4517,-0.834117,61.9174,3.0
20.7797281891108,14.8335,20.8472849894315,15.607,3.0,16.67631,3.0,11.90215,-0.701101,61.7539,3.0
20.7984356898814,18.4781,20.8662826903164,17.1603,3.0,16.67821,3.0,11.06868,-0.832613,62.5271,3.0
20.8130766898394,15.2186,20.8799654906616,15.4463,3.0,16.67667,3.0,11.97852,0.129559,61.2103,3.0
20.8333655893803,18.2247,20.8993211900815,17.7717,3.0,16.6783,3.0,10.9047,-0.824248,61.4379,3.0
20.8472849894315,14.5272,20.913068190217,14.8039,3.0,16.67604,3.0,12.46001,0.078088,60.9856,3.0
20.8662826903164,18.346,20.9321419894695,17.7887,3.0,16.67779,3.0,11.33724,-0.59152,61.2623,3.0
20.8799654906616,15.3531,20.947372989729,16.8482,3.0,16.6764,3.0,11.82495,-0.762535,60.7059,3.0
20.8993211900815,18.8091,20.9647088889033,15.8211,3.0,16.67864,3.0,11.46061,-0.128761,62.2008,3.0
20.913068190217,14.7677,20.9824524894357,17.6548,3.0,16.67664,3.0,11.81482,1.323847,59.2137,3.0
20.9321419894695,18.4611,20.9971697898582,16.3438,3.0,16.67851,3.0,10.79204,-0.686321,62.1006,3.0
20.947372989729,14.152,21.0145166898146,15.7776,3.0,16.67586,3.0,12.67196,-0.873551,59.9844,3.0
20.9647088889033,19.1171,21.0304771894589,17.9466,3.0,16.67841,3.0,10.22445,0.164659,61.6097,3.0
20.9824524894357,15.9575,21.0483663892373,16.1353,3.0,16.67766,3.0,10.61352,-0.869169,60.4396,3.0
20.9971697898582,17.7386,21.063105288893,16.2289,3.0,16.67877,3.0,10.42045,-0.254916,60.6182,3.0
21.0145166898146,15.8539,21.0814405884594,16.6248,3.0,16.67791,3.0,12.73404,-0.079464,59.1023,3.0
21.0304771894589,16.8709,21.0974017884582,17.6501,3.0,16.67811,3.0,9.919769,0.624802,59.8766,3.0
21.0483663892373,17.2215,21.1148580890149,15.8578,3.0,16.67867,3.0,12.69152,-0.16933,60.6599,3.0
21.063105288893,16.1454,21.1308776885271,17.4689,3.0,16.67812,3.0,10.46016,-0.001776,59.2965,3.0
21.0814405884594,16.6106,21.1467819884419,14.3235,3.0,16.67805,3.0,12.0245,0.423992,60.6204,3.0
21.0974017884582,17.6563,21.1645096875727,19.5052,3.0,16.67906,3.0,9.50713,0.597815,58.334,3.0
21.1148580890149,16.1501,21.1813836880028,15.0373,3.0,16.67852,3.0,12.09588,-0.117897,60.1836,3.0
21.1308776885271,17.0066,21.1970402877778,17.1595,3.0,16.67886,3.0,10.17371,0.130707,59.071,3.0
21.1467819884419,16.9671,21.2145871873945,16.1865,3.0,16.67915,3.0,11.26978,0.110029,59.2245,3.0
21.1645096875727,16.4651,21.2306131869555,17.5136,3.0,16.67893,3.0,9.547897,-0.061997,58.4437,3.0
21.1813836880028,16.5183,21.2478313874453,15.8291,3.0,16.67877,3.0,12.02799,0.974362,59.4927,3.0
21.1970402877778,16.7074,21.2641462869942,17.8147,3.0,16.6788,3.0,10.16477,-1.210902,58.8039,3.0
21.2145871873945,16.4218,21.2811350878328,15.4098,3.0,16.67853,3.0,11.5755,-0.00049,59.9118,3.0
21.2306131869555,16.5993,21.2971873879433,18.0758,3.0,16.67845,3.0,10.53694,-0.159332,58.8998,3.0
21.2478313874453,16.8947,21.3143248874694,15.1285,3.0,16.67867,3.0,10.8987,-0.485742,60.3764,3.0
21.2641462869942,16.3152,21.3320569880307,19.5286,3.0,16.6783,3.0,11.57979,-0.32689,58.6111,3.0
21.2811350878328,16.513,21.3504606876522,16.5599,3.0,16.67813,3.0,11.87813,0.048536,61.8246,3.0
21.2971873879433,16.9262,21.364287587814,15.7047,3.0,16.67838,3.0,10.51374,-0.187852,61.8719,3.0
21.3143248874694,16.3255,21.3814183874056,15.1637,3.0,16.67802,3.0,10.51219,-0.086123,60.651,3.0
21.3320569880307,15.0998,21.3971669869497,17.8684,3.0,16.67641,3.0,10.63986,0.119804,59.4895,3.0
21.3504606876522,18.4484,21.4142460869625,14.9605,3.0,16.67822,3.0,10.09285,-0.110406,62.2582,3.0
21.364287587814,17.233,21.430829086341,18.4364,3.0,16.67879,3.0,10.29252,0.743783,58.7707,3.0
21.3814183874056,16.0637,21.4481009868905,15.6943,3.0,16.67816,3.0,10.0486,-1.209267,59.9747,3.0
21.3971669869497,16.9317,21.4641577871516,17.6764,3.0,16.67842,3.0,9.902106,0.026863,59.6056,3.0
21.4142460869625,16.7857,21.4805997880176,14.4972,3.0,16.67853,3.0,10.02972,1.304843,60.3504,3.0
21.430829086341,17.4923,21.4973104884848,18.4698,3.0,16.67935,3.0,10.87747,0.021415,58.0625,3.0
21.4481009868905,16.34,21.5141903879121,15.2231,3.0,16.67901,3.0,11.36274,-0.382337,59.0409,3.0
21.4641577871516,17.3182,21.5308747878298,18.4094,3.0,16.67966,3.0,9.733457,-0.312339,57.9242,3.0
21.4805997880176,15.4857,21.5475788870826,15.1448,3.0,16.67845,3.0,8.863085,0.051276,59.0158,3.0
21.4973104884848,16.9286,21.5662736864761,20.4986,3.0,16.6787,3.0,9.799437,-0.37791,58.6755,3.0
21.5141903879121,16.4881,21.5812019864097,13.0838,3.0,16.67851,3.0,10.62504,-0.075265,62.246,3.0
21.5308747878298,17.5358,21.5967445867136,16.9394,3.0,16.67937,3.0,10.13052,-0.850867,58.8421,3.0
21.5475788870826,15.9119,21.6139550870284,15.7662,3.0,16.6786,3.0,11.89121,-1.436287,58.2463,3.0
21.5662736864761,17.1081,21.6308354875073,18.8266,3.0,16.67903,3.0,10.16726,0.231207,58.0852,3.0
21.5812019864097,16.3313,21.6480352869257,15.4479,3.0,16.67868,3.0,11.89737,0.156089,59.8197,3.0
21.5967445867136,16.7796,21.66353018675,16.9817,3.0,16.67878,3.0,10.85299,-0.169049,58.9372,3.0
21.6139550870284,16.3734,21.6806892873719,15.5526,3.0,16.67848,3.0,13.26609,-0.457974,59.1396,3.0
21.6308354875073,17.438,21.6983496872708,19.3445,3.0,16.67924,3.0,9.756111,-0.173118,58.3191,3.0
21.6480352869257,16.6482,21.7159754866734,15.9069,3.0,16.67921,3.0,11.50235,-0.604545,60.2262,3.0
21.66353018675,16.4247,21.730926586315,16.6794,3.0,16.67895,3.0,9.991974,-0.575874,59.485,3.0
21.6806892873719,16.3379,21.7484334856272,15.5898,3.0,16.67861,3.0,12.22512,0.041777,59.7401,3.0
21.6983496872708,14.8647,21.7639919854701,17.2741,3.0,16.6768,3.0,10.20055,-1.562751,58.9923,3.0
21.7159754866734,18.662,21.7823321856558,16.7815,3.0,16.67878,3.0,12.44757,-0.390212,61.4021,3.0
21.730926586315,16.9072,21.7985398862511,18.0614,3.0,16.67901,3.0,10.58312,-0.228219,59.5135,3.0
21.7484334856272,16.7151,21.8145563863218,13.9959,3.0,16.67904,3.0,11.89605,-0.22507,60.6768,3.0
21.7639919854701,16.6661,21.8309713862836,18.335,3.0,16.67903,3.0,11.50201,-0.011227,57.9584,3.0
21.7823321856558,16.1345,21.849725285545,17.1347,3.0,16.67849,3.0,12.42452,-0.207188,59.6274,3.0
21.7985398862511,16.9173,21.86520078592,17.1006,3.0,16.67873,3.0,10.24427,-0.368066,60.6284,3.0
21.8145563863218,16.3886,21.8809321857989,13.9924,3.0,16.67844,3.0,12.03043,0.345764,60.8121,3.0
21.8309713862836,14.8815,21.8980175852776,18.9927,3.0,16.67666,3.0,9.593988,-0.408521,58.4164,3.0
21.849725285545,18.3044,21.9154060855508,15.4333,3.0,16.67827,3.0,11.73017,0.16677,62.5274,3.0
21.86520078592,14.9896,21.9310917854309,17.4059,3.0,16.6766,3.0,10.19194,-0.218838,59.6575,3.0
21.8809321857989,18.4393,21.9479542858899,15.088,3.0,16.67834,3.0,11.50772,0.691368,62.0743,3.0
21.8980175852776,16.8512,21.9651697855443,19.0031,3.0,16.67851,3.0,10.48943,-0.547837,58.7236,3.0
21.9154060855508,16.3319,21.9805862857029,13.5722,3.0,16.67817,3.0,11.77274,-0.719642,60.8755,3.0
21.9310917854309,17.0987,21.9986156849191,19.7125,3.0,16.67858,3.0,10.07803,0.159777,58.1162,3.0
21.9479542858899,16.322,22.0151513842866,14.8645,3.0,16.67823,3.0,11.22964,0.751878,60.7308,3.0
21.9651697855443,16.4985,22.0307618845254,17.109,3.0,16.67806,3.0,10.68894,-0.729554,59.2737,3.0
21.9805862857029,16.7629,22.048108683899,16.0181,3.0,16.67814,3.0,10.85182,-0.450195,59.8842,3.0
21.9986156849191,16.7843,22.0646641831845,18.2678,3.0,16.67824,3.0,9.501622,-0.286697,59.14,3.0
22.0151513842866,16.6916,22.0821299832314,15.588,3.0,16.67826,3.0,8.879854,0.073995,60.6173,3.0
22.0307618845254,16.6899,22.0979819837958,17.6982,3.0,16.67827,3.0,12.6067,-1.091985,59.5206,3.0
22.048108683899,18.0809,22.1152689829469,17.4445,3.0,16.67964,3.0,10.66,-1.735012,60.5297,3.0
22.0646641831845,16.347,22.1340429838747,16.7534,3.0,16.67932,3.0,10.0841,0.007074,59.8934,3.0
22.0821299832314,16.5679,22.1484211841598,16.0795,3.0,16.67921,3.0,9.967785,-0.225548,60.3002,3.0
22.0979819837958,16.9924,22.1652964847162,15.1227,3.0,16.67951,3.0,12.97811,0.550998,59.8105,3.0
22.1152689829469,14.6145,22.1825768845156,15.5679,3.0,16.6775,3.0,12.08803,-0.26486,57.936,3.0
22.1340429838747,18.0369,22.1982010845095,16.9982,3.0,16.67882,3.0,11.82205,-0.428184,60.7134,3.0
22.1484211841598,17.5375,22.2141954842955,14.5322,3.0,16.67966,3.0,10.4435,-0.125459,59.6751,3.0
22.1652964847162,15.5475,22.2319760844111,19.6583,3.0,16.67856,3.0,11.26856,0.326037,56.6632,3.0
22.1825768845156,17.6234,22.2520948853344,18.3858,3.0,16.67948,3.0,10.44378,-0.574837,60.7807,3.0
22.1982010845095,15.8615,22.2650140849873,12.7979,3.0,16.67868,3.0,12.18256,-0.657259,61.5432,3.0
22.2141954842955,17.6247,22.2820198843256,18.7551,3.0,16.6796,3.0,10.38446,1.118153,58.4801,3.0
22.2319760844111,14.5292,22.2995140841231,15.7697,3.0,16.67752,3.0,11.54274,1.320771,59.6111,3.0
22.2520948853344,18.4661,22.3152169836685,17.4966,3.0,16.67925,3.0,10.54746,-1.0074,60.8519,3.0
22.2650140849873,16.3012,22.3322944836691,15.3927,3.0,16.67888,3.0,12.48585,-0.184639,59.8831,3.0
22.2820198843256,17.2055,22.3485542843118,17.9037,3.0,16.67939,3.0,9.036429,-0.834608,58.9744,3.0
22.2995140841231,16.5132,22.3653078852221,15.4057,3.0,16.67923,3.0,10.5398,-0.127934,59.6731,3.0
22.3152169836685,15.4455,22.3819438843057,18.1224,3.0,16.67804,3.0,11.34964,0.160929,58.5659,3.0
22.3322944836691,16.5541,22.3991077849641,15.3044,3.0,16.67792,3.0,9.960208,0.499814,61.2431,3.0
22.3485542843118,16.7065,22.4150735856965,17.4195,3.0,16.67795,3.0,11.10543,-0.62916,59.9932,3.0
22.3653078852221,16.9028,22.4315094863996,16.8045,3.0,16.67817,3.0,12.14047,-0.015078,60.707,3.0
22.3819438843057,16.6958,22.448062886484,14.7031,3.0,16.67818,3.0,10.02789,-0.396252,60.6087,3.0
22.3991077849641,17.3087,22.4653178872541,18.9024,3.0,16.67879,3.0,11.32416,1.024397,58.6163,3.0
22.4150735856965,14.2116,22.4824467869475,15.4681,3.0,16.67642,3.0,11.07068,-0.053082,60.2106,3.0
22.4315094863996,18.6163,22.4982662862167,17.5483,3.0,16.67828,3.0,11.90595,-0.153376,61.4668,3.0
22.448062886484,16.9831,22.5153856864199,15.3972,3.0,16.67857,3.0,10.2658,0.667687,60.3995,3.0
22.4653178872541,17.0017,22.53125588689,17.5839,3.0,16.67888,3.0,10.68698,-0.75472,58.8138,3.0
22.4824467869475,15.5654,22.5487678861246,15.7781,3.0,16.67782,3.0,10.23258,-0.504872,59.3967,3.0
22.4982662862167,17.1451,22.5650067860261,17.9651,3.0,16.67826,3.0,12.04761,-0.875989,59.6094,3.0
22.5153856864199,16.0587,22.5810452857986,14.3878,3.0,16.67767,3.0,9.53392,-0.376451,60.4301,3.0
22.53125588689,17.0327,22.5984925860539,18.9303,3.0,16.67801,3.0,12.68447,-0.699959,58.7594,3.0
22.5487678861246,17.017,22.615156785585,15.1209,3.0,16.67833,3.0,10.80709,-0.680532,60.6577,3.0
22.5650067860261,16.4588,22.6323661850765,19.1036,3.0,16.67813,3.0,10.61755,1.220345,58.7617,3.0
22.5810452857986,16.9152,22.6489141853526,16.4882,3.0,16.67835,3.0,10.67566,-0.568004,61.4066,3.0
22.5984925860539,16.061,22.6660888856277,15.3239,3.0,16.67776,3.0,12.46813,0.426768,60.9798,3.0
22.615156785585,17.5481,22.6824182858691,18.0912,3.0,16.67859,3.0,10.62416,-0.86623,60.2435,3.0
22.6323661850765,14.572,22.6984624853358,14.3188,3.0,16.6766,3.0,10.5038,-0.17675,60.7868,3.0
22.6489141853526,19.2465,22.7157840849832,19.1745,3.0,16.67903,3.0,10.59993,-0.380988,60.534,3.0
22.6660888856277,16.0964,22.7330734850839,15.4653,3.0,16.67847,3.0,11.30583,-2.9e-05,60.4621,3.0
22.6824182858691,16.5239,22.7494993852451,18.0135,3.0,16.67833,3.0,11.31595,-0.738853,59.8314,3.0
22.6984624853358,17.5778,22.766143986024,15.0086,3.0,16.67918,3.0,9.951788,-1.288046,61.3145,3.0
22.7157840849832,14.5877,22.7822937862948,18.0473,3.0,16.67721,3.0,12.18893,-0.355234,58.7528,3.0
22.7330734850839,18.2816,22.8005873868242,16.5237,3.0,16.67872,3.0,9.790653,-0.275074,62.2118,3.0
22.7494993852451,15.2924,22.8159645870328,17.0125,3.0,16.67741,3.0,12.72935,0.36987,60.455,3.0
22.766143986024,18.0603,22.8343014866114,16.6961,3.0,16.67871,3.0,11.55523,-0.724526,62.175,3.0
22.7822937862948,14.9403,22.8481365870684,15.4308,3.0,16.67708,3.0,12.26017,-0.709302,60.8113,3.0
22.8005873868242,18.8244,22.8681971877813,20.3724,3.0,16.67909,3.0,10.23223,-0.491504,61.302,3.0
22.8159645870328,15.2539,22.8820830881596,11.7819,3.0,16.67776,3.0,11.45643,0.451854,62.8504,3.0
22.8343014866114,17.6405,22.8984701875597,18.1725,3.0,16.67866,3.0,10.6831,0.081931,59.3783,3.0
22.8481365870684,15.0607,22.915249587968,15.0644,3.0,16.67715,3.0,12.5577,-0.740146,59.9046,3.0
22.8681971877813,18.6801,22.9324977882206,19.0017,3.0,16.67902,3.0,10.06835,-0.387292,59.9147,3.0
22.8820830881596,15.6658,22.9489215873182,14.6777,3.0,16.67807,3.0,11.24247,-0.370516,60.2372,3.0
22.8984701875597,17.1343,22.9665707871318,19.3897,3.0,16.6785,3.0,9.802746,0.029992,59.25,3.0
22.915249587968,16.4505,22.9822254870087,13.8765,3.0,16.67829,3.0,12.52329,-0.062092,61.5052,3.0
22.9324977882206,17.4994,22.9990403875709,18.4247,3.0,16.67905,3.0,10.25792,0.706149,58.9318,3.0
22.9489215873182,16.5043,23.016511388123,15.9742,3.0,16.67889,3.0,12.30051,-0.435201,59.8572,3.0
22.9665707871318,16.7174,23.0321959890425,17.3776,3.0,16.67892,3.0,9.985092,0.522146,59.3274,3.0
22.9822254870087,16.7851,23.049475889653,17.7586,3.0,16.67902,3.0,11.88215,-0.794667,59.9883,3.0
22.9990403875709,16.6574,23.0660855900496,16.1872,3.0,16.679,3.0,9.221201,0.334545,60.962,3.0
23.016511388123,16.9222,23.0822659898549,15.2036,3.0,16.67923,3.0,12.26265,-0.326694,60.4922,3.0
23.0321959890425,14.4614,23.0992755889893,17.9523,3.0,16.67718,3.0,11.34077,0.086688,58.7738,3.0
23.049475889653,18.1888,23.1160892881453,15.0352,3.0,16.67857,3.0,10.92435,0.157624,62.2644,3.0
23.0660855900496,15.4695,23.1321275886148,17.6609,3.0,16.67746,3.0,11.38009,-0.561764,59.1116,3.0
23.0822659898549,18.0981,23.1487809885293,15.0991,3.0,16.67877,3.0,10.58931,-0.070933,61.3032,3.0
23.0992755889893,17.2063,23.1661469880491,18.9356,3.0,16.67925,3.0,11.62018,0.048887,58.305,3.0
23.1160892881453,16.4794,23.1830882877111,15.3012,3.0,16.67907,3.0,9.800264,0.44513,60.0344,3.0
23.1321275886148,16.7843,23.199344387278,17.7174,3.0,16.67916,3.0,12.46833,0.076863,58.8567,3.0
23.1487809885293,17.0082,23.216008586809,15.1864,3.0,16.67947,3.0,10.38301,0.024814,59.7902,3.0
23.1661469880491,16.0272,23.232181886211,17.8032,3.0,16.67887,3.0,11.54767,1.405386,57.9606,3.0
23.1830882877111,16.327,23.2501843869686,16.3809,3.0,16.67855,3.0,9.861137,-0.514069,59.7454,3.0
23.199344387278,16.9325,23.2664321865886,17.9249,3.0,16.67878,3.0,11.57799,-0.95002,59.7991,3.0
23.216008586809,16.6471,23.2823952864856,14.1731,3.0,16.67875,3.0,10.29821,-0.931783,60.792,3.0
23.232181886211,14.637,23.2989388871938,18.4149,3.0,16.67688,3.0,10.51667,-0.446544,58.3183,3.0
23.2501843869686,18.7636,23.3175227865577,16.969,3.0,16.67879,3.0,10.87472,-0.0943,62.096,3.0
23.2664321865886,14.803,23.3331930860877,17.2107,3.0,16.67708,3.0,12.90398,-0.463391,60.3019,3.0
23.2823952864856,18.5346,23.3505353853106,15.7047,3.0,16.67877,3.0,10.98954,-0.144318,62.7091,3.0
23.2989388871938,14.9036,23.3663395848125,17.3645,3.0,16.67715,3.0,12.2784,-0.218487,59.8804,3.0
23.3175227865577,18.5319,23.3850804846734,17.0563,3.0,16.67884,3.0,10.31809,0.814707,62.3408,3.0
23.3331930860877,15.1232,23.3996917847544,16.2887,3.0,16.67743,3.0,12.41812,-0.097829,60.8662,3.0
23.3505353853106,17.9542,23.4183515850455,17.0942,3.0,16.67859,3.0,10.09359,-1.019295,62.0317,3.0
23.3663395848125,15.1709,23.4322648849338,15.6534,3.0,16.67722,3.0,12.11529,-0.573711,61.1724,3.0
23.3850804846734,18.4113,23.4507817849517,16.8224,3.0,16.67879,3.0,9.335529,-0.333868,61.6541,3.0
23.3996917847544,14.7053,23.4658958846703,16.6649,3.0,16.677,3.0,11.9845,-0.223816,60.0664,3.0
23.4183515850455,19.2798,23.4830357851461,15.3873,3.0,16.67936,3.0,11.08571,-0.826091,62.0259,3.0
23.4322648849338,14.6714,23.4989916859195,17.8974,3.0,16.67754,3.0,12.34567,-0.674417,58.1348,3.0
23.4507817849517,18.3923,23.5176568860188,16.9136,3.0,16.67909,3.0,10.41782,-0.085144,61.3602,3.0
23.4658958846703,15.0799,23.5332294860855,15.5046,3.0,16.67765,3.0,11.95419,0.373203,59.8825,3.0
23.4830357851461,18.2047,23.5494671864435,17.6459,3.0,16.67903,3.0,10.97532,-0.342917,60.3073,3.0
23.4989916859195,14.5319,23.5664767855778,15.6648,3.0,16.67709,3.0,12.55084,-0.388148,59.7491,3.0
23.5176568860188,19.4838,23.5821179850027,17.1902,3.0,16.67962,3.0,10.1287,-0.392539,60.8816,3.0
23.5332294860855,15.6209,23.6000383840874,17.9397,3.0,16.67867,3.0,11.48472,0.304295,58.5889,3.0
23.5494671864435,17.524,23.6158511834219,15.8744,3.0,16.67943,3.0,10.42565,-0.461555,60.9075,3.0
23.5664767855778,16.4272,23.6324716834351,15.0639,3.0,16.6792,3.0,12.24794,0.254413,59.2585,3.0
23.5821179850027,16.7664,23.6500589838251,18.9453,3.0,16.67928,3.0,10.46581,-0.624472,57.8954,3.0
23.6000383840874,16.5631,23.6668984843418,17.4662,3.0,16.67917,3.0,11.49296,-0.2106,60.0745,3.0
23.6158511834219,17.908,23.683330683969,16.1373,3.0,16.68027,3.0,10.36669,0.497818,60.9787,3.0
23.6324716834351,15.9587,23.6986680841073,15.3499,3.0,16.67963,3.0,9.676872,0.006572,59.2083,3.0
23.6500589838251,14.5014,23.716211183928,15.8107,3.0,16.67768,3.0,12.4105,1.002023,58.5996,3.0
23.6668984843418,19.1401,23.732338684611,17.9008,3.0,16.67988,3.0,10.21808,-0.998589,59.9089,3.0
23.683330683969,14.1344,23.7495658854023,15.3075,3.0,16.67761,3.0,11.23343,0.425117,58.6702,3.0
23.6986680841073,19.1316,23.7670975858346,17.4999,3.0,16.6798,3.0,10.09178,-0.587914,59.8419,3.0
23.716211183928,16.1579,23.7831958858296,17.8032,3.0,16.67933,3.0,10.90719,0.49151,58.2122,3.0
23.732338684611,16.764,23.8004074851051,15.5295,3.0,16.67941,3.0,11.29958,0.499255,59.8582,3.0
23.7495658854023,16.7562,23.8161674859002,17.0894,3.0,16.67948,3.0,11.33491,0.323896,58.61,3.0
23.7670975858346,16.9939,23.8332689860836,15.9273,3.0,16.67975,3.0,10.76429,0.036825,58.9573,3.0
23.7831958858296,15.8775,23.849523386918,17.6311,3.0,16.67904,3.0,11.48785,-1.034464,57.8905,3.0
23.8004074851051,17.483,23.8662618873641,15.2653,3.0,16.67976,3.0,9.471604,0.232206,59.6447,3.0
23.8161674859002,15.823,23.8830518880859,18.4204,3.0,16.679,3.0,11.36767,-0.252123,57.4274,3.0
23.8332689860836,17.6472,23.8991465875879,14.4594,3.0,16.67985,3.0,9.910264,-0.550964,60.0248,3.0
23.849523386918,16.3477,23.9168550884351,19.5787,3.0,16.67956,3.0,12.71499,-0.742632,56.8373,3.0
23.8662618873641,17.1633,23.9331447882578,14.3597,3.0,16.67999,3.0,9.866623,-0.271396,60.0686,3.0
23.8830518880859,15.0474,23.9503614874557,18.982,3.0,16.67855,3.0,12.07546,0.118723,57.2661,3.0
23.8991465875879,16.5716,23.9659855877981,13.8659,3.0,16.67845,3.0,10.88693,-0.545488,61.2007,3.0
23.9168550884351,16.7273,23.9834903879091,19.3022,3.0,16.67849,3.0,12.3602,-0.393882,58.4952,3.0
23.9331447882578,17.218,23.999284687452,13.9798,3.0,16.67897,3.0,10.42888,1.159879,61.0711,3.0
23.9503614874557,16.0555,24.0163394873962,18.8313,3.0,16.67842,3.0,11.66789,0.494924,57.8325,3.0
23.9659855877981,16.8432,24.0330824879929,15.1463,3.0,16.67857,3.0,10.87888,-1.003054,60.609,3.0
23.9834903879091,16.5305,24.0490479888394,17.5675,3.0,16.67844,3.0,12.28382,0.359477,58.9119,3.0
23.999284687452,16.9047,24.06839018967,17.6976,3.0,16.67863,3.0,9.127076,-0.21392,59.9496,3.0
24.0163394873962,16.7128,24.0834035901353,16.7966,3.0,16.67866,3.0,11.30765,0.352247,60.7426,3.0
24.0330824879929,16.765,24.1004487900063,15.163,3.0,16.67874,3.0,11.19482,-0.679992,60.8264,3.0
24.0490479888394,16.9522,24.1160206897184,17.3469,3.0,16.67898,3.0,11.50072,0.243045,59.2254,3.0
24.06839018967,17.1876,24.1335699902847,15.7345,3.0,16.67942,3.0,10.25125,-0.933087,59.6123,3.0
24.0834035901353,16.4611,24.1492099901661,17.2647,3.0,16.67923,3.0,11.41059,1.185513,58.1675,3.0
24.1004487900063,16.9611,24.166534489952,15.728,3.0,16.67948,3.0,10.72606,-0.795359,58.9713,3.0
24.1160206897184,16.6113,24.1833668900654,18.5391,3.0,16.67942,3.0,11.58279,0.253779,57.7381,3.0
24.1335699902847,16.6754,24.1998429903761,14.7853,3.0,16.67942,3.0,11.04069,0.1958,59.6668,3.0
24.1492099901661,16.6745,24.2175171906129,19.4754,3.0,16.67941,3.0,10.76496,-0.901294,57.7767,3.0
24.166534489952,16.6669,24.2338966904208,14.7425,3.0,16.6794,3.0,10.87042,-1.005257,60.5783,3.0
24.1833668900654,16.3055,24.2511841906235,18.8543,3.0,16.67908,3.0,11.6587,0.017204,58.6537,3.0
24.1998429903761,16.8928,24.2666020905599,13.8109,3.0,16.67926,3.0,9.799794,-0.733444,61.2028,3.0
24.2175171906129,16.7917,24.284541090019,19.5038,3.0,16.67936,3.0,12.77726,0.351433,58.121,3.0
24.2338966904208,16.7142,24.3003655904904,14.4511,3.0,16.67939,3.0,11.4963,-0.079678,60.8339,3.0
24.2511841906235,16.2917,24.3156977901235,16.8155,3.0,16.67905,3.0,11.81824,0.422785,58.5711,3.0
24.2666020905599,17.401,24.3332609897479,15.8539,3.0,16.67968,3.0,10.86767,-0.764011,59.0955,3.0
24.284541090019,16.0925,24.3505341904238,18.8183,3.0,16.67917,3.0,9.758278,-1.149211,57.5483,3.0
24.3003655904904,16.9506,24.3662406904623,14.0345,3.0,16.67941,3.0,10.34371,0.349642,60.2742,3.0
24.3156977901235,16.4824,24.3833216903731,18.9196,3.0,16.67924,3.0,11.56231,-0.574145,57.3586,3.0
24.3332609897479,17.2564,24.4003915907815,15.6248,3.0,16.67973,3.0,10.97871,-0.015823,59.7965,3.0
24.3505341904238,15.8019,24.4182085907087,19.1297,3.0,16.67898,3.0,11.29976,0.28821,58.165,3.0
24.3662406904623,17.6211,24.4327143905684,12.8846,3.0,16.67979,3.0,9.799145,-0.334461,61.4934,3.0
24.3833216903731,16.3875,24.4504629904404,19.407,3.0,16.67954,3.0,10.66872,-0.275911,56.7572,3.0
24.4003915907815,16.0124,24.4666027901694,14.4524,3.0,16.67896,3.0,10.10589,0.013991,59.7772,3.0
24.4182085907087,15.9642,24.4832325903699,18.2037,3.0,16.67835,3.0,9.789561,-1.114923,58.2168,3.0
24.4327143905684,17.3333,24.5003208899871,15.6918,3.0,16.67891,3.0,10.61201,-0.570545,60.4572,3.0
24.4504629904404,16.2318,24.5162167893723,17.7796,3.0,16.67853,3.0,10.43201,-0.240129,58.8159,3.0
24.4666027901694,17.4412,24.5332510890439,15.1375,3.0,16.67918,3.0,11.72362,-0.307541,60.3642,3.0
24.4832325903699,15.6258,24.5504210898653,18.7324,3.0,16.67828,3.0,11.22075,-0.401267,58.0605,3.0
24.5003208899871,17.4808,24.5672628907487,14.9983,3.0,16.67897,3.0,12.49333,0.314716,61.1675,3.0
24.5162167893723,16.0336,24.5831716908142,17.5986,3.0,16.67841,3.0,10.44354,-1.360156,58.685,3.0
24.5332510890439,16.6375,24.6004886915907,15.6406,3.0,16.67838,3.0,10.54527,-0.497443,60.2508,3.0
24.5504210898653,17.0104,24.6164447916672,17.668,3.0,16.67866,3.0,12.37998,0.265622,59.2537,3.0
24.5672628907487,16.8262,24.633140492253,15.2195,3.0,16.67879,3.0,9.958556,-0.696834,59.9116,3.0
24.5831716908142,16.0486,24.6499130921438,18.588,3.0,16.67825,3.0,13.35834,-0.506465,58.3055,3.0
24.6004886915907,18.129,24.6671772925183,15.2581,3.0,16.67949,3.0,10.59538,0.004454,60.8449,3.0
24.6164447916672,15.1715,24.6832213932648,17.8094,3.0,16.6782,3.0,9.827234,0.24793,57.9743,3.0
24.633140492253,17.5658,24.7001669937745,15.3132,3.0,16.67896,3.0,12.56147,-1.04069,60.6129,3.0
24.6499130921438,16.89,24.7175541939214,19.5082,3.0,16.67914,3.0,10.73165,0.195713,58.342,3.0
24.6671772925183,16.4592,24.7359501933679,16.4315,3.0,16.67895,3.0,11.23237,0.306534,60.9793,3.0
24.6832213932648,16.4513,24.749682193622,15.4064,3.0,16.67876,3.0,9.79869,-0.447021,60.9515,3.0
24.7001669937745,17.3154,24.7679476942867,16.5643,3.0,16.6793,3.0,13.00819,-0.278864,59.9068,3.0
24.7175541939214,14.8643,24.7833152944222,16.8972,3.0,16.67776,3.0,10.20357,0.435453,59.1566,3.0
24.7359501933679,18.5031,24.8023497937247,17.5119,3.0,16.6793,3.0,11.68692,0.191215,61.1893,3.0
24.749682193622,14.0261,24.8163522938266,15.1302,3.0,16.67706,3.0,10.87166,-0.143333,60.1991,3.0
24.7679476942867,18.5189,24.8359781941399,18.409,3.0,16.67862,3.0,12.18735,0.710008,61.3032,3.0
24.7833152944222,14.653,24.8497544936836,15.5826,3.0,16.67691,3.0,10.02538,0.296837,61.1933,3.0
24.8023497937247,18.9842,24.8680827934295,16.3629,3.0,16.67885,3.0,11.65343,-0.192568,62.1233,3.0
24.8163522938266,14.2797,24.8838884942234,17.5716,3.0,16.67683,3.0,10.23789,0.337723,59.5025,3.0
24.8359781941399,18.8128,24.9019626937807,16.6572,3.0,16.67863,3.0,11.01316,-0.606237,62.7941,3.0
24.8497544936836,15.202,24.9169760942459,16.496,3.0,16.67739,3.0,9.934568,-0.375051,60.6382,3.0
24.8680827934295,18.1952,24.9360259938985,17.3716,3.0,16.67866,3.0,12.02748,0.279533,61.9331,3.0
24.8838884942234,14.7436,24.950319994241,15.9194,3.0,16.67704,3.0,9.870437,-0.516571,61.1099,3.0
24.9019626937807,19.2108,24.968942893669,16.8634,3.0,16.67916,3.0,12.45665,-0.496986,62.2861,3.0
24.9169760942459,14.4058,24.9843952935189,17.2475,3.0,16.67726,3.0,10.62747,-0.568717,59.9391,3.0
24.9360259938985,18.5692,25.0018489938229,15.599,3.0,16.67884,3.0,9.651071,-0.188446,62.7803,3.0
24.950319994241,15.1451,25.0184544939548,16.6446,3.0,16.67756,3.0,10.85359,-0.206379,59.8114,3.0
24.968942893669,18.484,25.0331534938887,16.2448,3.0,16.67907,3.0,12.38442,-0.633018,61.3107,3.0
24.9843952935189,14.5222,25.0505785932764,16.2339,3.0,16.67727,3.0,10.78025,-0.485008,59.0723,3.0
25.0018489938229,18.6798,25.0674527930096,18.3772,3.0,16.67894,3.0,10.13618,-0.163912,60.7834,3.0
25.0184544939548,16.1887,25.0841527925804,14.8726,3.0,16.67853,3.0,10.65092,0.254525,60.4819,3.0
25.0331534938887,17.2009,25.1020220918581,19.5158,3.0,16.67897,3.0,12.58711,-0.610591,59.1658,3.0
25.0505785932764,16.7268,25.1174256922677,13.7471,3.0,16.67901,3.0,10.90041,-0.615144,61.4811,3.0
25.0674527930096,16.4479,25.133409791626,17.6182,3.0,16.67881,3.0,10.28757,0.09738,58.5017,3.0
25.0841527925804,16.6779,25.1520099909976,17.112,3.0,16.67881,3.0,9.975691,0.21573,59.6724,3.0
25.1020220918581,16.5193,25.1673402907327,17.0863,3.0,16.67868,3.0,12.44854,-0.411802,60.1068,3.0
25.1174256922677,17.2017,25.1860910905525,16.9008,3.0,16.67912,3.0,11.22072,0.375242,60.6741,3.0
25.133409791626,16.0544,25.2001285906881,15.2284,3.0,16.6786,3.0,10.13227,-0.309369,60.3742,3.0
25.1520099909976,16.7823,25.2174498904496,16.1185,3.0,16.67868,3.0,9.951802,0.189865,59.5482,3.0
25.1673402907327,15.2369,25.2333072908223,18.0751,3.0,16.67749,3.0,12.08366,0.002504,58.8847,3.0
25.1860910905525,18.2203,25.250443091616,16.8304,3.0,16.67877,3.0,11.49187,0.534908,61.7145,3.0
25.2001285906881,15.0865,25.2674774918705,16.9476,3.0,16.67745,3.0,10.46574,0.645263,60.3338,3.0
25.2174498904496,18.4106,25.2858945913613,18.6186,3.0,16.67888,3.0,11.6733,-0.643546,62.1945,3.0
25.2333072908223,15.5974,25.3015595916659,13.6296,3.0,16.67799,3.0,10.37239,-0.57611,62.4033,3.0
25.250443091616,18.0116,25.3173847924918,17.2613,3.0,16.67909,3.0,11.17724,-0.748231,60.4363,3.0
25.2674774918705,15.0,25.3354933932424,16.5102,3.0,16.67771,3.0,9.551246,0.825444,59.6863,3.0
25.2858945913613,18.3638,25.3508717929944,15.4067,3.0,16.67909,3.0,12.53011,-0.622568,61.1966,3.0
25.3015595916659,16.7859,25.3686313936487,19.6407,3.0,16.67918,3.0,10.88713,-0.119635,58.2399,3.0
25.3173847924918,16.4989,25.384283493273,13.8816,3.0,16.67903,3.0,12.70966,0.482317,61.095,3.0
25.3354933932424,15.7489,25.4003388928249,17.9489,3.0,16.67827,3.0,9.350268,-0.012791,58.4784,3.0
25.3508717929944,16.7757,25.4181186920032,15.9341,3.0,16.67835,3.0,12.51534,-0.835629,60.6787,3.0
25.3686313936487,16.9936,25.4342571916059,17.5716,3.0,16.67861,3.0,10.61198,-0.920184,59.8377,3.0
25.384283493273,16.4912,25.4520182916895,16.2572,3.0,16.67845,3.0,11.51479,0.193549,60.4165,3.0
25.4003388928249,16.9668,25.4683495918289,18.0162,3.0,16.67869,3.0,10.65523,-0.061104,60.1823,3.0
25.4181186920032,16.8233,25.4843924911693,16.3697,3.0,16.67881,3.0,12.78238,-1.090762,61.2319,3.0
25.4342571916059,16.994,25.4994634911418,12.9988,3.0,16.67907,3.0,11.10615,0.111271,60.7787,3.0
25.4520182916895,16.0786,25.5174169912934,19.7518,3.0,16.67858,3.0,11.46,-0.835578,56.7838,3.0
25.4683495918289,15.8904,25.5341556910425,14.93,3.0,16.67793,3.0,9.999862,-0.544648,60.4574,3.0
25.4843924911693,17.2502,25.5509638916701,16.8949,3.0,16.6784,3.0,13.00103,0.792599,59.4972,3.0
25.4994634911418,17.0908,25.5677814912051,18.5397,3.0,16.67874,3.0,9.877478,0.394986,59.142,3.0
25.5174169912934,16.8851,25.5842912904918,14.7097,3.0,16.6789,3.0,12.81915,0.356332,60.5909,3.0
25.5341556910425,16.4006,25.6006710901856,18.1002,3.0,16.67868,3.0,10.6877,0.004133,58.4167,3.0
25.5509638916701,17.7183,25.6174226906151,15.0303,3.0,16.67952,3.0,11.01661,0.670059,60.1163,3.0
25.5677814912051,15.9271,25.6345146913081,18.8542,3.0,16.67891,3.0,9.766268,0.026645,57.4284,3.0
25.5842912904918,17.0853,25.6513136904687,15.588,3.0,16.67924,3.0,11.49627,-0.298227,60.3557,3.0
25.6006710901856,16.5187,25.6678680907935,17.7343,3.0,16.67911,3.0,10.08504,0.673927,58.859,3.0
25.6174226906151,17.079,25.684330791235,16.5165,3.0,16.67943,3.0,11.02265,0.403955,60.0753,3.0
25.6345146913081,16.4301,25.7009518910199,15.0357,3.0,16.67923,3.0,10.20993,0.967611,59.5133,3.0
25.6513136904687,17.3586,25.7179132904857,18.5574,3.0,16.67978,3.0,12.15127,0.060828,58.1183,3.0
25.6678680907935,14.0766,25.7343523912132,14.6437,3.0,16.67768,3.0,9.266745,-1.092298,59.3181,3.0
25.684330791235,19.0579,25.7513525914401,18.7963,3.0,16.6796,3.0,9.668589,-0.865056,59.8852,3.0
25.7009518910199,16.3325,25.7686202917248,15.568,3.0,16.67932,3.0,9.235972,-1.089864,59.6244,3.0
25.7179132904857,16.3085,25.7843689918518,17.4771,3.0,16.67902,3.0,9.905398,0.714826,58.86,3.0
25.7343523912132,17.2867,25.8008765913546,14.734,3.0,16.67951,3.0,11.38516,-0.238145,60.0288,3.0
25.7513525914401,16.7208,25.8182258922607,18.9738,3.0,16.67954,3.0,10.95486,0.248953,57.4758,3.0
25.7686202917248,16.5469,25.8357014916837,16.0348,3.0,16.67944,3.0,11.28947,-0.911685,59.7296,3.0
25.7843689918518,16.8968,25.8509389916435,16.6728,3.0,16.67961,3.0,9.251045,-0.134679,59.1942,3.0
25.8008765913546,16.3191,25.8682453921065,15.6107,3.0,16.67932,3.0,10.32275,-1.173781,58.9944,3.0
25.8182258922607,17.2066,25.8841637922451,17.7026,3.0,16.67974,3.0,9.841285,-0.550721,58.286,3.0
25.8357014916837,16.5487,25.9005313916132,14.7398,3.0,16.67964,3.0,11.07078,-0.224058,58.7824,3.0
25.8509389916435,16.4178,25.9177198922262,18.7237,3.0,16.67943,3.0,9.978881,0.389936,56.9738,3.0
25.8682453921065,16.6397,25.9349554916844,15.6511,3.0,16.6794,3.0,11.85242,1.502173,59.2802,3.0
25.8841637922451,17.0304,25.9520789915696,18.7759,3.0,16.67968,3.0,10.74296,-0.464141,58.2921,3.0
25.9005313916132,16.4745,25.9684049924836,14.7053,3.0,16.67951,3.0,10.57246,0.216398,60.0377,3.0
25.9177198922262,17.0063,25.9841341925785,16.9136,3.0,16.67978,3.0,11.42063,-0.549969,58.2685,3.0
25.9349554916844,16.4506,26.0022541927174,17.069,3.0,16.67959,3.0,10.45354,0.660823,58.1763,3.0
25.9520789915696,16.5731,26.0173297924921,16.5739,3.0,16.67951,3.0,10.7857,-1.240286,58.7947,3.0
25.9684049924836,15.6123,26.0350303919986,16.0499,3.0,16.67866,3.0,11.68927,0.43494,58.7962,3.0
25.9841341925785,16.3674,26.0508799916133,17.5396,3.0,16.67841,3.0,10.39628,-0.28678,59.2341,3.0
26.0022541927174,17.0465,26.0672999909148,14.577,3.0,16.6787,3.0,10.95419,0.36707,60.407,3.0
26.0173297924921,16.831,26.0845200913027,18.9333,3.0,16.67882,3.0,11.41276,-0.192494,57.9373,3.0
26.0350303919986,15.9022,26.1005397913978,14.3922,3.0,16.67821,3.0,11.46658,-0.92681,60.0403,3.0
26.0508799916133,17.1394,26.1171931913123,18.4344,3.0,16.67857,3.0,10.49423,0.053634,58.5302,3.0
26.0672999909148,16.5369,26.1357530904934,18.8049,3.0,16.67846,3.0,11.30809,0.291181,59.8258,3.0
26.0845200913027,17.035,26.1522022904828,14.6355,3.0,16.67874,3.0,10.52381,-0.732951,62.0936,3.0
26.1005397913978,16.2417,26.1696487898007,19.3273,3.0,16.6784,3.0,12.88277,0.081982,59.6945,3.0
26.1171931913123,14.9198,26.185322589241,13.6555,3.0,16.67701,3.0,10.05582,-0.565114,62.7806,3.0
26.1357530904934,18.8879,26.2021823888645,18.3931,3.0,16.67875,3.0,11.69535,-0.040446,61.5163,3.0
26.1522022904828,16.3686,26.2176569886506,13.8319,3.0,16.67851,3.0,11.21822,-0.374496,61.0224,3.0
26.1696487898007,16.572,26.2342367880046,18.2303,3.0,16.67842,3.0,11.70511,-0.043568,58.4852,3.0
26.185322589241,16.6573,26.2524476870894,16.6073,3.0,16.67841,3.0,10.87165,-0.623968,60.1448,3.0
26.2021823888645,17.3464,26.2682311870158,17.7059,3.0,16.67893,3.0,11.7216,-0.242398,60.095,3.0
26.2176569886506,15.984,26.2852654866874,15.1275,3.0,16.67839,3.0,10.59107,0.836018,60.4544,3.0
26.2342367880046,16.9724,26.3023327868432,18.8896,3.0,16.67862,3.0,11.86227,0.417695,59.5986,3.0
26.2524476870894,16.5322,26.3184571862221,14.2422,3.0,16.6785,3.0,10.4622,-0.337316,61.516,3.0
26.2682311870158,17.0313,26.334123685956,17.2672,3.0,16.67878,3.0,12.01688,0.152364,59.226,3.0
26.2852654866874,17.1471,26.3527840860188,17.0833,3.0,16.67915,3.0,9.161805,-0.754321,59.4627,3.0
26.3023327868432,17.1115,26.3686123862863,17.6093,3.0,16.67949,3.0,9.280516,-0.37858,59.3986,3.0
26.3184571862221,16.7543,26.3849149867892,16.3787,3.0,16.67954,3.0,10.25574,-0.459297,59.8978,3.0
26.334123685956,14.3982,26.4020375870168,15.4545,3.0,16.67776,3.0,11.77282,0.142177,59.5225,3.0
26.3527840860188,18.5408,26.4183557871729,17.848,3.0,16.67922,3.0,10.55598,-0.510575,60.579,3.0
26.3686123862863,15.0338,26.4360525868833,16.0763,3.0,16.67793,3.0,12.302,-0.733683,59.8868,3.0
26.3849149867892,18.5315,26.4520015865564,17.7475,3.0,16.67938,3.0,10.54232,-0.643738,60.9287,3.0
26.4020375870168,16.4138,26.4680078867823,15.8905,3.0,16.67917,3.0,11.52857,-0.491085,60.1461,3.0
26.4183557871729,16.7686,26.485303286463,15.6235,3.0,16.67924,3.0,10.53018,-0.480085,59.6233,3.0
26.4360525868833,16.9471,26.5010535866022,17.1093,3.0,16.67945,3.0,12.71504,-0.471592,58.4789,3.0
26.4520015865564,15.3058,26.5184205863625,17.9454,3.0,16.67838,3.0,10.92118,1.558536,58.6415,3.0
26.4680078867823,18.2016,26.5352206863463,14.6725,3.0,16.67956,3.0,12.37918,-0.215663,61.2806,3.0
26.485303286463,15.0453,26.5521996859461,19.1658,3.0,16.6783,3.0,10.64549,-1.292394,57.7524,3.0
26.5010535866022,15.6858,26.56862218678,14.4573,3.0,16.67753,3.0,12.18276,-0.767675,61.8726,3.0
26.5184205863625,17.7828,26.5853403862566,18.4842,3.0,16.67838,3.0,8.349863,-0.607358,60.6436,3.0
26.5352206863463,17.5212,26.6033852864057,16.3099,3.0,16.67904,3.0,11.95949,-0.097434,61.3468,3.0
26.5521996859461,16.4329,26.6194212865084,18.1105,3.0,16.67884,3.0,11.69617,-1.229572,60.1352,3.0
26.56862218678,16.7471,26.6344540864229,12.9406,3.0,16.6789,3.0,12.61176,-0.830379,61.8135,3.0
26.5853403862566,16.3633,26.6525359861553,18.6078,3.0,16.67865,3.0,10.45833,0.166669,58.0074,3.0
26.6033852864057,16.7759,26.6686176862568,16.9239,3.0,16.67873,3.0,11.69497,-0.923542,60.2516,3.0
26.6194212865084,16.087,26.6852092854679,15.0791,3.0,16.67827,3.0,11.39018,-0.545041,60.4009,3.0
26.6344540864229,17.8736,26.7027976848185,19.2756,3.0,16.67919,3.0,12.52063,0.245179,59.3922,3.0
26.6525359861553,16.4252,26.7178865848109,13.3452,3.0,16.679,3.0,9.853142,-0.902829,60.7953,3.0
26.6686176862568,15.8938,26.7345407856628,18.518,3.0,16.67839,3.0,10.62734,0.728827,57.7149,3.0
26.6852092854679,16.8545,26.7518744850531,15.5827,3.0,16.67853,3.0,10.62422,0.298696,60.3403,3.0
26.7027976848185,17.1522,26.7693792851642,19.0704,3.0,16.67889,3.0,11.71643,-0.377994,59.0684,3.0
26.7178865848109,16.6345,26.7851041844115,14.1797,3.0,16.67886,3.0,11.11387,-0.634521,60.9869,3.0
26.7345407856628,16.1117,26.802370284684,18.6875,3.0,16.67842,3.0,11.0192,-0.60326,58.5332,3.0
26.7518744850531,17.3793,26.8204580852762,18.5383,3.0,16.67896,3.0,9.630094,0.300782,61.1088,3.0
26.7693792851642,15.735,26.8351311851293,12.8277,3.0,16.67824,3.0,12.32082,-0.687588,62.2687,3.0
26.7851041844115,17.2768,26.8525117859244,19.2363,3.0,16.6787,3.0,10.66106,-0.283187,59.3613,3.0
26.802370284684,14.71,26.8681043861434,13.6882,3.0,16.67719,3.0,10.20552,0.428372,61.3214,3.0
26.8204580852762,18.7275,26.8849834864959,18.3736,3.0,16.67876,3.0,9.777388,-0.59844,60.2997,3.0
26.8351311851293,16.6977,26.9013356873766,16.8986,3.0,16.67877,3.0,12.46819,-0.39371,59.947,3.0
26.8525117859244,16.3468,26.9183705868199,15.0329,3.0,16.67852,3.0,10.15003,0.155906,60.1478,3.0
26.8681043861434,17.1156,26.9353417875245,18.1749,3.0,16.67885,3.0,11.39934,-1.119327,58.8345,3.0
26.8849834864959,14.3531,26.9520560866222,15.3325,3.0,16.67708,3.0,10.66821,0.242916,59.8943,3.0
26.9013356873766,19.1491,26.9686394864693,18.2572,3.0,16.67896,3.0,12.26369,0.095676,60.8731,3.0
26.9183705868199,16.4502,26.9854937857017,17.1661,3.0,16.67879,3.0,9.935627,-0.963968,59.9822,3.0
26.9353417875245,16.1284,27.0020500859246,14.6722,3.0,16.67837,3.0,13.04608,-0.308525,60.6983,3.0
26.9520560866222,17.5036,27.019345886074,19.0251,3.0,16.679,3.0,10.00712,-0.433694,59.2428,3.0
26.9686394864693,14.2105,27.0352365868166,14.2623,3.0,16.67712,3.0,11.82627,0.302465,60.7649,3.0
26.9854937857017,18.7663,27.0521344868466,16.8349,3.0,16.67871,3.0,11.39293,-0.434151,60.8162,3.0
27.0020500859246,16.3255,27.0695007862523,19.2193,3.0,16.67844,3.0,12.05539,0.177342,58.8858,3.0
27.019345886074,17.8542,27.0850565861911,13.5982,3.0,16.67933,3.0,10.46564,0.207529,61.78,3.0
27.0352365868166,16.7679,27.1020189858973,18.2832,3.0,16.6794,3.0,11.56065,-0.043371,57.5238,3.0
27.0521344868466,17.5595,27.1188790854067,15.6406,3.0,16.68006,3.0,10.53866,0.091605,59.0401,3.0
27.0695007862523,16.1319,27.1358345858753,18.761,3.0,16.67965,3.0,9.772071,0.727546,57.1114,3.0
27.0850565861911,16.9901,27.1511832857504,13.5829,3.0,16.67988,3.0,9.700471,-0.324713,59.7508,3.0
27.1020189858973,15.1869,27.170044186525,19.0331,3.0,16.67876,3.0,10.2928,-1.030389,56.3442,3.0
27.1188790854067,16.9221,27.1851377869025,16.539,3.0,16.67894,3.0,10.03645,0.041628,60.1905,3.0
27.1358345858753,16.6176,27.2022275878116,16.9796,3.0,16.67889,3.0,11.15321,1.764929,59.8086,3.0
27.1511832857504,17.0036,27.2197342878208,17.7326,3.0,16.67914,3.0,10.83289,-0.246189,60.17,3.0
27.170044186525,16.0255,27.2351412875578,13.6178,3.0,16.67865,3.0,12.98297,0.083564,60.8994,3.0
27.1851377869025,16.9667,27.2519646873698,18.9467,3.0,16.67886,3.0,10.00217,0.904982,58.4924,3.0
27.2022275878116,16.5497,27.2686056876555,16.4111,3.0,16.67877,3.0,8.296389,-0.070208,60.4733,3.0
27.2197342878208,17.3994,27.2861117878929,15.6791,3.0,16.67931,3.0,12.18064,0.326262,60.3348,3.0
27.2351412875578,16.4877,27.3029826870188,18.656,3.0,16.67916,3.0,10.10092,-0.10288,58.6145,3.0
27.2519646873698,14.7775,27.3193156877533,14.5239,3.0,16.67774,3.0,11.01331,-0.023102,60.7836,3.0
27.2686056876555,18.2867,27.3351489873603,15.799,3.0,16.67894,3.0,10.19454,-0.041052,60.53,3.0
27.2861117878929,16.7713,27.3523098872975,18.8181,3.0,16.67901,3.0,11.48178,0.365382,58.0427,3.0
27.3029826870188,17.0107,27.3689023880288,15.0659,3.0,16.67926,3.0,10.2537,-0.306001,60.0902,3.0
27.3193156877533,16.6294,27.3861008873209,19.0541,3.0,16.67922,3.0,11.52935,-0.570788,58.1457,3.0
27.3351489873603,16.5362,27.4023312879726,16.001,3.0,16.67912,3.0,10.08122,-0.691412,60.5703,3.0
27.3523098872975,16.2756,27.4193576881662,15.4,3.0,16.67882,3.0,11.4845,-0.113692,60.0355,3.0
27.3689023880288,17.5847,27.4354245876893,17.618,3.0,16.67949,3.0,10.74329,0.329936,59.1521,3.0
27.3861008873209,14.1855,27.4521891875193,15.7429,3.0,16.67763,3.0,10.61521,-0.513944,59.194,3.0
27.4023312879726,18.8389,27.4687312869355,17.2763,3.0,16.67924,3.0,12.59409,-0.084862,60.7517,3.0
27.4193576881662,16.7699,27.4865318862721,16.368,3.0,16.67931,3.0,10.36706,-0.883025,59.1895,3.0
27.4354245876893,16.3471,27.5021752854809,15.6427,3.0,16.67906,3.0,11.58104,-0.052398,58.7884,3.0
27.4521891875193,16.9214,27.5188519852236,18.3994,3.0,16.67924,3.0,10.70766,-0.498509,58.0844,3.0
27.4687312869355,15.655,27.5353634851053,14.7769,3.0,16.67848,3.0,11.99183,-1.142542,59.5625,3.0
27.4865318862721,17.16,27.5522477859631,18.749,3.0,16.67884,3.0,11.0846,-0.369667,58.6849,3.0
27.5021752854809,16.1428,27.5704953866079,16.7771,3.0,16.67844,3.0,11.98701,-0.379117,60.274,3.0
27.5188519852236,17.0969,27.5870801871642,18.0258,3.0,16.67875,3.0,10.69614,0.083018,60.9085,3.0
27.5353634851053,16.2262,27.603091086261,14.2711,3.0,16.67842,3.0,12.99057,0.034629,61.8377,3.0
27.5522477859631,16.6592,27.6192447869107,18.0215,3.0,16.6784,3.0,10.73472,0.495233,59.8832,3.0
27.5704953866079,16.989,27.6361397868022,15.1711,3.0,16.67863,3.0,12.29628,0.049708,61.2459,3.0
27.5870801871642,16.8414,27.653185586445,18.8748,3.0,16.67875,3.0,9.867271,-0.473867,59.428,3.0
27.603091086261,16.5328,27.6685641864315,13.567,3.0,16.67864,3.0,10.05757,0.114704,61.462,3.0
27.6192447869107,16.4043,27.6863087872043,19.2051,3.0,16.67844,3.0,11.41519,-0.984473,58.4966,3.0
27.6361397868022,17.0515,27.703140786849,17.1098,3.0,16.67872,3.0,9.999367,0.52852,61.2977,3.0
27.653185586445,16.479,27.7190506877378,14.0059,3.0,16.67857,3.0,12.3589,0.526103,61.356,3.0
27.6685641864315,17.1403,27.73638848681,18.8923,3.0,16.67891,3.0,9.859173,-0.072711,58.8836,3.0
27.6863087872043,14.797,27.7530021863058,14.9552,3.0,16.67753,3.0,11.07558,-0.209923,60.6362,3.0
27.703140786849,18.3867,27.7693211855367,16.3073,3.0,16.67878,3.0,9.744997,0.312396,60.7944,3.0
27.7190506877378,16.6569,27.7860214849934,18.5387,3.0,16.67876,3.0,11.41781,0.063002,58.7156,3.0
27.73638848681,16.4264,27.8031288841739,15.6511,3.0,16.67858,3.0,10.04652,-0.899857,60.5978,3.0
27.7530021863058,16.9467,27.819647484459,16.2653,3.0,16.67878,3.0,10.203,0.930783,59.8229,3.0
27.7693211855367,16.5878,27.8360340846702,18.5169,3.0,16.67871,3.0,9.865898,-0.312565,59.1421,3.0
27.7860214849934,16.4409,27.8523121839389,14.2676,3.0,16.67854,3.0,9.851857,-0.573883,61.0711,3.0
27.8031288841739,17.5682,27.8694589836523,18.8995,3.0,16.67919,3.0,11.09852,-0.493356,58.8979,3.0
27.819647484459,16.2335,27.8863737834617,16.911,3.0,16.67886,3.0,7.409365,0.078946,60.2296,3.0
27.8360340846702,16.5352,27.9020596826449,14.2333,3.0,16.67876,3.0,12.31018,-0.20094,60.9074,3.0
27.8523121839389,16.7618,27.919623282738,18.8466,3.0,16.67882,3.0,10.81266,0.71811,58.6064,3.0
27.8694589836523,14.3366,27.9361880822107,14.7418,3.0,16.67711,3.0,12.43075,-0.273477,60.6917,3.0
27.8863737834617,18.9869,27.9532560827211,18.8152,3.0,16.67879,3.0,10.10454,-0.1042,61.097,3.0
27.9020596826449,16.6949,27.9694737819955,16.2631,3.0,16.6788,3.0,12.10939,0.611479,60.9259,3.0
27.919623282738,16.2829,27.9860415821895,14.7198,3.0,16.67851,3.0,9.391277,-0.333022,60.4941,3.0
27.9361880822107,17.1891,28.0032064830884,19.0074,3.0,16.67889,3.0,12.2017,0.219851,58.9314,3.0
27.9532560827211,14.5511,28.0195175828412,14.5325,3.0,16.67734,3.0,10.45482,0.149376,60.7506,3.0
27.9694737819955,18.8691,28.0363147826865,18.5949,3.0,16.67893,3.0,11.15422,-0.354796,60.7314,3.0
27.9860415821895,16.3048,28.0531306834891,17.0558,3.0,16.67866,3.0,10.46165,-0.020852,60.4581,3.0
28.0032064830884,16.8748,28.0692520840093,14.1066,3.0,16.6788,3.0,9.374824,0.134282,61.2094,3.0
28.0195175828412,16.7769,28.0863303830847,18.785,3.0,16.67887,3.0,9.874096,-0.50257,58.4415,3.0
28.0363147826865,14.7666,28.1036109821871,15.6845,3.0,16.67749,3.0,11.34915,-0.477238,60.4504,3.0
28.0531306834891,18.2486,28.1197811821476,17.6989,3.0,16.67863,3.0,10.06942,0.125597,61.3682,3.0
28.0692520840093,16.8025,28.1364020826295,16.663,3.0,16.67872,3.0,11.72357,0.363229,60.8125,3.0
28.0863303830847,16.2074,28.1530310818925,14.9312,3.0,16.67838,3.0,10.74074,0.00586,60.6801,3.0
28.1036109821871,17.8902,28.170242481865,18.8328,3.0,16.67925,3.0,12.3226,0.002014,59.4042,3.0
28.1197811821476,14.3241,28.1862856810912,16.3866,3.0,16.67755,3.0,10.06547,-0.540265,60.3467,3.0
28.1364020826295,18.7348,28.2028648806736,14.5847,3.0,16.67903,3.0,11.43814,-0.822115,62.4096,3.0
28.1530310818925,16.7277,28.2204601811245,19.6446,3.0,16.67907,3.0,10.40339,0.379204,58.2601,3.0
28.170242481865,14.7812,28.2360389810055,13.6896,3.0,16.6777,3.0,11.90096,-0.332485,61.1768,3.0
28.1862856810912,17.7991,28.2532806806266,17.1104,3.0,16.67851,3.0,10.77561,-0.469061,60.0856,3.0
28.2028648806736,16.9034,28.2695658802986,17.6889,3.0,16.67867,3.0,11.0751,-0.364132,59.3932,3.0
28.2204601811245,16.6965,28.2859865799546,15.0867,3.0,16.67868,3.0,9.824185,0.435416,60.1829,3.0
28.2360389810055,16.9201,28.3031995799392,18.6453,3.0,16.67886,3.0,12.33316,-0.751326,58.5738,3.0
28.2532806806266,17.4208,28.3198687806726,15.2245,3.0,16.67939,3.0,10.58933,0.164548,60.2997,3.0
28.2695658802986,16.2734,28.3361201807857,17.8268,3.0,16.6791,3.0,10.30648,0.522961,58.1026,3.0
28.2859865799546,17.3441,28.3534859810024,15.7077,3.0,16.67957,3.0,9.773026,0.165544,59.6572,3.0
28.3031995799392,15.9702,28.3693092819303,17.3826,3.0,16.67907,3.0,10.74935,0.374553,58.0206,3.0
28.3198687806726,16.959,28.3873102813959,16.3991,3.0,16.67927,3.0,10.06064,-0.538649,59.4341,3.0
28.3361201807857,16.2274,28.4029898811132,17.2687,3.0,16.67894,3.0,9.684156,-0.489108,58.8744,3.0
28.3534859810024,17.3464,28.4191191811115,16.3481,3.0,16.67942,3.0,10.07225,-0.25965,59.9164,3.0
28.3693092819303,16.3828,28.4373925812542,16.5978,3.0,16.67921,3.0,9.658849,0.148357,58.9185,3.0
28.3873102813959,16.5843,28.4543628804386,18.6723,3.0,16.67914,3.0,10.68491,-0.595591,59.1339,3.0
28.4029898811132,15.3319,28.4703390803188,14.1734,3.0,16.67818,3.0,10.54255,-0.330917,61.2222,3.0
28.4191191811115,18.2245,28.4861341807991,17.2411,3.0,16.67928,3.0,10.55474,0.316393,60.0641,3.0
28.4373925812542,16.5677,28.5033910814673,17.598,3.0,16.6792,3.0,11.84859,-0.150726,59.081,3.0
28.4543628804386,17.0231,28.5198464822024,14.6819,3.0,16.67945,3.0,10.61522,0.202308,60.1114,3.0
28.4703390803188,15.8202,28.5365274827927,18.2651,3.0,16.67884,3.0,10.39461,-0.800618,57.7706,3.0
28.4861341807991,14.7225,28.5530448835343,14.977,3.0,16.67745,3.0,11.56973,0.369183,60.2159,3.0
28.5033910814673,18.3082,28.5702603831887,17.2289,3.0,16.6786,3.0,10.60129,-0.499395,60.4704,3.0
28.5198464822024,16.8689,28.5867605824023,18.5479,3.0,16.67874,3.0,11.61802,-0.588068,59.3915,3.0
28.5365274827927,16.9748,28.6032958831638,14.5958,3.0,16.67895,3.0,11.10592,0.382657,61.0711,3.0
28.5530448835343,16.0731,28.6195887830108,18.0895,3.0,16.67852,3.0,9.846095,0.489528,58.6922,3.0
28.5702603831887,17.1836,28.6362838838249,14.8738,3.0,16.67888,3.0,10.65387,0.248648,60.7087,3.0
28.5867605824023,16.206,28.6531951837242,16.8575,3.0,16.67854,3.0,12.27214,-1.049733,58.399,3.0
28.6032958831638,17.1123,28.6720500830561,20.4955,3.0,16.67885,3.0,10.00317,-0.146841,59.0511,3.0
28.6195887830108,16.0637,28.6872504828498,13.3986,3.0,16.67842,3.0,9.210552,-0.770138,62.4345,3.0
28.6362838838249,16.9085,28.7030676836148,17.525,3.0,16.67858,3.0,9.751833,-0.19967,59.77,3.0
28.6531951837242,16.5165,28.7192181842402,14.4586,3.0,16.67846,3.0,11.08554,0.605923,60.3866,3.0
28.6720500830561,16.8322,28.7372296834365,19.6718,3.0,16.67857,3.0,11.95504,0.107447,58.3287,3.0
28.6872504828498,17.2687,28.7545210840181,15.6831,3.0,16.67899,3.0,10.73827,0.601792,61.1693,3.0
28.7030676836148,16.4149,28.7723891837522,19.8071,3.0,16.6788,3.0,12.11188,-0.304251,59.5836,3.0
28.7192181842402,17.01,28.7856893837452,13.3243,3.0,16.67904,3.0,11.29445,0.109993,62.9759,3.0
28.7372296834365,15.5195,28.8035900834948,16.0451,3.0,16.67822,3.0,10.16851,-0.341704,59.2905,3.0
28.7545210840181,17.3479,28.8196739833802,17.6592,3.0,16.67869,3.0,11.31985,-0.225458,59.8169,3.0
28.7723891837522,14.8414,28.835776982829,14.6932,3.0,16.6774,3.0,10.91011,-0.141418,60.128,3.0
28.7856893837452,18.8007,28.8530800826848,18.6549,3.0,16.67889,3.0,11.6629,-0.738806,59.9799,3.0
28.8035900834948,16.3557,28.8699071835726,16.8642,3.0,16.67866,3.0,10.71076,0.237048,59.8304,3.0
28.8196739833802,16.6082,28.8860524836928,14.4392,3.0,16.67861,3.0,12.12812,-0.066403,60.3439,3.0
28.835776982829,16.7714,28.9042098838836,19.9678,3.0,16.67868,3.0,10.38551,0.395403,58.1749,3.0
28.8530800826848,15.3751,28.9205911830068,14.5538,3.0,16.67777,3.0,12.60555,-0.651967,61.3721,3.0
28.8699071835726,18.0705,28.9361432828009,17.2311,3.0,16.67874,3.0,9.698903,0.219612,60.5503,3.0
28.8860524836928,16.8765,28.9547701831907,18.683,3.0,16.67888,3.0,12.0278,-0.687154,59.7117,3.0
28.9042098838836,16.7905,28.9707012828439,14.2117,3.0,16.67896,3.0,9.715967,-0.29149,61.5184,3.0
28.9205911830068,16.6451,28.9863689821213,17.2179,3.0,16.67893,3.0,12.53919,-0.244124,58.94,3.0
28.9361432828009,14.6758,29.0048573818058,17.2173,3.0,16.67754,3.0,9.913154,-0.963988,59.5127,3.0
28.9547701831907,18.6412,29.0196646815166,14.5361,3.0,16.67891,3.0,12.61439,1.603672,62.0547,3.0
28.9707012828439,16.1695,29.0364466821775,18.7558,3.0,16.67855,3.0,10.45412,0.002193,57.95,3.0
28.9863689821213,16.4032,29.0533599825576,15.1758,3.0,16.67836,3.0,11.99259,0.389269,60.5368,3.0
29.0048573818058,17.1191,29.0710267825052,19.2346,3.0,16.67867,3.0,11.10463,-0.774065,59.3095,3.0
29.0196646815166,16.0686,29.0875183818862,14.6695,3.0,16.67824,3.0,10.07971,0.142755,61.4253,3.0
29.0364466821775,17.458,29.103204681538,17.4366,3.0,16.67878,3.0,9.963231,-0.868965,60.0265,3.0
29.0533599825576,15.9346,29.1202771821991,17.2145,3.0,16.67827,3.0,11.48936,-0.215082,60.0055,3.0
29.0710267825052,16.9277,29.1374267814681,15.3832,3.0,16.67844,3.0,10.81995,-0.077494,61.285,3.0
29.0875183818862,16.8895,29.1539693819359,18.1038,3.0,16.67859,3.0,11.76507,-0.248796,59.7413,3.0
29.103204681538,15.512,29.1704869819805,14.8181,3.0,16.67778,3.0,11.18318,0.724328,60.956,3.0
29.1202771821991,18.0792,29.1879728818312,19.1049,3.0,16.67875,3.0,12.13669,0.370466,60.2616,3.0
29.1374267814681,16.6714,29.2032954813913,13.7096,3.0,16.67874,3.0,10.276,1.057906,61.2882,3.0
29.1539693819359,17.1953,29.2202042816207,18.5702,3.0,16.6791,3.0,12.17147,-0.234084,58.3274,3.0
29.1704869819805,16.3219,29.2387534817681,17.1513,3.0,16.67885,3.0,9.371434,1.012562,59.702,3.0
29.1879728818312,17.1624,29.2544664824381,17.5415,3.0,16.67919,3.0,11.30489,0.163683,60.5318,3.0
29.2032954813913,16.0103,29.2704430827871,13.9725,3.0,16.67872,3.0,9.133184,-1.204388,60.911,3.0
29.2202042816207,16.4098,29.2870923830196,18.2475,3.0,16.67854,3.0,12.00394,-0.309994,58.874,3.0
29.2387534817681,16.8535,29.3046706831083,18.2133,3.0,16.67866,3.0,9.179117,0.30917,60.7117,3.0
29.2544664824381,16.9144,29.3209323836491,14.4212,3.0,16.67882,3.0,11.41139,-0.647664,62.072,3.0
29.2704430827871,15.632,29.3370904838666,17.5723,3.0,16.6781,3.0,11.27459,-0.278141,59.579,3.0
29.2870923830196,15.8024,29.3539566835389,15.0515,3.0,16.6775,3.0,12.10263,0.103971,61.5198,3.0
29.3046706831083,18.5179,29.3708854829893,16.8166,3.0,16.67876,3.0,9.961364,1.161834,60.7684,3.0
29.3209323836491,17.549,29.3874633824453,18.0826,3.0,16.67936,3.0,12.60954,-0.926729,59.0685,3.0
29.3370904838666,16.5668,29.4044646816328,15.7287,3.0,16.67928,3.0,10.36723,0.061722,59.6021,3.0
29.3539566835389,16.0037,29.4211579812691,18.2582,3.0,16.67882,3.0,11.42407,-0.444089,58.7646,3.0
29.3708854829893,17.3581,29.4371649818495,14.4064,3.0,16.67929,3.0,8.969229,-0.464117,61.0195,3.0
29.3874633824453,15.6732,29.4545505819842,19.0912,3.0,16.6786,3.0,12.76908,-0.060498,58.0679,3.0
29.4044646816328,16.858,29.4705836819485,14.2754,3.0,16.67872,3.0,10.05639,-0.827877,61.4771,3.0
29.4211579812691,16.3739,29.4872904820368,17.7826,3.0,16.67851,3.0,12.28652,-0.481543,58.9042,3.0
29.4371649818495,17.3517,29.5044817822054,16.0836,3.0,16.67897,3.0,10.7595,0.014243,60.3131,3.0
29.4545505819842,17.512,29.5197718823329,16.8818,3.0,16.67954,3.0,11.74838,0.143164,59.0453,3.0
29.4705836819485,15.8771,29.537325582467,16.1237,3.0,16.67899,3.0,10.64504,-0.614999,58.4054,3.0
29.4872904820368,16.1808,29.5551729826257,19.5802,3.0,16.67865,3.0,12.18986,0.020712,58.6621,3.0
29.5044817822054,16.4174,29.570787482895,13.824,3.0,16.67848,3.0,10.13324,-0.66374,62.0617,3.0
29.5197718823329,16.6251,29.5875622825697,18.486,3.0,16.67844,3.0,11.8187,-0.676426,59.469,3.0
29.537325582467,16.9607,29.6044287821278,15.0013,3.0,16.67863,3.0,10.89589,-0.60543,61.3298,3.0
29.5551729826257,16.1645,29.6196426823735,16.928,3.0,16.67828,3.0,11.93564,0.017512,59.3706,3.0
29.570787482895,17.0988,29.6376899816096,16.5254,3.0,16.67857,3.0,10.94473,-0.639025,60.1352,3.0
29.5875622825697,17.4975,29.6540613807738,18.0547,3.0,16.67912,3.0,12.40073,-0.362276,59.5619,3.0
29.6044287821278,16.9307,29.6712878812104,15.3461,3.0,16.67929,3.0,10.49529,0.336966,60.1194,3.0
29.6196426823735,16.2456,29.686705481261,17.1304,3.0,16.679,3.0,11.91932,0.252869,58.5348,3.0
29.6376899816096,16.8098,29.7043585814536,16.0009,3.0,16.67909,3.0,10.78678,-0.873792,59.4202,3.0
29.6540613807738,16.6661,29.7209689822048,18.1349,3.0,16.67908,3.0,12.15583,-1.049796,58.6113,3.0
29.6712878812104,17.0557,29.7378557827324,15.3066,3.0,16.67933,3.0,9.318731,-0.63926,60.0808,3.0
29.686705481261,16.1303,29.7539734821767,17.726,3.0,16.67896,3.0,9.570392,0.000922,58.3318,3.0
29.7043585814536,16.7342,29.7701556812972,14.9934,3.0,16.679,3.0,10.8445,-1.025488,59.928,3.0
29.7209689822048,17.0159,29.7875760812312,18.682,3.0,16.67923,3.0,10.96026,0.199858,58.1868,3.0
29.7378557827324,16.3488,29.8048492819071,17.429,3.0,16.67901,3.0,10.73958,-0.901176,59.854,3.0
29.7539734821767,16.2466,29.8201982816681,13.5536,3.0,16.67871,3.0,9.905988,-1.020807,60.9344,3.0
29.7701556812972,17.7217,29.8371445825323,19.2229,3.0,16.67942,3.0,11.45634,-0.107897,58.2415,3.0
29.7875760812312,14.353,29.853526183404,14.1396,3.0,16.67785,3.0,9.725776,-0.467061,59.7432,3.0
29.8048492819071,18.5504,29.8704605838284,16.889,3.0,16.67911,3.0,10.82041,-0.369902,59.53,3.0
29.8201982816681,16.354,29.887251582928,18.5952,3.0,16.67889,3.0,11.138,0.157233,57.8693,3.0
29.8371445825323,17.2258,29.9038403825834,14.893,3.0,16.67926,3.0,10.24266,-0.416328,60.1107,3.0
29.853526183404,16.2487,29.9223865820095,20.3516,3.0,16.67897,3.0,10.2595,-0.226772,57.7784,3.0
29.8704605838284,16.2837,29.9367685820907,12.3954,3.0,16.67871,3.0,10.44487,0.233867,61.8731,3.0
29.887251582928,16.9612,29.956243282184,21.1321,3.0,16.67889,3.0,9.753728,-0.693004,57.9935,3.0
29.9038403825834,16.5568,29.9716267818585,13.8908,3.0,16.67881,3.0,10.51307,1.025626,62.1643,3.0
29.9223865820095,17.2855,29.9883508821949,18.18,3.0,16.67922,3.0,10.32993,-0.959514,59.4988,3.0
29.9367685820907,16.1992,30.004209482111,14.3381,3.0,16.6789,3.0,9.759104,-0.226746,60.3938,3.0
29.956243282184,16.6021,30.0206606825814,18.1484,3.0,16.67885,3.0,10.84077,-0.017913,58.5315,3.0
29.9716267818585,17.125,30.0374704832211,17.0692,3.0,16.67914,3.0,10.87511,0.05028,60.0797,3.0
29.9883508821949,16.5393,30.0538419829682,14.4815,3.0,16.67905,3.0,11.30745,1.197666,60.0243,3.0
30.004209482111,16.7923,30.0722344825044,20.1196,3.0,16.67913,3.0,11.74501,-0.087848,57.9671,3.0
30.0206606825814,14.6086,30.0884936833754,14.3487,3.0,16.67775,3.0,10.05302,-0.745629,61.2947,3.0
30.0374704832211,18.8117,30.1044131824747,15.9961,3.0,16.67917,3.0,11.85933,1.142056,61.0343,3.0
30.0538419829682,16.6619,30.1213161824271,17.994,3.0,16.67916,3.0,9.022948,-0.206141,58.2196,3.0
30.0722344825044,15.6022,30.1376202823594,15.1108,3.0,16.67844,3.0,11.96013,0.178676,59.5522,3.0
30.0884936833754,18.6583,30.1553349820897,19.6581,3.0,16.67976,3.0,11.01744,-0.817715,59.0608,3.0
30.1044131824747,16.8219,30.1724079819396,16.9584,3.0,16.67985,3.0,10.58624,-0.120081,60.0614,3.0
30.1213161824271,16.1139,30.1877543823794,13.6026,3.0,16.67948,3.0,10.15122,-0.948332,60.1976,3.0
30.1376202823594,15.7322,30.2045472832397,16.7613,3.0,16.67885,3.0,9.956615,-0.550113,57.6867,3.0
30.1553349820897,15.227,30.2218690840527,19.6747,3.0,16.67788,3.0,11.40838,-0.113202,58.7004,3.0
30.1724079819396,18.6943,30.2384768845513,14.5176,3.0,16.67922,3.0,11.96813,0.11771,63.1639,3.0
30.1877543823794,16.1461,30.2536793844774,16.9145,3.0,16.67887,3.0,10.55471,0.549104,58.988,3.0
30.2045472832397,16.1304,30.2711330847815,15.5618,3.0,16.6785,3.0,10.4168,-0.330789,59.7566,3.0
30.2218690840527,17.6406,30.2890411848202,17.9193,3.0,16.67914,3.0,10.14909,1.163031,59.1889,3.0
30.2384768845513,16.0962,30.3052873844281,17.936,3.0,16.67875,3.0,8.209396,-0.103201,59.4676,3.0
30.2536793844774,16.8435,30.3211595835164,14.0183,3.0,16.67886,3.0,11.26249,0.94253,61.3079,3.0
30.2711330847815,16.6234,30.3376949829981,18.4691,3.0,16.67883,3.0,10.67957,-0.060019,58.483,3.0
30.2890411848202,17.0179,30.3540135836229,14.6966,3.0,16.67905,3.0,10.8525,-0.707426,60.3289,3.0
30.3052873844281,16.2581,30.3711619833484,18.2772,3.0,16.67877,3.0,12.12397,0.37962,57.9815,3.0
30.3211595835164,16.9594,30.388754283078,16.2139,3.0,16.67896,3.0,9.157719,-0.21247,60.0276,3.0
30.3376949829981,16.2585,30.4050952838734,18.0673,3.0,16.67868,3.0,11.95933,0.890422,59.2828,3.0
30.3540135836229,17.5855,30.4222740838304,17.5438,3.0,16.67928,3.0,10.68328,0.605957,61.0915,3.0
30.3711619833484,16.5058,30.4379928829148,13.8644,3.0,16.67916,3.0,11.43257,-0.057618,61.0484,3.0
30.388754283078,16.8949,30.4563431823626,18.4259,3.0,16.6793,3.0,10.54038,-1.623551,58.4096,3.0
30.4050952838734,14.4549,30.472220483236,17.5109,3.0,16.67785,3.0,10.96464,-0.38655,59.941,3.0
30.4222740838304,18.7546,30.4878393830732,13.8846,3.0,16.67921,3.0,9.623718,-0.323985,62.997,3.0
30.4379928829148,16.6164,30.5051934821531,18.9915,3.0,16.67917,3.0,9.932651,-0.191987,58.1212,3.0
30.4563431823626,16.6795,30.5207153819501,13.8053,3.0,16.67917,3.0,13.61505,-0.072863,60.5027,3.0
30.472220483236,16.3655,30.5384127814323,17.8481,3.0,16.67896,3.0,10.54078,-0.244183,57.6191,3.0
30.4878393830732,16.2736,30.5541164819151,17.6384,3.0,16.6787,3.0,12.29189,-0.503493,59.1119,3.0
30.5051934821531,16.4158,30.5722552817315,16.0973,3.0,16.67852,3.0,12.07576,-0.523732,60.4664,3.0
30.5207153819501,16.674,30.5888607818633,18.6383,3.0,16.67852,3.0,10.21378,-0.019341,60.1591,3.0
30.5384127814323,16.3248,30.6052241809666,14.1191,3.0,16.67829,3.0,12.18679,0.047026,62.1235,3.0
30.5541164819151,17.4025,30.6212186813354,16.2356,3.0,16.67876,3.0,10.76273,-0.069905,59.9178,3.0
30.5722552817315,16.6958,30.6384160816669,18.8749,3.0,16.67877,3.0,12.41534,-0.279885,58.7514,3.0
30.5888607818633,16.1248,30.6553527824581,15.2913,3.0,16.67841,3.0,10.23637,-0.297164,60.9309,3.0
30.6052241809666,17.0282,30.6722375825047,18.6618,3.0,16.67864,3.0,11.32491,-0.076962,60.0978,3.0
30.6212186813354,16.7484,30.6880885828286,13.9582,3.0,16.67869,3.0,10.27538,-0.277481,61.7318,3.0
30.6384160816669,16.5886,30.7050579823554,18.3347,3.0,16.67863,3.0,10.43756,0.062699,58.9411,3.0
30.6553527824581,16.69,30.7223742827773,15.9558,3.0,16.67863,3.0,12.08356,0.59309,60.6881,3.0
30.6722375825047,16.3268,30.7384343836457,18.0886,3.0,16.67841,3.0,10.20378,-0.376652,59.9542,3.0
30.6880885828286,17.4138,30.7543232832104,13.7048,3.0,16.67888,3.0,12.242,-0.492888,61.717,3.0
30.7050579823554,16.2253,30.7720065824687,19.818,3.0,16.67859,3.0,10.12101,0.178302,58.0081,3.0
30.7223742827773,16.6487,30.7882884833962,16.0253,3.0,16.67857,3.0,11.23655,0.917481,61.601,3.0
30.7384343836457,16.9498,30.8053049836308,15.5023,3.0,16.67875,3.0,10.43659,-0.497263,60.9781,3.0
30.7543232832104,16.7179,30.821341983974,17.5508,3.0,16.67877,3.0,12.3862,0.176298,59.5309,3.0
30.7720065824687,14.7575,30.8384569846094,15.5035,3.0,16.67753,3.0,10.08962,-0.592631,60.3578,3.0
30.7882884833962,18.59,30.8540587844327,18.5759,3.0,16.67876,3.0,10.72986,-0.936028,61.1102,3.0
30.8053049836308,16.6827,30.8725261846557,17.1464,3.0,16.67877,3.0,10.7585,-0.401906,61.0968,3.0
30.821341983974,16.4121,30.8875557845458,13.4132,3.0,16.67859,3.0,11.82913,0.11868,61.561,3.0
30.8384569846094,16.6433,30.9061594838277,20.2983,3.0,16.67857,3.0,10.80373,0.554805,58.5626,3.0
30.8540587844327,15.1486,30.9222012842074,14.0733,3.0,16.67759,3.0,12.74491,0.203013,62.2178,3.0
30.8725261846557,18.1899,30.9380992846563,17.4941,3.0,16.67856,3.0,10.70042,-0.774894,61.1424,3.0
30.8875557845458,16.6595,30.9536953847855,16.027,3.0,16.67855,3.0,11.7312,0.645548,60.4477,3.0
30.9061594838277,17.0096,30.9711865838617,15.5423,3.0,16.67876,3.0,9.632587,-0.905063,59.8151,3.0
30.9222012842074,16.6387,30.9880276843905,18.9947,3.0,16.67874,3.0,11.61059,0.066334,58.3484,3.0
30.9380992846563,14.6208,31.0053856838495,15.3726,3.0,16.67741,3.0,11.37755,-0.70679,60.7046,3.0
30.9536953847855,18.5623,31.0220946837217,18.8003,3.0,16.67862,3.0,10.97926,-0.917798,61.4564,3.0
30.9711865838617,16.3911,31.0386836845428,14.5624,3.0,16.67844,3.0,11.09107,-0.423272,61.6949,3.0
30.9880276843905,17.0031,31.0551061853766,18.6208,3.0,16.67865,3.0,11.71379,-1.088133,59.8667,3.0
31.0053856838495,16.6978,31.0738425850868,16.3194,3.0,16.67866,3.0,10.8582,-1.094376,61.4847,3.0
31.0220946837217,16.5851,31.0892308847979,17.4128,3.0,16.6786,3.0,12.96407,0.722326,61.1068,3.0
31.0386836845428,17.2243,31.1073563853279,16.0108,3.0,16.67895,3.0,10.70783,0.531517,61.9341,3.0
31.0551061853766,14.7555,31.122301385738,14.9713,3.0,16.67772,3.0,12.99698,1.186163,60.7219,3.0
31.0738425850868,18.9607,31.1384945856407,17.7297,3.0,16.67918,3.0,11.23647,0.235254,60.9283,3.0
31.0892308847979,14.9024,31.155256585218,15.246,3.0,16.67804,3.0,9.105283,0.480729,59.7075,3.0
31.1073563853279,17.648,31.1730667846277,19.6067,3.0,16.67866,3.0,11.15544,-0.72498,60.0511,3.0
31.122301385738,17.4745,31.1892629852518,14.2954,3.0,16.67917,3.0,8.500946,-0.797514,62.0103,3.0
31.1384945856407,16.4121,31.2050809850916,17.3136,3.0,16.679,3.0,11.52517,0.718898,58.8311,3.0
31.155256585218,16.197,31.2222502855584,15.9849,3.0,16.67869,3.0,9.81648,-0.149121,59.7332,3.0
31.1730667846277,16.1556,31.2380694849417,15.6594,3.0,16.67836,3.0,12.66511,0.114375,59.5207,3.0
31.1892629852518,17.118,31.2552012847736,18.9432,3.0,16.67864,3.0,11.1136,0.577094,59.0254,3.0
31.2050809850916,16.4405,31.2720419848338,15.0092,3.0,16.67849,3.0,11.18772,-0.006954,60.8508,3.0
31.2222502855584,17.0929,31.2888999851421,18.5841,3.0,16.67875,3.0,10.15652,-0.97344,59.4198,3.0
31.2380694849417,16.2219,31.3060681847855,15.2941,3.0,16.67846,3.0,11.70441,-0.847085,60.9116,3.0
31.2552012847736,16.8973,31.3224817840382,16.5855,3.0,16.6786,3.0,9.499754,0.070654,59.9837,3.0
31.2720419848338,16.5994,31.3383146831766,17.4073,3.0,16.67855,3.0,11.94164,-0.310363,59.6729,3.0
31.2888999851421,16.6114,31.3551863832399,15.1866,3.0,16.67851,3.0,11.35229,0.150705,60.4805,3.0
31.3060681847855,17.6056,31.3724206825718,17.3523,3.0,16.67909,3.0,10.94845,-0.199073,59.0565,3.0
31.3224817840382,16.9739,31.3876802828163,16.7985,3.0,16.67928,3.0,10.01626,0.811456,58.8037,3.0
31.3383146831766,16.7049,31.4050992820412,15.8539,3.0,16.6793,3.0,10.32699,0.115215,58.6281,3.0
31.3551863832399,16.3019,31.4224261827767,19.0711,3.0,16.67906,3.0,11.55947,-0.618534,57.7776,3.0
31.3724206825718,16.3947,31.4395446833223,17.4641,3.0,16.67888,3.0,10.38854,0.028085,60.5467,3.0
31.3876802828163,17.252,31.4560252837837,14.561,3.0,16.67924,3.0,10.99339,-0.951479,61.6159,3.0
31.4050992820412,16.6047,31.471970083192,17.5724,3.0,16.67919,3.0,9.924134,-0.258175,58.9261,3.0
31.4224261827767,14.712,31.4887077827007,14.8751,3.0,16.67795,3.0,10.70712,-0.055901,59.8943,3.0
31.4395446833223,18.6095,31.5052074827254,16.6404,3.0,16.67917,3.0,11.77278,0.232617,60.0574,3.0
31.4560252837837,17.322,31.5221589822322,18.4222,3.0,16.67958,3.0,11.34157,-0.080918,58.0891,3.0
31.471970083192,15.1472,31.5394793823361,15.602,3.0,16.67861,3.0,10.0677,-0.019563,59.1892,3.0
31.4887077827007,16.7211,31.5551949832588,17.4901,3.0,16.67864,3.0,12.08288,1.269239,59.6443,3.0
31.5052074827254,17.0723,31.5721561834216,15.1877,3.0,16.67888,3.0,9.592218,0.670785,60.4141,3.0
31.5221589822322,16.4285,31.5884810835123,17.9848,3.0,16.67873,3.0,11.80946,-0.939344,58.5296,3.0
31.5394793823361,16.8141,31.6056299842894,17.2871,3.0,16.67881,3.0,10.00966,0.414684,60.0865,3.0
31.5551949832588,16.3435,31.622341984883,15.0196,3.0,16.6786,3.0,10.37391,-0.13631,60.5597,3.0
31.5721561834216,16.9675,31.6392263844609,18.6801,3.0,16.67878,3.0,8.942944,-0.177908,59.241,3.0
31.5884810835123,15.1473,31.6564985848963,15.6709,3.0,16.67782,3.0,12.69032,0.596098,60.9537,3.0
31.6056299842894,18.2598,31.6720402846113,15.4363,3.0,16.67881,3.0,10.75221,-0.922931,61.4775,3.0
31.622341984883,16.7728,31.68866948504,18.1703,3.0,16.67887,3.0,10.51461,-0.963024,58.6482,3.0
31.6392263844609,17.286,31.7051278846338,14.8198,3.0,16.67925,3.0,12.1164,-0.266983,60.0523,3.0
31.6564985848963,16.1196,31.7221323838457,18.9153,3.0,16.6789,3.0,9.512431,0.513093,57.5865,3.0
31.6720402846113,17.291,31.7392429830506,15.2458,3.0,16.67929,3.0,12.85532,-0.403468,60.3822,3.0
31.68866948504,16.3696,31.7548427833244,15.6307,3.0,16.67909,3.0,11.00878,0.135194,58.3373,3.0
31.7051278846338,16.6592,31.7730644838884,19.5653,3.0,16.67908,3.0,12.11321,1.556298,57.599,3.0
31.7221323838457,16.5097,31.7893375838175,14.8606,3.0,16.67897,3.0,9.717268,-0.394692,60.5052,3.0
31.7392429830506,17.1357,31.8049192838371,17.0302,3.0,16.67926,3.0,12.21421,0.29325,58.8565,3.0
31.7548427833244,16.4298,31.8223037831485,17.9661,3.0,16.6791,3.0,10.2103,-0.765322,58.7516,3.0
31.7730644838884,16.8519,31.839180983603,14.9378,3.0,16.67921,3.0,8.344992,-0.599041,60.2883,3.0
31.7893375838175,17.0469,31.8562921844423,18.7235,3.0,16.67944,3.0,12.20415,-0.985993,58.3745,3.0
31.8049192838371,14.5431,31.8733077850193,16.8057,3.0,16.67811,3.0,9.643322,-0.572172,60.0517,3.0
31.8223037831485,17.9521,31.889239884913,14.5347,3.0,16.6789,3.0,12.63674,-0.306934,62.3145,3.0
31.839180983603,16.1783,31.9062899854034,18.511,3.0,16.67859,3.0,10.94109,-0.266822,58.8972,3.0
31.8562921844423,15.8574,31.9235608857125,15.6333,3.0,16.67808,3.0,10.71517,-0.340591,61.2298,3.0
31.8733077850193,18.2791,31.9395795855671,15.9879,3.0,16.67908,3.0,12.36853,-0.212787,61.0054,3.0
31.889239884913,16.0418,31.9552821852267,17.452,3.0,16.67868,3.0,10.87252,-0.284609,58.7092,3.0
31.9062899854034,17.4627,31.9732747860253,16.5835,3.0,16.67917,3.0,12.22229,0.285384,60.1176,3.0
31.9235608857125,16.0613,31.9894272852689,17.5548,3.0,16.67878,3.0,10.64139,-0.459955,59.2468,3.0
31.9395795855671,16.1941,32.0056286845356,16.5626,3.0,16.67848,3.0,10.14721,-0.253385,60.7416,3.0
31.9552821852267,17.4713,32.0223855841905,14.8636,3.0,16.67897,3.0,12.16242,0.424718,61.1107,3.0
31.9732747860253,16.1748,32.03907998465,18.6579,3.0,16.67866,3.0,9.810755,-0.652445,58.5037,3.0
31.9894272852689,15.428,32.0561736840755,15.1445,3.0,16.67789,3.0,12.23318,-0.414194,60.9866,3.0
32.0056286845356,18.7586,32.0731048844755,16.7515,3.0,16.67917,3.0,12.07678,-0.259377,60.7022,3.0
32.0223855841905,16.4642,32.090331884101,18.9586,3.0,16.67904,3.0,9.535245,0.020467,58.6968,3.0
32.03907998465,16.6441,32.1063897833228,14.4666,3.0,16.67902,3.0,12.62109,-1.310073,61.1908,3.0
32.0561736840755,16.9038,32.1220718827099,17.1202,3.0,16.67916,3.0,11.01628,0.850733,59.0144,3.0
32.0731048844755,16.8979,32.1397933829576,16.1838,3.0,16.67929,3.0,12.04933,-0.646505,59.2313,3.0
32.090331884101,17.2425,32.1566947828978,18.8433,3.0,16.67964,3.0,9.967473,-0.327151,58.5176,3.0
32.1063897833228,16.661,32.1721410825849,13.4643,3.0,16.67963,3.0,13.07457,0.512486,60.1191,3.0
32.1220718827099,16.1938,32.1890263818204,18.5718,3.0,16.67933,3.0,10.71251,-0.73098,56.923,3.0
32.1397933829576,17.0584,32.2062295824289,15.5546,3.0,16.67956,3.0,10.85965,-0.583087,59.3019,3.0
32.1566947828978,16.2849,32.2229009829462,18.3366,3.0,16.67932,3.0,10.55151,-0.65285,57.7979,3.0
32.1721410825849,17.4065,32.2390548828989,14.8852,3.0,16.67977,3.0,9.49928,0.167212,59.85,3.0
32.1890263818204,15.8405,32.2566195838153,18.9539,3.0,16.67925,3.0,12.57019,0.438569,57.3285,3.0
32.2062295824289,17.384,32.2720113834366,15.1323,3.0,16.67968,3.0,10.29195,0.023657,60.4419,3.0
32.2229009829462,15.7349,32.2894319826737,15.8313,3.0,16.67911,3.0,10.56769,-0.817303,58.191,3.0
32.2390548828989,16.9261,32.307298081927,20.0652,3.0,16.67926,3.0,11.57203,-0.315426,58.2879,3.0
32.2566195838153,14.5799,32.3222209820524,12.78,3.0,16.67797,3.0,9.590543,-0.379942,61.4271,3.0
32.2720113834366,18.317,32.3392463820055,17.0307,3.0,16.67897,3.0,11.7527,0.105043,59.6269,3.0
32.2894319826737,16.909,32.3557216813788,18.1651,3.0,16.67912,3.0,12.63323,-0.349847,58.3415,3.0
32.307298081927,16.6462,32.3729833820835,15.59,3.0,16.67909,3.0,10.49024,0.017121,59.5974,3.0
32.3222209820524,17.6073,32.3897927822545,18.7106,3.0,16.67966,3.0,12.10636,-0.58192,58.5417,3.0
32.3392463820055,16.0328,32.4065398825333,15.2158,3.0,16.67927,3.0,9.729247,-0.506829,59.6452,3.0
32.3557216813788,17.8146,32.4229605821893,17.6859,3.0,16.67996,3.0,10.40748,-0.691991,58.8285,3.0
32.3729833820835,15.7884,32.4392926814035,17.0335,3.0,16.67942,3.0,11.68912,0.468267,58.7007,3.0
32.3897927822545,16.8049,32.457418882288,15.6807,3.0,16.67949,3.0,10.74983,-0.568414,59.9459,3.0
32.4065398825333,16.5805,32.4730801815167,17.4149,3.0,16.67943,3.0,11.68589,-0.551853,58.8226,3.0
32.4229605821893,14.9997,32.4912814823911,16.6196,3.0,16.67841,3.0,11.08913,-0.736894,59.6571,3.0
32.4392926814035,18.6451,32.5061038825661,16.9148,3.0,16.67961,3.0,11.40171,-0.518945,61.277,3.0
32.457418882288,16.909,32.525053082034,16.8023,3.0,16.67974,3.0,12.43865,0.964139,59.5472,3.0
32.4730801815167,14.5703,32.5402530822903,17.0879,3.0,16.67846,3.0,10.71589,0.944837,59.4404,3.0
32.4912814823911,18.0148,32.5593488831073,17.2049,3.0,16.67928,3.0,12.62084,0.237605,61.9584,3.0
32.5061038825661,15.6237,32.5731658833101,13.8079,3.0,16.67863,3.0,10.54606,-0.202847,61.1494,3.0
32.525053082034,18.5287,32.5915529830381,20.5957,3.0,16.67976,3.0,10.45096,-0.032291,59.3336,3.0
32.5402530822903,15.0577,32.6070393826813,13.3336,3.0,16.67877,3.0,9.099295,0.338867,61.4011,3.0
32.5593488831073,18.3478,32.6243279818445,17.5155,3.0,16.67978,3.0,11.51295,-0.97625,59.677,3.0
32.5731658833101,16.8738,32.6389995822683,16.0457,3.0,16.6799,3.0,10.16669,0.06768,58.8449,3.0
32.5915529830381,16.4117,32.6563845826313,15.7817,3.0,16.67974,3.0,11.67863,0.219171,58.0172,3.0
32.6070393826813,16.8864,32.6738798832521,19.2391,3.0,16.67986,3.0,9.47635,-0.555655,57.3883,3.0
32.6243279818445,16.8808,32.6891575828195,13.4301,3.0,16.67999,3.0,12.59102,0.156764,59.7414,3.0
32.6389995822683,15.9518,32.7063436824828,18.9135,3.0,16.67955,3.0,10.05923,0.075399,56.2907,3.0
32.6563845826313,16.6409,32.7238801829517,15.8648,3.0,16.67952,3.0,9.633055,-0.286281,59.2527,3.0
32.6738798832521,15.2895,32.7408178821206,17.0309,3.0,16.67868,3.0,12.30974,-0.288358,58.4773,3.0
32.6891575828195,17.2686,32.757652381435,18.5572,3.0,16.67904,3.0,10.0945,0.150432,60.2186,3.0
32.7063436824828,15.8824,32.7730668811128,13.6281,3.0,16.67856,3.0,11.82078,0.010296,61.5075,3.0
32.7238801829517,17.627,32.7898934809491,18.7215,3.0,16.67913,3.0,12.19376,-0.312391,59.2536,3.0
32.7408178821206,16.5727,32.8072962807491,17.1671,3.0,16.67907,3.0,10.33127,-0.689152,60.3484,3.0
32.757652381435,15.3938,32.8231373811141,14.3693,3.0,16.6783,3.0,11.36,-0.220708,60.943,3.0
32.7730668811128,17.2028,32.8411885807291,17.9859,3.0,16.67861,3.0,11.77619,-0.005925,59.9106,3.0
32.7898934809491,14.9555,32.855726281181,16.0831,3.0,16.67758,3.0,9.933852,-0.998433,60.7021,3.0
32.8072962807491,18.5026,32.8739031814039,16.5609,3.0,16.67867,3.0,12.34851,-0.193225,61.8304,3.0
32.8231373811141,16.2611,32.8910149820149,17.4176,3.0,16.67842,3.0,10.12463,-0.240529,59.8886,3.0
32.8411885807291,17.282,32.9067721813917,16.7336,3.0,16.67878,3.0,9.891233,0.152856,61.0456,3.0
32.855726281181,14.671,32.9229162819684,14.9835,3.0,16.67758,3.0,12.33883,-0.300331,60.4983,3.0
32.8739031814039,18.2652,32.9404063820839,19.1147,3.0,16.67853,3.0,10.17113,-0.440671,60.8103,3.0
32.8910149820149,16.2638,32.9566058814526,14.4396,3.0,16.67828,3.0,12.11084,0.124197,61.6609,3.0
32.9067721813917,17.1749,32.9735663812608,16.8718,3.0,16.67858,3.0,9.972231,-0.252564,59.8367,3.0
32.9229162819684,17.0329,32.990194581449,18.4147,3.0,16.67879,3.0,10.38757,-0.148567,59.5345,3.0
32.9404063820839,16.3481,33.0071531813592,15.3483,3.0,16.67859,3.0,12.3501,-0.022941,60.9165,3.0
32.9566058814526,17.5218,33.0233826804906,16.1054,3.0,16.6791,3.0,10.01756,-0.57683,59.9165,3.0
32.9735663812608,15.9504,33.0404379796237,18.6358,3.0,16.67866,3.0,12.16767,-0.174256,58.5014,3.0
32.990194581449,15.0999,33.0568349789828,14.7303,3.0,16.67772,3.0,10.24944,0.417028,61.1867,3.0
33.0071531813592,18.7588,33.0743622798473,17.6568,3.0,16.67896,3.0,9.86813,-0.099047,60.8172,3.0
33.0233826804906,16.6383,33.0904112793505,17.9129,3.0,16.67894,3.0,12.44096,-0.179797,59.7157,3.0
33.0404379796237,15.539,33.1065686792135,14.2163,3.0,16.67826,3.0,10.33677,-0.174748,60.9907,3.0
33.0568349789828,17.7923,33.1234382800758,18.7653,3.0,16.67892,3.0,11.33465,0.367818,59.6674,3.0
33.0743622798473,16.5376,33.1395544800907,14.2258,3.0,16.67884,3.0,10.3121,-0.297651,60.642,3.0
33.0904112793505,17.3171,33.1564958803356,16.8746,3.0,16.67921,3.0,10.32755,-0.420054,58.3301,3.0
33.1065686792135,16.3466,33.1725124809891,17.4248,3.0,16.67902,3.0,12.07848,0.515437,57.888,3.0
33.1234382800758,17.1806,33.1905929818749,16.7331,3.0,16.67932,3.0,9.921551,-0.594234,58.9659,3.0
33.1395544800907,16.3846,33.2062747813761,17.5248,3.0,16.67914,3.0,10.21275,-0.029818,58.5193,3.0
33.1564958803356,16.498,33.2232662811875,15.1528,3.0,16.67903,3.0,12.31136,-0.460075,59.6597,3.0
33.1725124809891,16.703,33.2404856812209,18.8267,3.0,16.67905,3.0,9.340734,-0.688864,58.3152,3.0
33.1905929818749,17.1206,33.2567729819566,16.4927,3.0,16.67931,3.0,12.33392,-0.161962,60.4258,3.0
33.2062747813761,16.2882,33.2734514828771,14.8226,3.0,16.67908,3.0,11.90347,-0.118637,59.8113,3.0
33.2232662811875,16.9569,33.2895674835891,17.8225,3.0,16.67924,3.0,10.89306,-0.549504,58.3465,3.0
33.2404856812209,14.8157,33.3076404836029,18.7173,3.0,16.67814,3.0,12.48806,0.072129,59.2126,3.0
33.2567729819566,19.0809,33.3236413840204,13.6877,3.0,16.67956,3.0,10.51914,-0.783715,63.1131,3.0
33.2734514828771,15.5077,33.3405970837921,18.6029,3.0,16.67887,3.0,11.9777,0.555664,57.7212,3.0
33.2895674835891,14.6074,33.3570260833949,14.9315,3.0,16.67765,3.0,10.82797,-0.398945,60.8164,3.0
33.3076404836029,19.3635,33.374874683097,17.6615,3.0,16.67923,3.0,11.80221,-0.985387,61.1403,3.0
33.3236413840204,16.0777,33.3922734837979,19.329,3.0,16.67887,3.0,11.09824,0.596432,59.4393,3.0
33.3405970837921,17.0662,33.4072467833757,13.0885,3.0,16.6791,3.0,11.37965,0.908249,62.691,3.0
33.3570260833949,16.7376,33.4232443831861,17.552,3.0,16.67914,3.0,10.78779,0.194946,58.7141,3.0
33.374874683097,16.8619,33.4410922825336,16.425,3.0,16.67924,3.0,11.11797,-0.683502,59.5289,3.0
33.3922734837979,16.3508,33.4573950823396,16.1567,3.0,16.67905,3.0,11.20235,-0.111539,59.0917,3.0
33.4072467833757,17.3627,33.4747844822705,19.0049,3.0,16.67945,3.0,9.205354,-0.303487,58.8979,3.0
33.4232443831861,16.0392,33.490051981993,13.5979,3.0,16.67908,3.0,11.7167,-0.351992,60.5403,3.0
33.4410922825336,17.0457,33.5071104811504,18.3729,3.0,16.67929,3.0,11.15294,-0.497432,58.0998,3.0
33.4573950823396,16.3943,33.5234069814906,16.8275,3.0,16.67912,3.0,10.20099,0.043018,59.427,3.0
33.4747844822705,16.8229,33.5403689807281,15.4154,3.0,16.67921,3.0,12.23199,-0.197903,59.8604,3.0
33.490051981993,16.7516,33.5583769800141,19.7535,3.0,16.67925,3.0,10.64393,-0.281281,58.4536,3.0
33.5071104811504,14.8145,33.5729047795758,12.5685,3.0,16.67816,3.0,12.34938,-0.621325,61.4558,3.0
33.5234069814906,18.9502,33.5913764787838,18.6489,3.0,16.67949,3.0,11.7989,-0.690875,59.2093,3.0
33.5403689807281,15.8201,33.6073600789532,17.7355,3.0,16.67899,3.0,9.926181,-0.428891,58.909,3.0
33.5583769800141,16.8993,33.6244735782966,15.3656,3.0,16.67912,3.0,12.00803,1.741631,60.8248,3.0
33.5729047795758,16.4731,33.640400278382,17.9713,3.0,16.679,3.0,10.60007,0.270467,59.2917,3.0
33.5913764787838,17.5531,33.6582728782669,15.6283,3.0,16.67951,3.0,12.40929,-0.546405,60.7901,3.0
33.6073600789532,16.596,33.6739369789138,15.5969,3.0,16.67946,3.0,12.22967,-1.119993,58.8654,3.0
33.6244735782966,16.3831,33.6906162789091,18.5173,3.0,16.67928,3.0,8.410233,0.199205,57.867,3.0
33.640400278382,16.8444,33.7074167793617,15.2878,3.0,16.67938,3.0,11.69471,0.82007,60.0011,3.0
33.6582728782669,16.4928,33.7242517797276,18.3948,3.0,16.67927,3.0,10.84579,1.96625,58.4451,3.0
33.6739369789138,17.1006,33.7408530795947,14.7968,3.0,16.67952,3.0,13.069,-1.41554,60.3473,3.0
33.6906162789091,16.4237,33.7579304790124,17.2344,3.0,16.67937,3.0,10.07273,-0.143541,58.0438,3.0
33.7074167793617,16.3421,33.7742469785735,17.9788,3.0,16.67917,3.0,11.07055,-0.753131,58.8544,3.0
33.7242517797276,16.5068,33.7910629780963,15.2522,3.0,16.67907,3.0,7.93444,-1.364995,60.4922,3.0
33.7408530795947,17.2692,33.8068189779297,17.3303,3.0,16.67941,3.0,11.28774,-0.692109,59.2378,3.0
33.7579304790124,16.3668,33.8242207774892,15.5705,3.0,16.67923,3.0,11.92803,-0.578588,59.2996,3.0
33.7742469785735,16.858,33.8403375772759,16.1703,3.0,16.67934,3.0,10.9493,-1.083256,58.5028,3.0
33.7910629780963,17.1771,33.8574450770393,18.9581,3.0,16.67962,3.0,12.93881,0.397303,57.8163,3.0
33.8068189779297,16.709,33.8742931773886,14.9195,3.0,16.67964,3.0,10.95979,0.085324,59.5974,3.0
33.8242207774892,16.5609,33.8905718782917,18.1122,3.0,16.67957,3.0,10.77636,-1.057533,57.8085,3.0
33.8403375772759,16.082,33.907184178941,14.7671,3.0,16.67923,3.0,13.0174,0.898434,59.3594,3.0
33.8574450770393,17.2274,33.9242616789415,16.9785,3.0,16.67954,3.0,9.725176,0.208497,58.0447,3.0
33.8742931773886,16.2433,33.9414295786992,19.2195,3.0,16.67929,3.0,11.85463,-0.851608,57.7971,3.0
33.8905718782917,17.2693,33.9573950795457,14.0484,3.0,16.67963,3.0,11.30077,0.935642,60.7731,3.0
33.907184178941,16.7107,33.9739606799558,18.2885,3.0,16.67965,3.0,9.290903,-0.916117,57.5525,3.0
33.9242616789415,15.9684,33.9911398803815,15.6206,3.0,16.67924,3.0,11.76731,-0.805882,59.1305,3.0
33.9414295786992,16.8996,34.0070481812581,17.7734,3.0,16.67937,3.0,11.22636,-0.580223,58.7835,3.0
33.9573950795457,16.663,34.0244763819501,17.2035,3.0,16.67936,3.0,10.68002,0.386494,59.6579,3.0
33.9739606799558,15.5567,34.0422185817733,16.0351,3.0,16.67871,3.0,12.83268,0.192028,60.1986,3.0
33.9911398803815,17.2649,34.0576307820156,17.0337,3.0,16.67905,3.0,10.75322,-0.798111,60.6775,3.0
34.0070481812581,14.634,34.0742987813428,14.8028,3.0,16.67787,3.0,12.25781,-0.411597,60.4457,3.0
34.0244763819501,18.2198,34.090989981778,18.5337,3.0,16.67876,3.0,9.693672,0.037325,60.6156,3.0
34.0422185817733,16.7394,34.1083542825654,17.6237,3.0,16.67879,3.0,11.71281,-0.020622,60.9293,3.0
34.0576307820156,16.4274,34.1243878817186,13.9883,3.0,16.67865,3.0,10.9519,-0.238564,61.815,3.0
34.0742987813428,16.8336,34.1414331821725,18.8554,3.0,16.67874,3.0,10.40878,0.580537,59.3757,3.0
34.090989981778,15.1455,34.1574874827638,14.3332,3.0,16.67786,3.0,11.72722,-0.767116,61.3983,3.0
34.1083542825654,18.5078,34.1743391836062,16.7529,3.0,16.67891,3.0,10.30906,-0.547202,60.5858,3.0
34.1243878817186,16.1651,34.1912360833958,18.6545,3.0,16.67862,3.0,12.17376,1.281873,58.8311,3.0
34.1414331821725,17.3404,34.2084276834503,15.7591,3.0,16.67899,3.0,9.744816,0.319133,61.3215,3.0
34.1574874827638,16.3194,34.2262883828953,19.4699,3.0,16.67879,3.0,12.7195,-0.355927,59.7406,3.0
34.1743391836062,17.0052,34.24116748292,13.282,3.0,16.67897,3.0,10.82583,-0.330649,62.8908,3.0
34.1912360833958,16.3302,34.2571509825066,17.4071,3.0,16.67878,3.0,10.34687,0.486848,59.1686,3.0
34.2084276834503,16.6219,34.2747622830793,17.5143,3.0,16.67874,3.0,9.483727,0.059247,60.2459,3.0
34.2262883828953,16.4275,34.2912822822109,14.7934,3.0,16.6786,3.0,12.19925,-0.459518,61.139,3.0
34.24116748292,17.6098,34.3079121829942,18.6995,3.0,16.67913,3.0,10.62835,-0.292179,59.4984,3.0
34.2571509825066,14.3264,34.3253739820793,17.5221,3.0,16.67779,3.0,9.087553,-0.015563,60.5954,3.0
34.2747622830793,18.2163,34.3404999822378,13.0567,3.0,16.67867,3.0,11.34922,-0.077485,63.7911,3.0
34.2912822822109,16.3607,34.3571169823408,18.78,3.0,16.67848,3.0,10.46148,0.191829,58.6317,3.0
34.3079121829942,15.2456,34.3740134816617,14.7474,3.0,16.67767,3.0,12.09386,0.255331,61.0521,3.0
34.3253739820793,18.1737,34.3909971825778,17.0578,3.0,16.67852,3.0,11.95689,-0.41639,60.5535,3.0
34.3404999822378,16.8592,34.4082047827542,19.1332,3.0,16.67862,3.0,10.55027,0.271397,59.4385,3.0
34.3571169823408,16.8031,34.4243997819722,14.3702,3.0,16.67869,3.0,11.49577,-0.359475,61.7131,3.0
34.3740134816617,16.0929,34.4421485811472,19.7231,3.0,16.67836,3.0,9.92009,-0.376015,59.2803,3.0
34.3909971825778,17.4777,34.4580990802497,13.7944,3.0,16.67881,3.0,12.197,0.170091,62.911,3.0
34.4082047827542,16.1305,34.4747965801507,18.4225,3.0,16.6785,3.0,9.782475,-1.206863,59.2276,3.0
34.4243997819722,17.0696,34.4907564800233,16.0163,3.0,16.67872,3.0,12.19061,-0.374239,61.5202,3.0
34.4421485811472,16.5273,34.5075577795506,15.0779,3.0,16.67864,3.0,11.08631,0.782621,60.4681,3.0
34.4580990802497,16.4909,34.5243456792086,16.6906,3.0,16.67853,3.0,11.68356,-0.228811,59.0189,3.0
34.4747965801507,15.6467,34.5411809794605,18.3342,3.0,16.67795,3.0,11.47644,-0.250994,59.2192,3.0
34.4907564800233,18.8753,34.5577136799693,14.9571,3.0,16.67919,3.0,12.02958,0.003038,61.9065,3.0
34.5075577795506,15.1065,34.5744340792298,16.8041,3.0,16.6783,3.0,9.128211,-1.474086,57.9891,3.0
34.5243456792086,16.9821,34.5911667793989,18.4298,3.0,16.67847,3.0,11.99029,-0.08898,59.6875,3.0
34.5411809794605,16.895,34.6084163784981,15.8328,3.0,16.6786,3.0,10.17776,-0.35198,61.1352,3.0
34.5577136799693,16.8417,34.6249291785061,18.2996,3.0,16.67869,3.0,11.86549,0.171131,60.0736,3.0
34.5744340792298,17.3445,34.6409978792071,14.0573,3.0,16.67906,3.0,11.61468,-1.078349,61.5149,3.0
34.5911667793989,15.9847,34.6582562793046,19.2011,3.0,16.67867,3.0,11.76118,-0.141884,58.2444,3.0
34.6084163784981,17.3538,34.6750140786171,16.5631,3.0,16.67905,3.0,10.39367,-0.176948,61.4611,3.0
34.6249291785061,16.0788,34.6923334784806,15.6009,3.0,16.67871,3.0,11.72795,-0.004849,60.6712,3.0
34.6409978792071,16.8682,34.7075004782528,16.771,3.0,16.67882,3.0,11.27658,-0.496977,60.1934,3.0
34.6582562793046,14.9346,34.7250872775912,17.9035,3.0,16.67784,3.0,11.95115,-1.003083,60.0961,3.0
34.6750140786171,18.927,34.7407027771696,13.7108,3.0,16.67911,3.0,10.50165,-0.276597,63.065,3.0
34.6923334784806,16.2178,34.7578359777108,19.0184,3.0,16.67885,3.0,11.87658,0.217086,57.8496,3.0
34.7075004782528,14.7208,34.7750608781353,15.3673,3.0,16.67775,3.0,10.82728,-1.080865,60.651,3.0
34.7250872775912,18.3127,34.7919558780268,16.8999,3.0,16.67866,3.0,12.5139,-0.785075,61.2978,3.0
34.7407027771696,17.2271,34.808124278672,18.0407,3.0,16.67897,3.0,10.51111,-1.058067,59.8855,3.0
34.7578359777108,16.1137,34.8252716781572,15.251,3.0,16.67866,3.0,9.756665,-0.766226,60.6985,3.0
34.7750608781353,16.9464,34.8419240778312,18.2482,3.0,16.6788,3.0,12.89198,-0.695996,59.8365,3.0
34.7919558780268,16.8485,34.8578653773293,14.2327,3.0,16.6789,3.0,10.33647,-0.796001,61.1391,3.0
34.808124278672,16.53,34.875215577893,19.1914,3.0,16.67882,3.0,12.88803,1.074205,58.5231,3.0
34.8252716781572,17.1067,34.8920862777159,17.1335,3.0,16.67906,3.0,12.6727,-1.278808,61.1839,3.0
34.8419240778312,16.5114,34.9080336773768,14.0002,3.0,16.67896,3.0,10.7609,1.574073,61.2118,3.0
34.8578653773293,17.0309,34.9251186782494,17.0083,3.0,16.67916,3.0,12.54869,0.223675,58.702,3.0
34.875215577893,14.8097,34.9406297784299,17.8309,3.0,16.67812,3.0,8.871408,0.321629,58.6799,3.0
34.8920862777159,18.5081,34.9582768790424,15.45,3.0,16.67914,3.0,13.16243,-0.498815,61.6991,3.0
34.9080336773768,16.5634,34.9753408785909,16.8846,3.0,16.67907,3.0,8.685925,-0.721966,58.6431,3.0
34.9251186782494,16.6786,34.9919737782329,18.6268,3.0,16.67907,3.0,11.48997,-0.643793,58.9649,3.0
34.9406297784299,15.207,35.0091625787318,15.3095,3.0,16.67825,3.0,9.992915,-0.920139,60.9045,3.0
34.9582768790424,18.1561,35.0251090787351,17.5515,3.0,16.67907,3.0,12.33777,0.761693,61.0161,3.0
34.9753408785909,16.704,35.0423876792192,15.6909,3.0,16.67909,3.0,10.86479,0.391637,60.4124,3.0
34.9919737782329,16.9226,35.0582192800939,15.737,3.0,16.67922,3.0,10.47074,-0.391103,59.3989,3.0
35.0091625787318,16.5876,35.0749941803515,18.3358,3.0,16.67917,3.0,12.67771,-0.171559,58.2143,3.0
35.0251090787351,16.5283,35.0920808799565,15.4783,3.0,16.67909,3.0,9.230663,-0.54981,59.9627,3.0
35.0423876792192,17.0277,35.1075262799859,15.4177,3.0,16.67928,3.0,11.5678,0.460315,58.905,3.0
35.0582192800939,16.292,35.1259492803365,20.1239,3.0,16.67907,3.0,12.25356,0.796369,57.2964,3.0
35.0749941803515,17.2668,35.1423230804503,14.7208,3.0,16.67939,3.0,10.93971,-0.469815,61.1355,3.0
35.0920808799565,16.6487,35.1577311800793,16.6809,3.0,16.67938,3.0,12.51048,-0.315435,58.5899,3.0
35.1075262799859,16.4138,35.1750654792413,18.0326,3.0,16.67923,3.0,9.522431,0.288698,58.6219,3.0
35.1259492803365,17.2271,35.1922980798408,15.3512,3.0,16.67953,3.0,9.245115,0.248794,60.2414,3.0
35.1423230804503,16.5077,35.2088038800284,18.2479,3.0,16.67944,3.0,12.32113,-1.232846,58.3658,3.0
35.1577311800793,15.1631,35.2255011806265,14.946,3.0,16.6786,3.0,12.2482,-0.465601,60.1056,3.0
35.1750654792413,17.9586,35.2419487806037,16.3488,3.0,16.67931,3.0,9.243406,0.650835,59.8885,3.0
35.1922980798408,16.0175,35.2586921798065,18.4031,3.0,16.67894,3.0,11.41295,0.346308,58.2799,3.0
35.2088038800284,17.2889,35.2753682797775,15.0654,3.0,16.67928,3.0,11.1774,-0.463843,60.6655,3.0
35.2255011806265,17.0199,35.2924828799441,17.2433,3.0,16.67946,3.0,12.29527,-0.662316,58.4424,3.0
35.2419487806037,16.5075,35.3093739794567,18.4319,3.0,16.67937,3.0,11.04899,-0.969374,58.6662,3.0
35.2586921798065,14.9112,35.3250987799838,14.0173,3.0,16.6784,3.0,9.795343,-0.504555,60.5908,3.0
35.2753682797775,18.3691,35.3423081794754,17.2511,3.0,16.67933,3.0,12.46212,0.408467,59.6971,3.0
35.2924828799441,16.4489,35.357781779021,16.816,3.0,16.6792,3.0,10.66417,0.070203,58.5798,3.0
35.3093739794567,17.3561,35.3752443790436,16.2167,3.0,16.67957,3.0,12.65246,0.552098,58.948,3.0
35.3250987799838,16.5585,35.3932634796947,19.8783,3.0,16.67951,3.0,11.05653,-0.381947,57.8084,3.0
35.3423081794754,16.3261,35.408216079697,14.8391,3.0,16.67931,3.0,11.5234,1.267345,61.1288,3.0
35.357781779021,15.6561,35.4252609796822,15.9844,3.0,16.67875,3.0,10.1317,0.474779,59.6414,3.0
35.3752443790436,16.6554,35.4421971794218,17.9725,3.0,16.67874,3.0,9.265347,-0.583588,59.9708,3.0
35.3932634796947,15.2564,35.4590097796172,15.3345,3.0,16.67796,3.0,12.08535,0.093051,61.2886,3.0
35.408216079697,18.7963,35.4756288789213,16.2006,3.0,16.67912,3.0,10.33852,-1.060445,61.3667,3.0
35.4252609796822,15.9479,35.4924435783178,18.5739,3.0,16.67872,3.0,9.503688,-0.052769,58.7721,3.0
35.4421971794218,17.4644,35.5093706790358,15.2311,3.0,16.67915,3.0,12.30375,-1.02649,61.398,3.0
35.4590097796172,16.4006,35.5258121788502,17.7706,3.0,16.679,3.0,9.986445,0.36502,59.1647,3.0
35.4756288789213,16.5701,35.5424321796745,15.3295,3.0,16.67894,3.0,12.86197,0.334057,60.5357,3.0
35.4924435783178,17.8564,35.558103678748,15.604,3.0,16.67958,3.0,11.69309,0.020583,59.2947,3.0
35.5093706790358,15.6465,35.5751012787223,18.8095,3.0,16.67901,3.0,10.73038,-0.63393,57.0427,3.0
35.5258121788502,16.4833,35.5933177787811,16.6751,3.0,16.67891,3.0,11.31654,-0.137371,60.206,3.0
35.5424321796745,16.9548,35.6085434788838,16.7072,3.0,16.67906,3.0,9.352517,0.177743,60.3984,3.0
35.558103678748,16.4546,35.625311578624,14.9907,3.0,16.67894,3.0,11.91753,0.341516,60.1449,3.0
35.5751012787223,17.2819,35.6422936795279,17.3168,3.0,16.67926,3.0,12.36077,-0.490619,58.6868,3.0
35.5933177787811,16.4023,35.6584010804072,17.4027,3.0,16.67911,3.0,10.15716,-0.245125,58.7227,3.0
35.6085434788838,16.4493,35.6763440808281,16.5292,3.0,16.67899,3.0,11.55218,0.405691,59.7237,3.0
35.625311578624,16.8126,35.6920334799215,16.9797,3.0,16.67906,3.0,9.566319,-0.188198,59.8036,3.0
35.6422936795279,16.8109,35.7078692791983,16.2461,3.0,16.67913,3.0,12.29103,-0.957868,59.9709,3.0
35.6584010804072,16.4601,35.7262928793207,16.4539,3.0,16.67901,3.0,10.63421,0.042286,59.406,3.0
35.6763440808281,17.0384,35.741956778802,17.3421,3.0,16.67921,3.0,11.3596,-0.400585,59.4005,3.0
35.6920334799215,14.83,35.758039179258,14.406,3.0,16.67821,3.0,9.944868,-0.044913,59.7048,3.0
35.7078692791983,17.8373,35.7760391784832,18.097,3.0,16.67883,3.0,12.92461,-0.672878,59.2805,3.0
35.7262928793207,17.4739,35.7923053791746,18.0869,3.0,16.67927,3.0,9.781385,-0.251945,59.5418,3.0
35.741956778802,14.6396,35.809088579379,15.1048,3.0,16.67816,3.0,10.43621,-1.35084,60.1549,3.0
35.758039179258,18.4838,35.8250978784636,17.6516,3.0,16.67914,3.0,11.61478,0.355088,60.6195,3.0
35.7760391784832,16.926,35.841871178709,16.8139,3.0,16.67927,3.0,10.73905,-1.181997,59.7882,3.0
35.7923053791746,16.297,35.8594613792375,15.7455,3.0,16.67907,3.0,11.91904,0.750243,59.6749,3.0
35.809088579379,16.9366,35.8752654800192,17.5391,3.0,16.6792,3.0,10.00861,0.133895,59.1254,3.0
35.8250978784636,14.4936,35.8922995803878,15.2748,3.0,16.67802,3.0,9.549097,-0.659966,59.728,3.0
35.841871178709,18.6843,35.9088083812967,16.5567,3.0,16.67911,3.0,12.81406,-1.774601,60.5094,3.0
35.8594613792375,16.1599,35.9264677809551,19.2874,3.0,16.67883,3.0,9.194505,-0.906813,58.3827,3.0
35.8752654800192,15.4786,35.9420514805242,14.0885,3.0,16.67818,3.0,11.80557,-0.762236,61.4876,3.0
35.8922995803878,18.8985,35.9586970796809,17.8013,3.0,16.67938,3.0,10.9873,-0.057774,60.1198,3.0
35.9088083812967,15.8199,35.9772899793461,19.2292,3.0,16.67891,3.0,11.63921,-0.060021,59.0236,3.0
35.9264677809551,16.7075,35.9929612791166,13.9014,3.0,16.67893,3.0,12.77814,-0.16808,62.4327,3.0
35.9420514805242,17.1711,36.0099475784227,16.7804,3.0,16.67919,3.0,10.45867,-0.474779,59.6272,3.0
35.9586970796809,15.2943,36.0263163791969,18.0603,3.0,16.67845,3.0,11.76892,-0.184928,59.2368,3.0
35.9772899793461,18.061,36.0433141784742,17.3563,3.0,16.67919,3.0,9.64078,0.357055,62.0024,3.0
35.9929612791166,16.7357,36.0595440780744,14.247,3.0,16.67922,3.0,11.76288,0.007077,61.2983,3.0
36.0099475784227,17.8043,36.0750939780846,16.9529,3.0,16.67983,3.0,9.817328,0.078435,58.81,3.0
36.0263163791969,15.0134,36.0932588772848,18.5828,3.0,16.67893,3.0,10.18005,-0.411827,57.9589,3.0
36.0433141784742,17.9019,36.1094775767997,14.3357,3.0,16.67959,3.0,9.442823,-0.297597,61.5283,3.0
36.0595440780744,17.1383,36.1254477770999,17.6023,3.0,16.67983,3.0,10.11497,0.775603,57.9632,3.0
36.0750939780846,15.1951,36.1431624768302,16.0922,3.0,16.67904,3.0,11.82263,0.303311,58.427,3.0
36.0932588772848,18.1401,36.1587693765759,15.8216,3.0,16.67982,3.0,10.77,-0.554348,59.3241,3.0
36.1094775767997,15.1765,36.1761248763651,19.049,3.0,16.67902,3.0,12.2048,-0.019887,57.0063,3.0
36.1254477770999,17.3639,36.1926854755729,14.9908,3.0,16.67938,3.0,9.274289,-0.912374,60.8791,3.0
36.1431624768302,16.8606,36.2097180746496,18.5384,3.0,16.67948,3.0,11.65585,-0.473925,58.5061,3.0
36.1587693765759,15.9089,36.2256959751248,15.9703,3.0,16.67907,3.0,11.02519,-0.322485,60.184,3.0
36.1761248763651,17.281,36.2429595757276,15.3872,3.0,16.67939,3.0,11.71967,-0.180184,60.2462,3.0
36.1926854755729,16.4847,36.2604348752648,17.4615,3.0,16.67929,3.0,12.74053,0.363367,58.3522,3.0
36.2097180746496,14.8833,36.2763708755374,17.8172,3.0,16.67833,3.0,10.47258,0.131261,59.3296,3.0
36.2256959751248,18.8219,36.2953035756946,17.0861,3.0,16.67947,3.0,12.14488,-0.796033,62.2634,3.0
36.2429595757276,16.1498,36.309529975988,15.4295,3.0,16.67919,3.0,10.23943,-0.562114,60.5286,3.0
36.2604348752648,16.8878,36.3270790753886,19.1878,3.0,16.6793,3.0,11.62574,-0.011511,59.8083,3.0
36.2763708755374,15.09,36.343258976005,14.9734,3.0,16.67845,2.0,11.71953,-1.42347,62.1087,3.0
36.2953035756946,18.3577,36.3595490762964,14.9092,3.0,16.67935,3.0,10.99211,-0.690649,61.9921,3.0
36.3270790753886,33.2508,36.3760636756197,18.3454,3.0,16.68818,3.0,12.48651,-0.06939,58.5442,3.0
36.3270790753886,2.7196,36.3931766757742,15.3342,2.0,16.68074,3.0,11.81407,0.406716,43.6393,3.0
36.343258976005,16.9391,36.4091820763424,17.622,3.0,16.68088,3.0,11.69405,0.151064,56.2547,3.0
36.3595490762964,13.9113,36.425929476507,16.4978,3.0,16.6794,3.0,12.51979,-0.537407,56.9375,3.0
36.3760636756197,15.552,36.4429343761876,15.4517,3.0,16.6788,3.0,10.12548,-0.478983,59.5243,3.0
36.3931766757742,17.46,36.4606118770316,19.7574,3.0,16.67922,3.0,9.337736,-0.665093,59.3931,3.0
36.4091820763424,15.0863,36.4762006774545,13.4185,3.0,16.67837,3.0,11.46351,-0.42233,61.7221,3.0
36.425929476507,18.7332,36.4936720766127,17.4837,3.0,16.67946,3.0,10.56848,0.198385,60.0541,3.0
36.4429343761876,16.0761,36.5088256765157,16.9082,3.0,16.67914,3.0,12.37369,-0.712042,58.8056,3.0
36.4606118770316,15.1376,36.5271321758628,16.647,3.0,16.67833,3.0,12.41143,-0.421254,59.6383,3.0
36.4762006774545,18.6578,36.5435790754855,16.411,3.0,16.67937,3.0,10.66942,-0.739056,61.1468,3.0
36.4936720766127,16.0506,36.5596495755017,17.9676,3.0,16.67904,3.0,11.74894,-0.315139,58.9017,3.0
36.5088256765157,16.6719,36.5763385761529,14.8628,3.0,16.67904,3.0,10.93585,-0.290261,60.8183,3.0
36.5271321758628,16.2091,36.5923223756254,17.9258,3.0,16.67879,3.0,12.42946,-0.062675,59.003,3.0
36.5435790754855,17.3668,36.6086989752948,14.2911,3.0,16.67915,3.0,11.12084,0.517452,60.7268,3.0
36.5596495755017,16.5426,36.6264032758772,17.7016,3.0,16.67908,3.0,10.50676,-0.612501,57.6511,3.0
36.5763385761529,16.8814,36.6429195757955,17.9824,3.0,16.67919,3.0,12.16928,-0.640704,58.8107,3.0
36.5923223756254,16.6259,36.6588542759418,14.4674,3.0,16.67916,3.0,10.16395,-0.89789,59.9122,3.0
36.6086989752948,17.2923,36.6771840751171,20.0871,3.0,16.67948,3.0,11.1774,-0.561582,57.7542,3.0
36.6264032758772,17.0089,36.6931126751006,14.2522,3.0,16.67966,3.0,12.4201,-0.133262,60.5494,3.0
36.6429195757955,15.0441,36.7113510742784,19.8502,3.0,16.67879,3.0,10.92699,-1.180236,57.793,3.0
36.6588542759418,17.32,36.7260761745274,14.8022,3.0,16.67913,3.0,12.78958,0.331805,62.599,3.0
36.6771840751171,16.539,36.743935873732,16.1028,3.0,16.67906,3.0,10.54906,-0.074999,60.0816,3.0
36.6931126751006,16.8111,36.7600979730487,17.8547,3.0,16.67913,3.0,11.98564,-1.21591,59.6458,3.0
36.7113510742784,15.5939,36.7767279725522,15.1177,3.0,16.67856,3.0,13.0351,-0.49675,60.6906,3.0
36.7260761745274,17.8867,36.793333273381,16.5005,3.0,16.67919,3.0,10.1467,-0.287861,60.2131,3.0
36.743935873732,16.3703,36.8094234727323,17.6238,3.0,16.67903,3.0,11.96911,0.147136,58.8285,3.0
36.7600979730487,14.1408,36.8260368723422,15.0119,3.0,16.6777,3.0,11.61585,0.470544,60.0825,3.0
36.7767279725522,18.6361,36.8434017729014,19.1909,3.0,16.67872,3.0,10.32976,-0.293438,60.9403,3.0
36.793333273381,16.1178,36.8607860729098,15.4983,3.0,16.67843,3.0,12.06586,0.059486,61.5091,3.0
36.8094234727323,18.0898,36.877041272819,16.2201,3.0,16.67917,3.0,10.02536,0.700806,60.8896,3.0
36.8260368723422,16.1588,36.8933313731104,18.1805,3.0,16.6789,3.0,9.898838,0.04634,59.0138,3.0
36.8434017729014,15.9385,36.9096881728619,14.6903,3.0,16.67851,3.0,12.03851,-0.901044,61.0421,3.0
36.8607860729098,17.1904,36.9275356736034,19.6751,3.0,16.67878,3.0,10.21269,0.353273,59.7946,3.0
36.877041272819,16.2935,36.9433076735586,14.0616,3.0,16.67858,3.0,11.25796,-0.154601,62.2796,3.0
36.8933313731104,16.9467,36.9601315744221,16.8317,3.0,16.67872,3.0,11.95484,-0.665263,60.048,3.0
36.9096881728619,16.5633,36.9762361738831,19.5951,3.0,16.67866,3.0,11.18013,-0.563852,59.9328,3.0
36.9275356736034,15.4653,36.9931442737579,13.1765,3.0,16.67802,3.0,11.269,-0.619826,62.965,3.0
36.9433076735586,18.2098,37.0104912742972,19.3722,3.0,16.67882,3.0,10.39936,-0.134668,60.677,3.0
36.9601315744221,16.7427,37.0263186749071,13.8356,3.0,16.67886,3.0,10.50955,0.123212,61.84,3.0
36.9762361738831,16.8887,37.043352374807,16.9227,3.0,16.67896,3.0,12.33403,0.664453,58.9325,3.0
36.9931442737579,17.2271,37.0594858750701,17.8155,3.0,16.67925,3.0,10.35387,0.035159,58.9673,3.0
37.0104912742972,16.7567,37.0772910751402,16.1763,3.0,16.67929,3.0,11.89029,-0.942881,59.5556,3.0
37.0263186749071,16.9063,37.093513675034,17.918,3.0,16.67941,3.0,11.81875,0.06159,58.9759,3.0
37.043352374807,16.6912,37.1097686756402,14.5082,3.0,16.67941,3.0,9.535141,0.26236,59.9874,3.0
37.0594858750701,16.8335,37.1283640749753,20.5146,3.0,16.67949,3.0,11.75288,-0.939903,57.8053,3.0
37.0772910751402,16.7216,37.1435954747722,15.4084,3.0,16.67952,3.0,11.30971,-0.684024,61.4865,3.0
37.093513675034,16.2715,37.1600408749655,14.8984,3.0,16.6793,3.0,11.80924,-0.182091,60.1734,3.0
37.1097686756402,16.7967,37.1760838748887,17.6242,3.0,16.67937,3.0,9.631403,-0.161243,58.8008,3.0
37.1283640749753,14.8501,37.1932039754465,15.231,3.0,16.67842,3.0,12.86132,-0.706727,59.6287,3.0
37.1435954747722,18.7265,37.2112777745351,18.0461,3.0,16.67948,3.0,10.96809,0.130368,60.0095,3.0
37.1600408749655,16.4945,37.2264639744535,16.9457,3.0,16.67938,3.0,12.09434,-1.161089,59.3301,3.0
37.1760838748887,14.6516,37.2433680752292,14.8911,3.0,16.67833,3.0,10.43603,-0.384761,59.7811,3.0
37.1932039754465,19.3328,37.2603725744411,18.8414,3.0,16.67971,3.0,12.22953,0.741565,60.0207,3.0
37.2112777745351,15.8951,37.2767565743998,14.5112,3.0,16.6793,3.0,9.948389,-0.95795,59.53,3.0
37.2264639744535,16.9928,37.2933484734967,16.8301,3.0,16.67946,3.0,11.49666,-0.608645,58.1461,3.0
37.2433680752292,16.4384,37.3100869739428,18.5028,3.0,16.67934,3.0,12.35203,-0.838406,57.9845,3.0
37.2603725744411,15.1473,37.3269410738721,15.0577,3.0,16.67855,3.0,8.95265,-0.217673,60.0487,3.0
37.2767565743998,18.5916,37.3440978741273,17.0743,3.0,16.67953,3.0,12.86644,-0.138532,59.959,3.0
37.2933484734967,16.5302,37.3604450738057,18.1321,3.0,16.67946,3.0,12.51641,-0.074548,58.4427,3.0
37.3100869739428,16.6592,37.3772197728977,14.9779,3.0,16.67945,3.0,11.02857,-0.31224,60.0376,3.0
37.3269410738721,17.346,37.3934502722695,16.3897,3.0,16.67979,3.0,12.12153,-0.699472,58.3643,3.0
37.3440978741273,15.9224,37.4110538726673,19.665,3.0,16.6794,3.0,10.08045,0.782018,57.408,3.0
37.3604450738057,16.7829,37.4273617723957,14.3776,3.0,16.67945,3.0,11.54674,-0.251388,61.1501,3.0
37.3772197728977,16.4754,37.4433178724721,15.8956,3.0,16.67935,3.0,10.54517,-0.434833,58.7461,3.0
37.3934502722695,16.3356,37.4612575722858,19.2619,3.0,16.67917,3.0,10.18548,-0.567697,58.1663,3.0
37.4110538726673,17.1533,37.4770822720602,14.3556,3.0,16.67942,3.0,11.18929,-0.021572,61.0929,3.0
37.4273617723957,16.8628,37.4931253725663,16.2377,3.0,16.67951,3.0,10.45523,0.232393,58.2958,3.0
37.4433178724721,15.5488,37.5110377734527,19.3973,3.0,16.67893,3.0,10.5165,0.818137,57.6639,3.0
37.4612575722858,16.1616,37.5270651737228,14.1813,3.0,16.67866,3.0,10.27587,-0.227137,61.5198,3.0
37.4770822720602,17.5543,37.5439592739567,16.9103,3.0,16.67911,3.0,10.16011,1.438479,59.5399,3.0
37.4931253725663,17.0139,37.5614173738286,19.5132,3.0,16.67929,3.0,9.747863,0.296177,58.8963,3.0
37.5110377734527,15.6375,37.5778950741515,14.4925,3.0,16.67875,3.0,9.225837,0.865438,61.3959,3.0
37.5270651737228,16.8442,37.5939428741112,16.1681,3.0,16.67883,3.0,12.09872,-1.113426,60.2509,3.0
37.5439592739567,16.6563,37.610214873217,17.9667,3.0,16.67882,3.0,8.175523,-0.387712,59.5753,3.0
37.5614173738286,14.8778,37.6275177737698,17.56,3.0,16.6779,3.0,11.52996,0.416442,60.8857,3.0
37.5778950741515,18.5174,37.6431309739128,13.4372,3.0,16.67884,3.0,10.68673,-0.993681,63.5684,3.0
37.5939428741112,16.0779,37.660445173271,17.4767,3.0,16.67854,3.0,11.32861,-0.559466,58.4886,3.0
37.610214873217,15.1194,37.6770564736798,18.368,3.0,16.67774,3.0,12.22796,0.315894,59.8877,3.0
37.6275177737698,18.2121,37.6939966743812,15.1621,3.0,16.67852,3.0,9.665381,0.607933,63.1369,3.0
37.6431309739128,16.8347,37.7104712752625,18.1495,3.0,16.6786,3.0,12.91857,0.747002,60.0871,3.0
37.660445173271,17.4893,37.7272742753848,15.265,3.0,16.67902,3.0,10.68191,-0.483565,61.4023,3.0
37.6770564736798,15.7261,37.7431724751368,15.859,3.0,16.67853,3.0,11.49977,-0.38226,59.1783,3.0
37.6939966743812,17.1441,37.7604377744719,18.8462,3.0,16.67877,3.0,11.1472,0.40833,59.3119,3.0
37.7104712752625,16.9212,37.7770732743666,14.9174,3.0,16.67889,3.0,9.263965,-0.454346,61.0142,3.0
37.7272742753848,16.1525,37.7942760745063,17.2382,3.0,16.67862,3.0,12.32136,0.875283,59.0109,3.0
37.7431724751368,16.835,37.8106721742079,17.9951,3.0,16.6787,3.0,10.27127,-1.222937,60.0972,3.0
37.7604377744719,16.1966,37.8279679743573,15.5932,3.0,16.67846,3.0,9.786146,0.249881,61.2566,3.0
37.7770732743666,17.1403,37.8441400742158,18.0283,3.0,16.67869,3.0,12.10032,0.642101,60.6543,3.0
37.7942760745063,16.6781,37.8605040749535,16.3682,3.0,16.67869,3.0,10.78584,-0.205529,61.542,3.0
37.8106721742079,16.436,37.8774168742821,14.9854,3.0,16.67857,3.0,11.38722,-0.974411,61.2327,3.0
37.8279679743573,17.3374,37.894368073903,17.0853,3.0,16.6789,3.0,11.4992,0.022411,59.7827,3.0
37.8441400742158,14.4455,37.9101865747944,17.6288,3.0,16.67777,3.0,10.76063,-0.448079,59.5311,3.0
37.8605040749535,18.3101,37.9304472738877,18.5264,3.0,16.6786,3.0,10.71301,-0.128372,62.715,3.0
37.8774168742821,16.9861,37.9430671734735,12.5274,3.0,16.67875,3.0,12.39939,-0.157068,62.9314,3.0
37.894368073903,16.0808,37.9610683741048,19.7766,3.0,16.67845,3.0,9.967579,0.083271,58.4649,3.0
37.9101865747944,15.6974,37.9815460732207,18.9742,3.0,16.67795,3.0,12.20887,-0.357949,62.169,3.0
37.9304472738877,18.2181,37.994189273566,12.7317,3.0,16.67873,3.0,12.02277,0.022291,65.4464,3.0
37.9430671734735,16.4057,38.0110279731452,18.273,3.0,16.67859,3.0,10.28423,-0.234545,59.96,3.0
37.9610683741048,15.0222,38.0275046732277,14.7646,3.0,16.67776,3.0,11.61735,0.580097,61.828,3.0
37.9815460732207,18.4275,38.0440534725785,18.1265,3.0,16.67864,3.0,12.19111,-0.047423,61.5706,3.0
37.994189273566,16.9565,38.0621105730534,18.6196,3.0,16.67878,3.0,10.23464,-0.536059,61.263,3.0
38.0110279731452,16.8458,38.0771946730092,12.7614,3.0,16.67887,3.0,12.1827,-0.391274,62.9333,3.0
38.0275046732277,16.2794,38.0944426720962,19.335,3.0,16.67867,3.0,11.20292,-0.987392,58.8497,3.0
38.0440534725785,14.8052,38.1097655724734,13.288,3.0,16.67772,3.0,9.967059,-0.667407,61.9008,3.0
38.0621105730534,18.2268,38.12817097269,18.5191,3.0,16.6785,3.0,12.43487,-1.348147,60.3889,3.0
38.0771946730092,17.153,38.1441881731153,17.5803,3.0,16.67874,3.0,10.34659,0.05542,60.6814,3.0
38.0944426720962,16.2887,38.160671973601,14.9053,3.0,16.67854,3.0,12.80351,-0.954627,61.1091,3.0
38.1097655724734,17.0073,38.1785221733153,19.6806,3.0,16.67871,3.0,12.60895,-0.639235,59.7261,3.0
38.12817097269,16.9801,38.1945293731987,14.2825,3.0,16.67886,3.0,11.86028,-0.090512,62.3921,3.0
38.1441881731153,16.7252,38.210530674085,17.5868,3.0,16.67888,3.0,11.80933,-0.526453,59.7026,3.0
38.160671973601,16.588,38.2271883748472,16.8266,3.0,16.67884,3.0,10.96313,-0.482894,60.5639,3.0
38.1785221733153,16.2936,38.2444746755064,15.4461,3.0,16.67864,3.0,12.49161,-1.012453,60.8036,3.0
38.1945293731987,17.3343,38.2601054757833,17.2363,3.0,16.67897,3.0,10.34165,0.295579,59.9562,3.0
38.210530674085,14.7409,38.2776327766478,15.914,3.0,16.678,3.0,10.52399,-0.336067,59.8581,3.0
38.2271883748472,18.8615,38.2963144760579,18.518,3.0,16.6791,3.0,12.38835,-0.049396,61.0319,3.0
38.2444746755064,16.3497,38.311527675949,17.3457,3.0,16.67893,3.0,11.24232,-0.346271,60.6887,3.0
38.2601054757833,14.7531,38.3275474766269,14.0141,3.0,16.67797,3.0,9.197867,0.860626,61.6849,3.0
38.2776327766478,18.9276,38.3451348757371,19.2199,3.0,16.67909,3.0,12.1959,1.567989,60.9461,3.0
38.2963144760579,16.2714,38.3614341756329,16.4963,3.0,16.67889,3.0,10.26507,-0.170056,61.2388,3.0
38.311527675949,16.8457,38.377915375866,14.6515,3.0,16.67897,3.0,12.02247,-0.809608,61.4638,3.0
38.3275474766269,17.2128,38.3941435767338,16.2746,3.0,16.67924,3.0,11.04001,0.352139,59.2703,3.0
38.3451348757371,14.3846,38.4115828769282,19.132,3.0,16.67809,3.0,8.378156,-0.018238,58.3323,3.0
38.3614341756329,18.4819,38.4275117767975,14.2574,3.0,16.67899,3.0,11.98291,0.61947,63.0797,3.0
38.377915375866,16.8934,38.4451276762411,17.6314,3.0,16.6791,3.0,11.10836,-0.690855,58.8563,3.0
38.3941435767338,15.7776,38.4609089763835,17.3285,3.0,16.67865,3.0,11.36624,-0.351265,59.5853,3.0
38.4115828769282,15.9746,38.4774366756901,14.8976,3.0,16.6783,3.0,11.88913,-0.776317,61.146,3.0
38.4275117767975,17.801,38.4947967762128,19.3372,3.0,16.67886,3.0,9.555255,-0.456378,60.0562,3.0
38.4451276762411,16.898,38.5119236754254,15.4721,3.0,16.67897,3.0,12.64606,0.864033,61.606,3.0
38.4609089763835,17.1258,38.5289228754118,18.6302,3.0,16.67919,3.0,10.94902,-1.274454,60.1791,3.0
38.4774366756901,16.6572,38.5447483761236,15.6942,3.0,16.67918,3.0,10.79648,0.51313,61.6851,3.0
38.4947967762128,14.2616,38.5611451761797,14.605,3.0,16.67798,3.0,12.06577,-0.183166,60.7223,3.0
38.5119236754254,19.692,38.5778861762956,18.6272,3.0,16.67948,3.0,8.986854,0.152528,61.0655,3.0
38.5289228754118,14.8385,38.594777376391,16.6544,3.0,16.67856,3.0,13.10547,-0.550829,60.0015,3.0
38.5447483761236,16.691,38.6111325761303,14.6651,3.0,16.67857,3.0,11.13477,0.689787,61.8175,3.0
38.5611451761797,16.7941,38.6282701762393,19.0414,3.0,16.67862,3.0,10.07697,-0.317593,59.7927,3.0
38.5778861762956,16.1804,38.6440982753411,13.9995,3.0,16.67838,3.0,11.39623,-0.353465,62.04,3.0
38.594777376391,18.1777,38.6620806744322,17.9363,3.0,16.67912,3.0,10.09991,-0.209282,59.8594,3.0
38.6111325761303,16.6853,38.6775249745697,17.024,3.0,16.67912,3.0,11.15379,-0.07775,59.6188,3.0
38.6282701762393,14.6615,38.69490737468,15.7097,3.0,16.67812,3.0,12.23787,-0.121922,59.9494,3.0
38.6440982753411,18.6278,38.7119833752513,17.1321,3.0,16.67909,3.0,10.39898,0.252406,61.0059,3.0
38.6620806744322,16.9565,38.7281201761216,17.9775,3.0,16.67923,3.0,11.75465,-0.111209,59.5106,3.0
38.6775249745697,16.7553,38.7471647765487,17.3038,3.0,16.67926,3.0,10.07482,0.047858,60.5314,3.0
38.69490737468,16.673,38.7621414763853,14.9241,3.0,16.67926,3.0,11.96039,-0.867479,61.081,3.0
38.7119833752513,16.4892,38.778152375482,17.5866,3.0,16.67917,3.0,11.40551,-0.137804,59.3323,3.0
38.7281201761216,15.575,38.7971380753443,17.4403,3.0,16.67862,3.0,10.10304,-0.781046,60.4297,3.0
38.7471647765487,18.572,38.8117491751909,14.7488,3.0,16.67956,3.0,11.53338,-0.31982,62.2945,3.0
38.7621414763853,15.7151,38.8284319750965,18.3184,3.0,16.67908,3.0,10.8799,-0.101348,58.4719,3.0
38.778152375482,14.5311,38.8445629756898,14.3319,3.0,16.67802,3.0,11.99425,-0.540793,61.0759,3.0
38.7971380753443,18.1779,38.861244674772,16.5451,3.0,16.67876,3.0,12.50502,-0.609086,60.8765,3.0
38.8117491751909,16.8635,38.8782605752349,18.8564,3.0,16.67885,3.0,10.22225,-0.226919,59.2451,3.0
38.8284319750965,15.1635,38.8955007754266,17.2547,3.0,16.6781,3.0,11.98639,0.28503,61.2378,3.0
38.8445629756898,18.1736,38.912487976253,15.4232,3.0,16.67884,3.0,10.55119,-0.395011,63.3291,3.0
38.861244674772,16.4814,38.9280603760853,16.9358,3.0,16.67875,3.0,12.46562,-0.552179,60.5795,3.0
38.8782605752349,15.0882,38.9451422756538,15.5037,3.0,16.67796,3.0,12.16847,-0.071038,61.0342,3.0
38.8955007754266,18.658,38.9623822765425,19.0241,3.0,16.67894,3.0,9.623411,-0.81175,61.4494,3.0
38.912487976253,17.2375,38.9777608765289,15.3862,3.0,16.67921,3.0,12.25888,-0.1138,61.8166,3.0
38.9280603760853,16.0425,38.9951355764642,15.6324,3.0,16.6789,3.0,10.64774,0.920726,59.9658,3.0
38.9451422756538,16.617,39.0120289763436,16.8805,3.0,16.67887,3.0,11.70955,-0.286634,59.5556,3.0
38.9623822765425,15.7101,39.0275838766247,17.2875,3.0,16.67839,3.0,10.6104,-0.316329,59.8197,3.0
38.9777608765289,18.6217,39.0469751767814,19.0748,3.0,16.67935,3.0,10.05017,-0.266279,61.3972,3.0
38.9951355764642,16.576,39.0620413767174,13.702,3.0,16.67929,3.0,10.73353,0.406882,61.8507,3.0
39.0120289763436,16.2374,39.0782017773017,17.7915,3.0,16.67908,3.0,10.37703,-0.265878,58.977,3.0
39.0275838766247,15.0121,39.0975400777534,17.5753,3.0,16.67826,3.0,12.25648,0.140013,60.531,3.0
39.0469751767814,18.74,39.1113307774067,13.9144,3.0,16.67927,3.0,10.39772,-0.499402,63.0952,3.0
39.0620413767174,16.7497,39.1284595765173,18.8359,3.0,16.67931,3.0,9.451078,-0.320895,58.2695,3.0
39.0782017773017,15.0689,39.1450863759965,14.8618,3.0,16.67852,3.0,12.14789,-0.137983,60.3562,3.0
39.0975400777534,17.9463,39.1619632765651,16.9573,3.0,16.67914,3.0,9.965702,0.397143,60.149,3.0
39.1113307774067,17.025,39.1785877756774,18.0411,3.0,16.67931,3.0,12.31719,1.595168,59.1611,3.0
39.1284595765173,16.2177,39.1951917763799,16.9017,3.0,16.67908,3.0,12.24278,-0.170974,60.1777,3.0
39.1450863759965,17.196,39.212271977216,15.2652,3.0,16.67933,3.0,10.26406,-0.864973,60.8613,3.0
39.1619632765651,16.7256,39.227561077103,17.2778,3.0,16.67936,3.0,11.18913,-0.007503,58.9312,3.0
39.1785877756774,16.5602,39.2442369777709,14.7165,3.0,16.6793,3.0,8.355474,-0.131792,59.4805,3.0
39.1951917763799,16.1923,39.2623813785613,19.7732,3.0,16.67906,3.0,11.79687,-0.192858,57.6286,3.0
39.212271977216,17.1719,39.2784914784133,14.5246,3.0,16.6793,3.0,11.0673,0.582258,61.2332,3.0
39.227561077103,16.5258,39.2943149786443,17.324,3.0,16.67923,3.0,10.23129,-0.960611,58.5862,3.0
39.2442369777709,17.0677,39.3123653791845,16.6811,3.0,16.67941,3.0,12.13256,-1.009931,59.3851,3.0
39.2623813785613,16.1054,39.3293235786259,16.7234,3.0,16.67914,3.0,10.10614,-0.874554,58.9983,3.0
39.2784914784133,17.2292,39.3455762788653,17.9455,3.0,16.6794,3.0,9.262711,-0.474047,59.6175,3.0
39.2943149786443,14.7484,39.3644048795104,17.2198,3.0,16.67846,3.0,12.88863,0.019092,60.3341,3.0
39.3123653791845,18.7198,39.3782428791746,13.8758,3.0,16.67946,3.0,10.78485,-0.463922,62.8055,3.0
39.3293235786259,16.2315,39.3953373795375,18.8873,3.0,16.67924,3.0,12.72045,0.600375,57.9618,3.0
39.3455762788653,15.5438,39.4144710795954,17.3779,3.0,16.67869,3.0,12.34081,-0.11535,60.6182,3.0
39.3644048795104,17.5478,39.4293219791725,14.8021,3.0,16.67911,3.0,9.882422,-0.106089,62.4517,3.0
39.3782428791746,17.3039,39.4450496798381,17.2377,3.0,16.67941,3.0,12.19413,-0.813822,59.7072,3.0
39.3953373795375,14.8998,39.4623626796529,17.8147,3.0,16.67855,3.0,9.14625,-0.776771,59.6413,3.0
39.4144710795954,17.6035,39.4792747804895,14.7851,3.0,16.679,3.0,12.00739,-0.596063,62.5562,3.0
39.4293219791725,17.1496,39.4954089811072,17.9596,3.0,16.67923,3.0,10.29022,-0.485266,59.7387,3.0
39.4450496798381,14.8404,39.5123708816245,17.2114,3.0,16.67834,3.0,10.95287,-0.62914,60.5491,3.0
39.4623626796529,18.5363,39.5294478824362,15.1273,3.0,16.67924,3.0,12.55706,-0.547837,62.9197,3.0
39.4792747804895,16.7722,39.5450627822429,17.4754,3.0,16.67928,3.0,12.54577,-0.488726,59.5114,3.0
39.4954089811072,14.984,39.5619793813676,15.0028,3.0,16.67846,3.0,10.88844,0.08351,60.2155,3.0
39.5123708816245,18.1679,39.5791852809489,17.4599,3.0,16.67918,3.0,12.61384,-0.084363,60.2343,3.0
39.5294478824362,16.3118,39.5954530816525,17.5857,3.0,16.679,3.0,12.48983,-0.655016,59.5271,3.0
39.5450627822429,14.7503,39.613954782486,16.9109,3.0,16.67807,3.0,10.73479,-0.120231,60.8015,3.0
39.5619793813676,18.5823,39.629462682642,15.4525,3.0,16.67899,3.0,11.58346,-0.045953,62.9622,3.0
39.5791852809489,16.999,39.6454300833866,17.5154,3.0,16.67914,3.0,9.959016,0.604706,59.8331,3.0
39.5954530816525,14.8161,39.6624163826928,17.6263,3.0,16.67825,3.0,12.58563,-0.902799,60.3501,3.0
39.613954782486,18.3944,39.6785602821037,13.9946,3.0,16.67907,3.0,10.05915,-0.002245,63.1604,3.0
39.629462682642,17.0611,39.6950206821784,18.3226,3.0,16.67926,3.0,10.17699,-1.099392,58.7611,3.0
39.6454300833866,14.8621,39.7134075826034,18.3969,3.0,16.67838,3.0,11.2573,-0.619056,60.0144,3.0
39.6624163826928,18.5786,39.7289761826396,13.8202,3.0,16.6793,3.0,11.16265,-0.085428,63.5583,3.0
39.6785602821037,16.5151,39.7451250832528,17.2081,3.0,16.67922,3.0,9.938692,0.180517,58.7998,3.0
39.6950206821784,15.4008,39.7628399841487,16.6203,3.0,16.6786,3.0,12.90576,-0.358788,59.4942,3.0
39.7134075826034,18.5138,39.7786991838366,15.891,3.0,16.67949,3.0,10.56763,0.136112,60.7133,3.0
39.7289761826396,16.7222,39.7960461843759,18.9425,3.0,16.67951,3.0,11.88208,0.083595,58.0915,3.0
39.7451250832528,14.4531,39.8141057845205,16.3221,3.0,16.67844,3.0,11.66329,-0.709761,60.3124,3.0
39.7628399841487,18.526,39.8290507849306,14.9662,3.0,16.67932,3.0,10.29769,-0.004323,62.1808,3.0
39.7786991838366,16.8587,39.8452604841441,17.6118,3.0,16.67941,3.0,11.7289,0.201718,58.6222,3.0
39.7960461843759,15.1869,39.8634623847902,18.8611,3.0,16.67869,3.0,10.15636,-0.531697,59.3761,3.0
39.8141057845205,18.742,39.8784566847607,12.8011,3.0,16.67968,3.0,12.60742,-0.133233,63.0496,3.0
39.8290507849306,16.2808,39.8950910838321,18.65,3.0,16.67949,3.0,10.09128,-1.259405,57.1103,3.0
39.8452604841441,14.7745,39.9126979829744,17.4168,3.0,16.67858,3.0,9.636797,-0.344976,59.4797,3.0
39.8634623847902,18.3726,39.9290357837453,14.6226,3.0,16.67939,3.0,12.31893,0.055773,62.1219,3.0
39.8784566847607,16.7197,39.9460017839447,18.2603,3.0,16.67941,3.0,11.9916,0.006799,58.3728,3.0
39.8950910838321,14.6343,39.9632955836132,16.1284,3.0,16.67843,3.0,10.80268,0.521011,59.914,3.0
39.9126979829744,18.4874,39.9794931830838,17.7862,3.0,16.6793,3.0,12.06793,-0.232612,61.4078,3.0
39.9290357837453,17.2839,39.9954513823614,16.1336,3.0,16.67958,3.0,11.8376,0.335116,60.7073,3.0
39.9460017839447,16.1551,40.0120779825374,14.8221,3.0,16.67933,3.0,9.912289,-0.515173,59.5578,3.0
39.9632955836132,17.0789,40.0289432825521,17.0332,3.0,16.67953,3.0,11.28661,-0.364355,58.2253,3.0
39.9794931830838,14.909,40.0455834819004,18.7897,3.0,16.67868,3.0,10.41148,0.023978,58.1775,3.0
39.9954513823614,18.9218,40.0624079825357,16.2819,3.0,16.67975,3.0,11.39547,-1.183715,62.0606,3.0
40.0120779825374,16.0058,40.0790471816435,14.7504,3.0,16.67943,3.0,12.33936,0.544609,59.422,3.0
40.0289432825521,16.7592,40.0963785825297,19.3989,3.0,16.67947,3.0,10.68842,0.23068,58.1662,3.0
40.0455834819004,14.9982,40.1123946821317,15.9598,3.0,16.67867,3.0,11.89182,-1.048452,60.8068,3.0
40.0624079825357,17.934,40.1288270829245,14.6704,3.0,16.67926,3.0,13.15469,-0.430089,61.7686,3.0
40.0790471816435,17.0072,40.1460301829502,18.8608,3.0,16.67942,3.0,9.70432,0.127912,58.497,3.0
40.0963785825297,14.778,40.1632873835042,15.491,3.0,16.67852,3.0,11.66975,-0.053094,60.3531,3.0
40.1123946821317,18.5286,40.1785540832207,16.7468,3.0,16.6794,3.0,11.66589,-0.034635,61.0726,3.0
40.1288270829245,17.492,40.1961180837825,17.7773,3.0,16.67978,3.0,10.30699,-0.220312,59.2918,3.0
40.1460301829502,15.909,40.2132231844589,15.452,3.0,16.67941,3.0,11.64369,-0.203377,59.5771,3.0
40.1632873835042,17.0533,40.2295279847458,16.1523,3.0,16.67959,3.0,10.07244,-0.194048,59.1214,3.0
40.1785540832207,14.0636,40.2452464839444,17.7591,3.0,16.67835,3.0,11.80181,0.229256,58.2202,3.0
40.1961180837825,17.9549,40.2621476845816,16.869,3.0,16.67896,3.0,12.14218,0.510329,61.915,3.0
40.2132231844589,16.3003,40.2794694853947,15.4108,3.0,16.67878,3.0,10.41605,-0.442671,60.8309,3.0
40.2295279847458,17.0408,40.2959768855944,18.2023,3.0,16.67895,3.0,12.02574,0.090856,59.9417,3.0
40.2452464839444,14.953,40.3131263861433,17.2993,3.0,16.67813,3.0,11.46167,-1.16185,61.1036,3.0
40.2621476845816,18.2908,40.3293180866167,14.4633,3.0,16.6789,3.0,9.713671,-0.417362,63.4499,3.0
40.2794694853947,16.871,40.3451732872054,15.548,3.0,16.67899,3.0,12.37914,0.946588,59.6235,3.0
40.2959768855944,14.7506,40.3630931871012,18.0836,3.0,16.67808,3.0,11.80955,-0.751149,58.3007,3.0
40.3131263861433,18.4547,40.3793073864654,18.2387,3.0,16.67891,3.0,11.67176,-0.429305,61.6341,3.0
40.3293180866167,16.6263,40.3959123855457,14.5115,3.0,16.67889,3.0,12.12701,-0.126723,61.4185,3.0
40.3451732872054,16.9327,40.4129825858399,17.244,3.0,16.67901,3.0,8.927649,0.001759,59.3038,3.0
40.3630931871012,16.6342,40.4293964849785,18.0744,3.0,16.67899,3.0,10.7746,-0.109089,59.6157,3.0
40.3793073864654,14.8151,40.4460424846038,14.7877,3.0,16.67811,3.0,11.47032,0.037015,61.0566,3.0
40.3959123855457,18.46,40.4629934849218,16.9572,3.0,16.67895,3.0,10.17364,0.331979,61.0294,3.0
40.4129825858399,17.2704,40.4791652848944,17.7617,3.0,16.67923,3.0,11.51959,0.105899,59.527,3.0
40.4293964849785,16.246,40.4957461850718,17.1432,3.0,16.67902,3.0,12.00408,-0.014616,60.0186,3.0
40.4460424846038,17.7028,40.513498284854,15.8258,3.0,16.6795,3.0,10.10202,-0.987824,60.916,3.0
40.4629934849218,16.2825,40.5296547850594,16.0439,3.0,16.67932,3.0,11.5578,-0.672583,59.0383,3.0
40.4791652848944,14.9905,40.5464652841911,18.4319,3.0,16.67852,3.0,10.46472,0.827381,58.801,3.0
40.4957461850718,16.3058,40.5635186834261,15.4619,3.0,16.67835,3.0,11.80892,-0.549784,62.2429,3.0
40.513498284854,19.1112,40.580453784205,17.0529,3.0,16.67949,3.0,12.89348,-0.479498,61.3995,3.0
40.5296547850594,16.0252,40.5969525845721,18.3652,3.0,16.67919,3.0,10.76162,-0.241887,59.3421,3.0
40.5464652841911,16.4699,40.6130228852853,15.7995,3.0,16.67909,3.0,10.74538,-0.822249,61.6821,3.0
40.5635186834261,17.4034,40.6301483856514,16.9339,3.0,16.67943,3.0,10.7385,0.441817,61.0118,3.0
40.580453784205,15.2778,40.6464656861499,14.6778,3.0,16.67877,3.0,12.43089,-0.497197,60.5424,3.0
40.5969525845721,15.3123,40.6615339862183,16.8799,3.0,16.67813,3.0,11.78585,-1.391607,59.9431,3.0
40.6130228852853,16.9812,40.6797039853409,18.1389,3.0,16.67827,3.0,11.06858,0.411888,61.5108,3.0
40.6301483856514,17.8844,40.6962052853778,14.6438,3.0,16.67883,3.0,11.2096,-0.636146,62.6693,3.0
40.6464656861499,16.9992,40.7131797848269,17.1006,3.0,16.67899,3.0,10.92001,-1.221112,59.429,3.0
40.6615339862183,14.9233,40.7293101856485,18.1464,3.0,16.67816,3.0,11.34881,0.101029,59.5312,3.0
40.6797039853409,18.7323,40.7461189860478,16.6509,3.0,16.67912,3.0,11.58235,-0.27001,62.7536,3.0
40.6962052853778,16.0258,40.7627291856334,14.8187,3.0,16.67882,3.0,10.91801,-0.256682,60.6735,3.0
40.7131797848269,16.4123,40.7805829858407,19.737,3.0,16.6787,3.0,13.19237,-0.877547,59.4664,3.0
40.7293101856485,15.2812,40.7962535852566,15.6384,3.0,16.67804,3.0,11.77601,-0.823052,62.7914,3.0
40.7461189860478,18.1585,40.8131371857598,14.8909,3.0,16.67873,3.0,10.36468,0.127926,63.1489,3.0
40.7627291856334,16.9504,40.8304399857298,17.1657,3.0,16.67886,3.0,11.93595,-0.751181,59.8824,3.0
40.7805829858407,14.8388,40.8460825858638,17.729,3.0,16.678,3.0,10.96825,-0.406907,60.0956,3.0
40.7962535852566,18.5825,40.8631561854854,16.8921,3.0,16.67889,3.0,10.83047,-0.570885,62.9883,3.0
40.8131371857598,16.5358,40.8804503856227,15.5257,3.0,16.67882,3.0,11.77128,0.384338,61.2988,3.0
40.8304399857298,16.5342,40.8960558855906,17.0874,3.0,16.67875,3.0,10.91131,-0.699075,60.289,3.0
40.8460825858638,14.7135,40.9130026856437,17.2935,3.0,16.67784,3.0,12.31559,-0.765404,60.8423,3.0
40.8631561854854,19.3473,40.9313196847215,16.53,3.0,16.67908,3.0,12.43986,1.202602,63.4223,3.0
40.8804503856227,16.5756,40.9458852848038,14.6343,3.0,16.67903,3.0,9.813675,0.226454,60.6062,3.0
40.8960558855906,14.9657,40.9631272843108,18.6731,3.0,16.67824,3.0,12.4196,0.485862,58.6656,3.0
40.9130026856437,18.7628,40.9797909846529,17.0294,3.0,16.67921,3.0,11.3016,0.187039,62.3729,3.0
40.9313196847215,16.1414,40.9973182855174,15.6427,3.0,16.67896,3.0,8.746046,0.436811,60.6399,3.0
40.9458852848038,16.6018,41.0135308848694,16.119,3.0,16.67892,3.0,11.52974,-0.002321,60.1415,3.0
40.9631272843108,15.1586,41.0294337840751,17.4992,3.0,16.67822,3.0,11.42956,-1.06811,59.659,3.0
40.9797909846529,18.0289,41.0474864849821,16.4234,3.0,16.67884,3.0,10.04309,0.394555,61.9991,3.0
40.9973182855174,17.2436,41.0631286846474,15.9127,3.0,16.6791,3.0,9.365821,-0.067283,60.3944,3.0
41.0135308848694,16.5466,41.0806911839172,18.903,3.0,16.67904,3.0,11.80851,-0.771305,59.0644,3.0
41.0294337840751,16.5041,41.0975375836715,15.3191,3.0,16.67896,3.0,11.53485,0.242679,61.4206,3.0
41.0474864849821,17.0788,41.1135868830606,16.0554,3.0,16.67915,3.0,9.623883,-0.796104,60.2361,3.0
41.0631286846474,16.4388,41.1302058836445,18.4632,3.0,16.67904,3.0,11.9767,-0.141184,59.2138,3.0
41.0806911839172,15.0014,41.1492141829804,17.2654,3.0,16.67826,3.0,11.05152,-0.293752,61.2384,3.0
41.0975375836715,18.6749,41.1635597832501,14.3834,3.0,16.67918,3.0,11.6421,0.081558,63.5026,3.0
41.1135868830606,16.6475,41.1810166835785,19.1344,3.0,16.67917,3.0,12.49858,-0.654228,59.2116,3.0
41.1302058836445,14.7085,41.1987298838794,15.8901,3.0,16.67826,3.0,10.12775,-0.017454,61.6906,3.0
41.1492141829804,18.601,41.2143444838002,15.5438,3.0,16.67915,3.0,11.81324,0.773875,62.8808,3.0
41.1635597832501,16.4197,41.2300030840561,17.4381,3.0,16.67903,3.0,9.958628,-0.035513,59.8244,3.0
41.1810166835785,15.6144,41.2492125844583,17.4809,3.0,16.67853,3.0,10.66475,0.232088,60.843,3.0
41.1987298838794,18.1313,41.2631096849218,13.8041,3.0,16.6792,3.0,11.96492,-0.196364,62.7095,3.0
41.2143444838002,16.5135,41.2801497848704,18.8092,3.0,16.67913,3.0,11.18351,-0.743911,58.3827,3.0
41.2300030840561,15.5175,41.299215384759,18.7461,3.0,16.67859,3.0,10.03651,0.193942,60.6796,3.0
41.2492125844583,18.1615,41.3133020848036,14.4334,3.0,16.67928,3.0,9.638964,-0.176496,63.9082,3.0
41.2631096849218,17.0752,41.3305130843073,15.5456,3.0,16.67946,3.0,10.88021,-0.295571,60.1805,3.0
41.2801497848704,14.5236,41.3461395837367,15.5593,3.0,16.67847,3.0,8.376858,0.045827,58.6511,3.0
41.299215384759,18.635,41.3631663843989,18.9455,3.0,16.67937,3.0,10.0789,-0.630776,59.6869,3.0
41.3133020848036,16.7884,41.3822703845799,17.3682,3.0,16.67941,3.0,11.85227,-0.542194,59.9985,3.0
41.3305130843073,17.1438,41.3961152844131,13.7242,3.0,16.67963,3.0,10.17307,-0.154966,60.5785,3.0
41.3461395837367,16.1055,41.4129924848676,18.5497,3.0,16.67937,3.0,11.53338,0.696172,57.1593,3.0
41.3631663843989,14.7723,41.4302622843534,17.5803,3.0,16.67849,3.0,10.59579,-0.27007,59.6037,3.0
41.3822703845799,18.9451,41.4472918845713,15.145,3.0,16.67953,3.0,10.77437,0.513405,62.4121,3.0
41.3961152844131,16.4918,41.4642296843231,16.7667,3.0,16.67944,3.0,12.00943,-1.000369,58.613,3.0
41.4129924848676,14.669,41.4803128838539,17.8077,3.0,16.67852,3.0,8.92447,0.56569,58.8879,3.0
41.4302622843534,18.2562,41.4980215840042,15.9593,3.0,16.67924,3.0,12.1909,0.390253,62.0262,3.0
41.4472918845713,16.8597,41.5140649843961,16.0601,3.0,16.67933,3.0,11.38977,-0.187635,59.731,3.0
41.4642296843231,17.0865,41.529849184677,17.5708,3.0,16.67951,3.0,11.15271,-0.281187,58.9236,3.0
41.4803128838539,14.6486,41.5481903851032,16.5305,3.0,16.67859,3.0,11.18525,-0.912067,59.4164,3.0
41.4980215840042,17.3436,41.563065584749,14.9191,3.0,16.67889,3.0,11.46354,-1.222754,61.2982,3.0
41.5140649843961,17.067,41.5803018845618,19.046,3.0,16.67907,3.0,10.16949,-0.228913,58.8677,3.0
41.529849184677,14.4861,41.5972993839532,17.5576,3.0,16.67806,3.0,11.98367,-0.410195,60.8536,3.0
41.5481903851032,18.1782,41.6132922843099,13.7084,3.0,16.67875,3.0,10.74195,-1.145151,63.925,3.0
41.563065584749,17.1563,41.6320141851902,20.6844,3.0,16.67897,3.0,13.13341,0.517855,59.4562,3.0
41.5803018845618,14.8988,41.6475529847667,15.321,3.0,16.67816,3.0,12.11119,-0.242477,62.9842,3.0
41.5972993839532,17.6976,41.6634534848854,14.3193,3.0,16.67862,3.0,10.80755,1.322565,63.4062,3.0
41.6132922843099,16.8846,41.6824169857427,20.6093,3.0,16.67871,3.0,13.02145,-0.675363,60.0289,3.0
41.6320141851902,15.005,41.6985573852435,14.2683,3.0,16.67795,3.0,9.608677,0.40048,63.7538,3.0
41.6475529847667,18.6149,41.7143753850833,15.9059,3.0,16.67883,3.0,12.04123,0.051188,63.0182,3.0
41.6634534848854,17.3536,41.7301984848455,15.6808,3.0,16.67914,3.0,8.866063,-0.070942,60.3088,3.0
41.6824169857427,14.1193,41.746910485439,18.4858,3.0,16.67798,3.0,10.74002,-0.129838,58.6369,3.0
41.6985573852435,18.8354,41.7633032845333,16.5377,3.0,16.67896,3.0,11.31971,-0.641962,63.0041,3.0
41.7143753850833,17.4062,41.7806019848213,15.4656,3.0,16.67929,3.0,10.14724,-0.747492,60.7059,3.0
41.7301984848455,16.267,41.7964433850721,15.7576,3.0,16.6791,3.0,11.70564,-0.105062,58.7664,3.0
41.746910485439,14.9184,41.8130533853546,18.3346,3.0,16.6783,3.0,11.88476,0.63554,58.2402,3.0
41.7633032845333,18.7297,41.8310232860968,18.5495,3.0,16.67923,3.0,10.93939,0.20243,61.6733,3.0
41.7806019848213,16.2804,41.846557485871,13.3797,3.0,16.67905,3.0,12.59526,-0.188448,61.4937,3.0
41.7964433850721,16.5197,41.8631854867563,16.5606,3.0,16.67898,3.0,10.09586,-0.515624,58.5934,3.0
41.8130533853546,16.0171,41.8799494868144,18.5208,3.0,16.67868,3.0,11.28417,0.66606,58.6353,3.0
41.8310232860968,14.9459,41.8970461869612,17.2323,3.0,16.67789,3.0,11.74425,-0.253296,61.1382,3.0
41.846557485871,18.2222,41.9147742865607,16.0067,3.0,16.67859,3.0,10.23722,-0.111918,63.4257,3.0
41.8631854867563,16.9175,41.9314798871055,16.5343,3.0,16.6787,3.0,12.22994,-0.65544,61.2105,3.0
41.8799494868144,15.0384,41.9471314875409,17.6227,3.0,16.67796,3.0,9.229096,-0.462995,60.8268,3.0
41.8970461869612,18.9169,41.9638174874708,16.561,3.0,16.67897,3.0,11.85112,0.18834,63.4119,3.0
41.9147742865607,16.7788,41.9819588875398,16.2874,3.0,16.67902,3.0,11.69634,-0.59321,61.0571,3.0
41.9314798871055,17.3246,41.9982923874632,17.9404,3.0,16.67931,3.0,8.771195,-0.284101,60.5661,3.0
41.9471314875409,14.8103,42.0141216879711,15.8181,3.0,16.67846,3.0,12.28796,-0.77481,61.1818,3.0
41.9638174874708,18.3932,42.0326210884377,16.9331,3.0,16.67924,3.0,9.59031,0.297575,62.1895,3.0
41.9819588875398,16.5902,42.0471556885168,14.4155,3.0,16.6792,3.0,12.4385,-0.15222,60.7305,3.0
41.9982923874632,15.2005,42.0644042892382,19.2986,3.0,16.67853,3.0,12.17071,-0.559337,58.5567,3.0
42.0141216879711,17.4859,42.0810863887891,16.5068,3.0,16.6789,3.0,11.05682,1.312458,62.6545,3.0
42.0326210884377,17.723,42.0965010887012,13.5789,3.0,16.67937,3.0,11.54622,-0.119708,61.676,3.0
42.0471556885168,16.5159,42.1140523878857,19.3314,3.0,16.67929,3.0,10.32284,-0.360024,57.5322,3.0
42.0644042892382,15.4833,42.1307200873271,16.734,3.0,16.67875,3.0,12.49804,-0.971903,60.3478,3.0
42.0810863887891,17.6433,42.1476548882201,17.2129,3.0,16.67919,3.0,8.658408,-0.561286,61.599,3.0
42.0965010887012,17.2197,42.1645508883521,15.0977,3.0,16.67943,3.0,9.927524,0.774082,61.1694,3.0
42.1140523878857,15.1476,42.1809299876913,16.0403,3.0,16.67874,3.0,11.7119,-0.687925,59.0483,3.0
42.1307200873271,16.6317,42.1984850885347,19.3182,3.0,16.67872,3.0,10.75959,-0.438126,59.9404,3.0
42.1476548882201,18.2169,42.2143116882071,14.1805,3.0,16.67941,3.0,12.21762,-0.095289,62.6278,3.0
42.1645508883521,16.6934,42.2310226885602,16.5495,3.0,16.67942,3.0,10.85203,-0.419828,58.5919,3.0
42.1809299876913,16.8794,42.2481180885807,18.7829,3.0,16.67951,3.0,10.58413,-0.462275,58.4485,3.0
42.1984850885347,14.9415,42.2646572878584,16.9086,3.0,16.67873,3.0,12.37059,-0.41871,60.3524,3.0
42.2143116882071,16.8989,42.280548687093,13.8734,3.0,16.67883,3.0,10.20933,-0.265968,62.3205,3.0
42.2310226885602,17.5476,42.2976769870147,17.2845,3.0,16.67922,3.0,12.38087,0.239884,59.2953,3.0
42.2481180885807,14.6145,42.3140252875164,18.1465,3.0,16.67829,3.0,12.23161,-0.084608,59.0323,3.0
42.2646572878584,18.7368,42.3310017874464,15.0532,3.0,16.67921,3.0,10.40487,-0.016909,62.5647,3.0
42.280548687093,16.7057,42.3485939865932,17.7874,3.0,16.67923,3.0,12.00892,-0.454063,58.8734,3.0
42.2976769870147,17.9755,42.3639943869784,16.7256,3.0,16.67981,3.0,11.63501,0.464888,59.964,3.0
42.3140252875164,16.2873,42.3807028876618,17.3321,3.0,16.67963,3.0,10.17971,0.085516,58.7147,3.0
42.3310017874464,16.8955,42.3986877882853,15.9668,3.0,16.67973,3.0,11.88766,-0.6526,59.7594,3.0
42.3485939865932,16.5913,42.4142003878951,15.3996,3.0,16.67969,3.0,12.17621,0.645789,58.8313,3.0
42.3639943869784,14.8946,42.4319602884352,19.3955,3.0,16.67889,3.0,9.184084,-0.25414,57.64,3.0
42.3807028876618,18.4001,42.4492922890931,15.6729,3.0,16.67966,3.0,11.4911,-0.900203,62.1315,3.0
42.3986877882853,16.3988,42.4641766892746,14.8202,3.0,16.67953,3.0,12.27511,0.407884,59.4136,3.0
42.4142003878951,17.3669,42.4820343898609,17.9211,3.0,16.67984,3.0,9.68964,-0.283601,57.8363,3.0
42.4319602884352,14.5041,42.4983103899285,18.1301,3.0,16.67887,3.0,11.9827,-0.107751,58.3905,3.0
42.4492922890931,18.1828,42.5165570890531,16.4281,3.0,16.67954,3.0,12.45552,0.702814,62.0161,3.0
42.4641766892746,17.1854,42.5304187890142,13.8007,3.0,16.67976,3.0,9.737501,0.50819,60.2486,3.0
42.4820343898609,16.0697,42.5471199881285,18.4987,3.0,16.67949,3.0,12.23995,-0.119711,56.8785,3.0
42.4983103899285,13.6882,42.5645554885268,17.8084,3.0,16.67816,3.0,12.00939,-0.522054,59.3078,3.0
42.5165570890531,19.2511,42.5816189888865,15.1018,3.0,16.67931,3.0,9.17081,0.109211,63.4282,3.0
42.5304187890142,15.9599,42.5986013896763,17.0045,3.0,16.67899,3.0,11.36141,-0.997827,59.2796,3.0
42.5471199881285,14.9322,42.6153167895973,18.6175,3.0,16.67821,3.0,11.87205,-0.330249,60.3249,3.0
42.5645554885268,18.1481,42.6332105901092,15.7951,3.0,16.67886,3.0,10.58209,-0.402651,64.0098,3.0
42.5816189888865,16.2913,42.6484479904175,15.3109,3.0,16.67869,3.0,9.696627,-0.124767,61.6582,3.0
42.5986013896763,16.8014,42.664093689993,17.2583,3.0,16.67875,3.0,12.94505,-0.342497,60.6782,3.0
42.6153167895973,14.9217,42.6822983901948,18.3933,3.0,16.67797,3.0,12.14565,-0.213664,61.1357,3.0
42.6332105901092,18.5412,42.6988298892975,14.773,3.0,16.67879,3.0,10.45347,-1.007755,64.6075,3.0
42.6484479904175,17.4967,42.7153048887849,16.5192,3.0,16.67916,3.0,11.9749,-0.478278,60.8325,3.0
42.664093689993,14.439,42.7322036884725,18.6196,3.0,16.67816,3.0,10.50346,-0.45318,59.8627,3.0
42.6822983901948,18.3618,42.7479515876621,15.9563,3.0,16.67891,3.0,11.91566,0.061363,64.0427,3.0
42.6988298892975,16.5085,42.7642045877874,14.1686,3.0,16.67883,3.0,12.73838,-0.221829,61.6386,3.0
42.7153048887849,16.922,42.7809467874467,16.802,3.0,16.67894,3.0,10.56918,0.408779,59.2988,3.0
42.7322036884725,15.248,42.7983585875481,19.0621,3.0,16.67831,3.0,12.32744,-0.113789,59.1792,3.0
42.7479515876621,17.0597,42.8157003875822,15.6128,3.0,16.67848,3.0,11.77363,-0.417492,62.9933,3.0
42.7642045877874,18.2718,42.8333780877292,17.7249,3.0,16.67918,3.0,10.45492,-0.194361,61.5465,3.0
42.7809467874467,16.4776,42.848538887687,16.9801,3.0,16.67909,3.0,11.54369,0.119042,61.0007,3.0
42.7983585875481,14.409,42.8664164869115,15.9606,3.0,16.67809,3.0,10.19009,-0.781311,61.503,3.0
42.8157003875822,18.7782,42.8806546870619,14.231,3.0,16.67901,3.0,10.50046,0.774639,63.0543,3.0
42.8333780877292,16.4009,42.8982160873711,17.5506,3.0,16.67889,3.0,12.19786,-1.273714,58.5071,3.0
42.848538887687,15.3412,42.9154491871595,19.2935,3.0,16.6783,3.0,11.79021,0.062153,59.6586,3.0
42.8664164869115,18.4428,42.9317392874509,16.3693,3.0,16.67908,3.0,10.83746,1.806858,63.6114,3.0
42.8806546870619,16.7588,42.9482222869992,14.4712,3.0,16.67912,3.0,8.992014,-0.168498,61.5381,3.0
42.8982160873711,16.2374,42.9639958869666,15.6596,3.0,16.67892,3.0,13.14435,-0.01434,59.251,3.0
42.9154491871595,15.8633,42.9809624869376,18.6746,3.0,16.67856,3.0,10.04264,-0.218222,58.6741,3.0
42.9317392874509,16.5188,42.9981391876936,15.5651,3.0,16.67849,3.0,7.749098,-0.355088,61.4853,3.0
42.9482222869992,18.3766,43.0146343875676,16.4986,3.0,16.67924,3.0,11.69114,1.026347,60.5316,3.0
42.9639958869666,16.8173,43.031264686957,18.4399,3.0,16.6793,3.0,10.09892,-0.568572,58.6549,3.0
42.9809624869376,16.7002,43.0494048874825,16.3869,3.0,16.67931,3.0,12.01849,0.010627,60.2768,3.0
42.9981391876936,16.869,43.0640498874709,14.68,3.0,16.67939,3.0,10.56695,-1.352013,59.9644,3.0
43.0146343875676,16.0472,43.0816345876083,19.1134,3.0,16.67911,3.0,8.624372,0.380544,57.7752,3.0
43.031264686957,15.4233,43.0988925872371,17.7575,3.0,16.67856,3.0,12.54787,-0.290365,60.8343,3.0
43.0494048874825,18.5972,43.1151024876162,14.5546,3.0,16.6794,3.0,9.886913,-0.472226,63.1632,3.0
43.0640498874709,16.0915,43.1322311880067,16.6618,3.0,16.67915,3.0,13.28216,0.67979,59.1349,3.0
43.0816345876083,15.5903,43.1481539877132,17.1233,3.0,16.67867,3.0,11.44116,0.012652,59.7058,3.0
43.0988925872371,18.2715,43.1635860875249,14.222,3.0,16.67937,3.0,10.54173,-0.665892,61.2381,3.0
43.1151024876162,16.1154,43.1809238865972,17.3692,3.0,16.67912,3.0,12.31431,-0.671966,57.1897,3.0
43.1322311880067,17.2625,43.1978499870747,18.2807,3.0,16.67938,3.0,9.286748,-0.131367,58.4443,3.0
43.1481539877132,16.2967,43.2165714874864,17.3153,3.0,16.67921,3.0,11.69209,-1.137764,59.4624,3.0
43.1635860875249,17.0335,43.2313115876168,14.76,3.0,16.67936,3.0,10.79457,-0.295695,60.4769,3.0
43.1809238865972,16.4876,43.248368287459,17.0619,3.0,16.67928,3.0,10.65157,1.710339,58.2089,3.0
43.1978499870747,14.821,43.2649198882282,18.8364,3.0,16.67847,3.0,11.88826,0.204746,58.7825,3.0
43.2165714874864,18.6541,43.2813437879086,16.2338,3.0,16.67933,3.0,11.32749,-0.438143,62.7986,3.0
43.2313115876168,16.6471,43.2983746882528,14.9473,3.0,16.67932,3.0,12.08986,0.499684,60.3791,3.0
43.248368287459,16.5678,43.3150231875479,17.8763,3.0,16.67927,3.0,10.25885,0.066344,58.6729,3.0
43.2649198882282,15.6283,43.3313750866801,16.9578,3.0,16.67881,3.0,9.583643,-0.076548,59.9889,3.0
43.2813437879086,17.7525,43.3477095868438,14.4921,3.0,16.67928,3.0,12.25002,-0.502242,61.3167,3.0
43.2983746882528,16.6475,43.3653113860637,17.6497,3.0,16.67926,3.0,9.712556,0.187257,58.0591,3.0
43.3150231875479,14.9564,43.381570385769,18.3975,3.0,16.67851,3.0,9.891548,-0.508394,59.0614,3.0
43.3313750866801,19.0301,43.3993766866624,17.3344,3.0,16.67954,3.0,11.92864,0.360707,62.5023,3.0
43.3477095868438,16.2634,43.4152179863304,14.168,3.0,16.67936,3.0,12.33134,-0.443352,60.8078,3.0
43.3653113860637,16.7963,43.4310969859362,17.6664,3.0,16.67941,3.0,9.867194,-0.645521,58.7129,3.0
43.381570385769,14.6581,43.4476177860051,16.4235,3.0,16.67853,3.0,12.30059,-0.002812,59.5833,3.0
43.3993766866624,17.8504,43.4651713855565,17.8342,3.0,16.67904,3.0,11.34285,0.489508,61.3501,3.0
43.4152179863304,17.2422,43.4821817856282,15.0348,3.0,16.67928,3.0,10.69752,0.756232,61.3342,3.0
43.4310969859362,15.0843,43.497966485098,15.7973,3.0,16.67859,3.0,12.48451,-0.121845,59.1278,3.0
43.4476177860051,16.3941,43.515444284305,19.4903,3.0,16.67847,3.0,9.819092,-0.447306,59.8405,3.0
43.4651713855565,18.36,43.5321161840111,14.6302,3.0,16.6792,3.0,11.02927,-0.317373,62.9371,3.0
43.4821817856282,16.5034,43.5480818841606,15.9029,3.0,16.67912,3.0,9.078945,-0.092497,59.2084,3.0
43.497966485098,17.2279,43.5653851833194,17.2852,3.0,16.67936,3.0,10.06091,-0.383674,58.6085,3.0
43.515444284305,16.7596,43.5821925830096,18.7035,3.0,16.67939,3.0,12.13897,0.079005,58.6658,3.0
43.5321161840111,13.722,43.5982119832188,16.3468,3.0,16.67811,3.0,10.1901,-0.768219,60.61,3.0
43.5480818841606,18.4557,43.6151317823678,16.6517,3.0,16.67888,3.0,10.21497,0.530357,63.2343,3.0
43.5653851833194,16.434,43.6331003829837,16.1573,3.0,16.67878,3.0,12.2374,-0.696933,61.4316,3.0
43.5821925830096,15.0125,43.6481777830049,15.0603,3.0,16.67805,3.0,9.871919,-0.065261,61.147,3.0
43.5982119832188,17.0083,43.6655198829249,18.9197,3.0,16.6782,3.0,12.55504,0.428574,61.1939,3.0
43.6151317823678,18.0362,43.6820684829727,17.0213,3.0,16.67878,3.0,11.29773,-0.168688,63.1152,3.0
43.6331003829837,17.1519,43.6982285836712,14.0558,3.0,16.67899,3.0,10.95196,0.027544,62.1007,3.0
43.6481777830049,16.8371,43.7152527840808,16.9869,3.0,16.67906,3.0,11.92623,0.502622,59.0052,3.0
43.6655198829249,17.5671,43.7319957846776,18.8233,3.0,16.67944,3.0,11.47229,-0.207536,59.1548,3.0
43.6820684829727,13.9246,43.7494750851765,17.1929,3.0,16.67825,3.0,10.17046,-0.080918,60.4109,3.0
43.6982285836712,18.3654,43.7685582851991,17.241,3.0,16.67898,3.0,9.549178,-0.025339,63.68,3.0
43.7152527840808,16.7273,43.7823400851339,13.8512,3.0,16.679,3.0,11.30494,0.0241,62.5563,3.0
43.7319957846776,14.8483,43.797546684742,17.2683,3.0,16.67821,3.0,10.39732,-0.524852,59.6803,3.0
43.7494750851765,16.6412,43.8154512848705,17.8751,3.0,16.6782,3.0,9.640139,-0.495057,62.1008,3.0
43.7685582851991,18.0853,43.8332112841308,15.7617,3.0,16.6788,3.0,11.5636,-0.128899,63.3207,3.0
43.7823400851339,17.2913,43.8484893841669,16.8812,3.0,16.67906,3.0,9.924252,0.384056,61.012,3.0
43.797546684742,15.5678,43.8655007844791,17.2702,3.0,16.67859,3.0,12.27136,0.686194,60.5863,3.0
43.8154512848705,17.7157,43.8829767843708,15.5792,3.0,16.67903,3.0,12.4153,-0.411642,62.3049,3.0
43.8332112841308,17.6165,43.8994863843545,16.4988,3.0,16.67943,3.0,10.23834,0.029547,60.1693,3.0
43.8484893841669,14.2636,43.915899884887,18.5487,3.0,16.6784,3.0,9.654106,0.532249,59.0518,3.0
43.8655007844791,18.4078,43.9323396841064,16.0256,3.0,16.67914,3.0,10.91064,-0.761218,63.3368,3.0
43.8829767843708,16.9705,43.9488874832168,14.9728,3.0,16.67926,3.0,10.66125,-0.01621,60.9549,3.0
43.8994863843545,16.382,43.9650616841391,17.9086,3.0,16.67914,3.0,11.84075,0.185444,58.9579,3.0
43.915899884887,14.7361,43.9822842841968,17.5098,3.0,16.6783,3.0,9.486818,-0.925151,60.4848,3.0
43.9323396841064,17.9548,43.9986385842785,14.173,3.0,16.67885,3.0,10.78111,-0.350129,63.2588,3.0
43.9488874832168,18.0565,44.0161998840049,17.6355,3.0,16.67944,3.0,11.81146,0.13321,59.4778,3.0
43.9650616841391,14.3718,44.0331125846133,18.3107,3.0,16.67845,3.0,11.63525,-0.315361,59.0569,3.0
43.9822842841968,18.9107,44.048652485013,16.3526,3.0,16.67941,3.0,11.02623,0.202033,62.9963,3.0
43.9986385842785,16.4,44.0661080852151,15.2514,3.0,16.67929,3.0,8.62559,-0.622584,60.439,3.0
44.0161998840049,16.9799,44.0819721855223,15.8301,3.0,16.67942,3.0,11.60996,-0.141022,59.2906,3.0
44.0331125846133,14.4482,44.0985643863678,18.3508,3.0,16.67846,3.0,10.49547,-0.177829,58.1414,3.0
44.048652485013,16.8997,44.1155781857669,15.1506,3.0,16.67856,3.0,9.604284,0.00879,62.0443,3.0
44.0661080852151,18.2915,44.131939984858,16.296,3.0,16.67925,3.0,12.36102,-0.052944,60.2955,3.0
44.0819721855223,17.0221,44.1490815840662,18.7905,3.0,16.67939,3.0,10.20913,-0.1244,58.3004,3.0
44.0985643863678,14.4455,44.1654031835496,16.8189,3.0,16.67844,3.0,12.03061,0.277702,60.0692,3.0
44.1155781857669,19.2734,44.1821403838694,14.7083,3.0,16.67955,3.0,11.75204,-1.092759,62.4424,3.0
44.131939984858,15.8728,44.1987241841853,16.5547,3.0,16.6792,3.0,10.3884,-1.10686,57.8784,3.0
44.1490815840662,15.4798,44.2163640838116,19.4992,3.0,16.67869,3.0,10.1672,0.307214,58.5606,3.0
44.1654031835496,18.1501,44.2320763841271,15.5087,3.0,16.67932,3.0,11.58336,-0.214801,62.5803,3.0
44.1821403838694,16.4475,44.2488161846995,15.1745,3.0,16.67922,3.0,10.98406,-1.116637,59.9397,3.0
44.1987241841853,17.199,44.2657296843827,16.9165,3.0,16.67944,3.0,12.93769,0.23326,58.6669,3.0
44.2163640838116,14.5175,44.2832644842565,19.3536,3.0,16.67852,3.0,9.839401,0.502096,58.3849,3.0
44.2320763841271,18.5547,44.2995715849102,16.431,3.0,16.67932,3.0,11.99844,0.094339,63.2213,3.0
44.2488161846995,16.7592,44.3153865840286,15.5966,3.0,16.67935,3.0,11.35404,0.1102,61.0987,3.0
44.2657296843827,16.2301,44.3321172837168,14.8845,3.0,16.67916,3.0,11.3523,-0.569288,59.9364,3.0
44.2832644842565,14.4153,44.3492625840008,18.8312,3.0,16.6782,3.0,11.32636,-0.119097,58.5912,3.0
44.2995715849102,16.4667,44.366106884554,16.9362,3.0,16.67811,3.0,10.0528,0.10569,63.0072,3.0
44.3153865840286,18.6599,44.3831697851419,15.3327,3.0,16.67895,3.0,9.521688,0.44724,63.4767,3.0
44.3321172837168,16.7869,44.3990299850702,15.8409,3.0,16.679,3.0,12.3247,-0.512458,60.1506,3.0
44.3492625840008,15.1071,44.4159327857196,18.9315,3.0,16.67833,3.0,10.11351,0.074216,59.205,3.0
44.366106884554,18.3061,44.4330890849233,17.0486,3.0,16.67902,3.0,9.43476,0.396781,63.0292,3.0
44.3831697851419,17.0002,44.4490761850029,14.2965,3.0,16.67916,3.0,11.30776,-0.201354,61.7543,3.0
44.3990299850702,16.4629,44.4659416843206,18.2912,3.0,16.67907,3.0,10.75008,0.019066,59.0694,3.0
44.4159327857196,15.213,44.4847383834422,17.2225,3.0,16.67845,3.0,9.611319,0.528206,60.8979,3.0
44.4330890849233,17.783,44.498677183874,14.0532,3.0,16.67891,3.0,11.51295,-0.592974,62.9077,3.0
44.4490761850029,17.4175,44.5173701839522,20.1815,3.0,16.67923,3.0,10.23053,-0.332676,59.1782,3.0
44.4659416843206,14.4232,44.5330143840984,15.6488,3.0,16.67827,3.0,9.694294,0.153553,61.9428,3.0
44.4847383834422,18.6571,44.55042968411,15.6792,3.0,16.67911,3.0,11.25127,-0.333237,63.1678,3.0
44.498677183874,17.3603,44.5663202842698,15.941,3.0,16.6794,3.0,10.44528,-0.719981,60.1913,3.0
44.5173701839522,14.635,44.5820142840967,17.3572,3.0,16.67853,3.0,12.13305,0.424173,58.7722,3.0
44.5330143840984,18.381,44.6005155844614,18.8158,3.0,16.67925,3.0,11.35294,-0.2729,61.4947,3.0
44.55042968411,16.2709,44.6163114840165,13.8602,3.0,16.67908,3.0,10.44498,-0.009257,61.93,3.0
44.5663202842698,16.8789,44.6318757841364,15.5644,3.0,16.67916,3.0,10.21533,-0.543239,59.5198,3.0
44.5820142840967,15.3939,44.6487765843049,18.5461,3.0,16.67862,3.0,11.4428,-0.690936,58.186,3.0
44.6005155844614,16.0962,44.6659428840503,15.515,3.0,16.67838,3.0,10.60526,0.930646,61.3576,3.0
44.6163114840165,18.9476,44.6831952845678,17.1539,3.0,16.67933,3.0,9.652139,-0.181457,60.7691,3.0
44.6318757841364,16.5664,44.6993037844077,18.2936,3.0,16.67928,3.0,12.33184,-0.698142,58.9842,3.0
44.6487765843049,16.8273,44.7159595852718,16.7136,3.0,16.67935,3.0,10.70015,0.324152,60.7111,3.0
44.6659428840503,16.5737,44.7332841856405,15.2142,3.0,16.6793,3.0,8.976757,-0.460585,60.5981,3.0
44.6831952845678,16.3415,44.7494986848906,16.1955,3.0,16.67916,3.0,11.83834,0.206092,59.2398,3.0
44.6993037844077,15.011,44.7663679840043,18.5079,3.0,16.67846,3.0,11.28985,-0.312517,59.0941,3.0
44.7159595852718,17.7985,44.7834576843306,15.3672,3.0,16.67893,3.0,11.37508,-0.165911,62.5911,3.0
44.7332841856405,17.1855,44.7985567841679,15.06,3.0,16.67914,3.0,12.16411,-0.594893,60.1606,3.0
44.7494986848906,16.5408,44.816407084465,19.5513,3.0,16.67908,3.0,9.899517,0.824616,58.0353,3.0
44.7663679840043,15.9759,44.8332396838814,17.3938,3.0,16.67879,3.0,10.25461,-0.785364,61.0462,3.0
44.7834576843306,16.9409,44.8495696838945,14.1515,3.0,16.6789,3.0,11.97369,-0.884454,62.4645,3.0
44.7985567841679,16.3793,44.866725884378,17.2024,3.0,16.67877,3.0,11.04048,0.036837,59.6754,3.0
44.816407084465,15.2147,44.8829999845475,17.994,3.0,16.67816,3.0,8.853164,-0.245195,60.4988,3.0
44.8332396838814,16.8803,44.8997225854546,16.8006,3.0,16.67824,3.0,12.74025,0.038909,63.2785,3.0
44.8495696838945,18.1579,44.9161705859005,14.8914,3.0,16.67886,3.0,10.76776,0.598724,63.1982,3.0
44.866725884378,16.8874,44.93208158575,15.6713,3.0,16.67895,3.0,10.02479,0.17879,59.9331,3.0
44.8829999845475,14.8013,44.9494376853108,19.1161,3.0,16.67817,3.0,12.08999,-0.581335,58.7176,3.0
44.8997225854546,18.8976,44.9660570845008,16.8496,3.0,16.67909,3.0,10.50628,-0.627916,63.0322,3.0
44.9161705859005,16.0226,44.9849822837859,16.8633,3.0,16.67882,3.0,11.05351,-0.413766,60.9791,3.0
44.93208158575,17.0254,45.0006714835763,15.6462,3.0,16.67896,3.0,9.943935,-0.463995,61.8262,3.0
44.9494376853108,14.4786,45.01625288371,15.4914,3.0,16.67805,3.0,10.49302,-0.328862,60.447,3.0
44.9660570845008,16.9878,45.0333016840741,19.2308,3.0,16.67817,3.0,12.35967,-0.347329,61.4607,3.0
44.9849822837859,18.149,45.0488764839247,13.5324,3.0,16.67879,3.0,12.00389,0.290807,63.7035,3.0
45.0006714835763,16.8584,45.0674467841163,18.5809,3.0,16.67886,3.0,9.886462,-0.413213,59.0881,3.0
45.01625288371,16.687,45.0833237832412,15.8525,3.0,16.67887,3.0,10.28413,-0.624729,60.8112,3.0
45.0333016840741,17.0834,45.0991467824206,17.8546,3.0,16.67904,3.0,12.22139,-0.117124,59.9774,3.0
45.0488764839247,14.8405,45.1166792819276,17.2975,3.0,16.67827,3.0,9.494713,0.491995,60.7489,3.0
45.0674467841163,17.8268,45.133321381174,14.9717,3.0,16.67875,3.0,10.21593,-0.91922,63.2058,3.0
45.0833237832412,16.6746,45.149691180326,18.2059,3.0,16.67875,3.0,12.22972,-0.055212,60.3518,3.0
45.0991467824206,15.4907,45.1670337794349,17.8406,3.0,16.67825,3.0,10.03691,0.354536,61.8831,3.0
45.1166792819276,18.0929,45.1834263792261,14.0464,3.0,16.67884,3.0,11.24062,0.009379,64.2331,3.0
45.133321381174,16.8474,45.1987136788666,15.2774,3.0,16.67891,3.0,11.17121,-0.986099,60.1875,3.0
45.149691180326,14.7424,45.2169919796288,19.9947,3.0,16.6781,3.0,10.07156,-0.743348,58.6184,3.0
45.1670337794349,18.6593,45.2326791789383,15.9885,3.0,16.67893,3.0,11.30262,-0.08708,63.87,3.0
45.1834263792261,16.7987,45.2503604795784,15.4724,3.0,16.67898,3.0,11.8294,-0.263675,61.2012,3.0
45.1987136788666,16.3588,45.2660414800048,15.6856,3.0,16.67884,3.0,10.74755,0.206639,59.8752,3.0
45.2169919796288,14.776,45.2829520795494,18.6398,3.0,16.67805,3.0,10.55788,-0.312736,59.2019,3.0
45.2326791789383,17.7207,45.3012712802738,16.6065,3.0,16.67849,3.0,11.82767,-1.15765,63.0661,3.0
45.2503604795784,18.0952,45.3160602804273,14.8892,3.0,16.67908,3.0,10.30176,0.090861,61.9519,3.0
45.2660414800048,17.5675,45.3330381810665,16.8499,3.0,16.67944,3.0,9.680836,-0.336448,58.7465,3.0
45.2829520795494,14.3256,45.3512483816594,19.96,3.0,16.67847,3.0,11.90085,-0.403036,58.0298,3.0
45.3012712802738,18.3136,45.367389081046,17.8157,3.0,16.67915,3.0,13.03304,-0.026445,63.6636,3.0
45.3160602804273,17.0105,45.3860267810524,15.389,3.0,16.67928,3.0,11.62835,-0.289193,63.1663,3.0
45.3330381810665,16.4513,45.4001149814576,16.3355,3.0,16.67919,3.0,10.06564,-0.32022,61.5457,3.0
45.3512483816594,14.9629,45.4169015809894,17.0224,3.0,16.67848,3.0,12.21144,-0.063243,61.4302,3.0
45.367389081046,16.4738,45.4330797810107,17.5938,3.0,16.67839,3.0,11.65559,-0.551948,63.4895,3.0
45.4001149814576,27.3159,45.4498008806258,16.8386,3.0,16.68279,3.0,10.27442,-0.665866,64.611,3.0
45.4169015809894,15.1524,45.4669054802507,13.1131,2.0,16.68216,3.0,12.14374,0.42321,54.1332,3.0
45.4330797810107,17.99,45.4835074804723,17.8623,2.0,16.6827,3.0,11.89215,-0.089339,52.0805,3.0
45.4330797810107,6.6554,45.5000752806664,16.8267,2.0,16.67856,3.0,10.76497,0.052069,51.9553,3.0
45.4498008806258,20.2357,45.5171374808997,16.6913,3.0,16.68003,3.0,10.34129,0.382884,62.1319,3.0
45.4669054802507,14.0187,45.5330290812999,14.6129,3.0,16.67893,3.0,11.19824,0.595998,58.5955,3.0
45.4835074804723,15.3257,45.5502020809799,18.3489,3.0,16.67837,3.0,11.82953,0.422272,59.1901,3.0
45.5000752806664,16.9086,45.5664289817214,16.2433,3.0,16.67847,3.0,10.07062,-0.163497,62.2132,3.0
45.5171374808997,17.9027,45.5831865817308,15.684,3.0,16.67897,3.0,11.302,0.303274,61.5478,3.0
45.5330290812999,16.0104,45.6001750808209,16.9295,3.0,16.67869,3.0,10.92733,-0.047797,59.331,3.0
45.5502020809799,15.1536,45.6171048805118,18.7687,3.0,16.67807,3.0,9.236397,-1.669732,60.2504,3.0
45.5664289817214,18.5128,45.6339657809585,16.7405,3.0,16.67882,3.0,10.11653,-0.193317,63.8645,3.0
45.5831865817308,17.3561,45.6519842818379,16.2875,3.0,16.6791,3.0,9.863197,-0.349281,62.0933,3.0
45.6001750808209,16.4898,45.6673487816006,17.1469,3.0,16.67902,3.0,11.84053,-0.057505,61.0254,3.0
45.6171048805118,14.4526,45.6836124807596,16.2164,3.0,16.67811,3.0,11.66422,-0.594224,61.6826,3.0
45.6339657809585,18.4703,45.7000056803226,14.7209,3.0,16.67884,3.0,10.19798,-0.527419,63.4467,3.0
45.6519842818379,16.511,45.7169223800302,16.8246,3.0,16.67878,3.0,12.2431,-0.560061,59.6977,3.0
45.6673487816006,15.2872,45.7343397792429,19.4096,3.0,16.6782,3.0,11.82032,0.580606,60.0119,3.0
45.6836124807596,18.3489,45.750824579969,16.283,3.0,16.67889,3.0,10.34772,-0.428654,64.1347,3.0
45.7000056803226,16.9915,45.7674448806792,14.8019,3.0,16.67902,3.0,10.37936,-0.164456,62.0698,3.0
45.7169223800302,16.5368,45.7839883808047,16.6258,3.0,16.67896,3.0,12.23979,0.455155,59.8803,3.0
45.7343397792429,14.3704,45.800078580156,17.7684,3.0,16.67801,3.0,9.180554,-0.580668,59.9701,3.0
45.750824579969,18.8894,45.8185226805508,16.7807,3.0,16.67892,3.0,10.21926,-0.207023,63.3687,3.0
45.7674448806792,17.0493,45.8330449806526,14.4577,3.0,16.67907,3.0,12.01334,0.435836,61.26,3.0
45.7839883808047,16.1849,45.8501401813701,18.8772,3.0,16.67887,3.0,11.52597,-0.661946,58.669,3.0
45.800078580156,15.3031,45.8666911805049,16.9118,3.0,16.67831,3.0,10.47102,-0.35978,61.3614,3.0
45.8185226805508,18.3416,45.8847543811426,16.1303,3.0,16.67899,3.0,10.25906,1.248982,62.9699,3.0
45.8330449806526,16.5033,45.9004349811003,15.4231,3.0,16.67891,3.0,11.41535,-0.848124,60.7551,3.0
45.8501401813701,15.3307,45.9172639818862,18.5388,3.0,16.67836,3.0,11.00678,-0.264081,59.6797,3.0
45.8666911805049,16.3316,45.9360242811963,17.0609,3.0,16.67822,3.0,10.39022,-0.300002,62.8882,3.0
45.8847543811426,18.4823,45.9505072813481,14.526,3.0,16.67896,3.0,10.54322,0.536482,63.5829,3.0
45.9004349811003,17.0157,45.9679180812091,17.326,3.0,16.67909,3.0,12.58808,0.06734,59.6619,3.0
45.9172639818862,15.0588,45.9836451821029,17.5054,3.0,16.67843,3.0,10.5899,-0.666364,59.9661,3.0
45.9360242811963,17.8537,46.0005820821971,17.4023,3.0,16.67891,3.0,10.23272,0.667594,62.4187,3.0
45.9505072813481,17.4753,46.0166603829712,13.8968,3.0,16.67924,3.0,11.28056,-0.505267,61.9684,3.0
45.9679180812091,16.5072,46.0334773827344,16.8199,3.0,16.67917,3.0,11.84036,0.511787,58.3903,3.0
45.9836451821029,14.4353,46.0504202824086,18.6254,3.0,16.67825,3.0,11.01711,-1.304548,58.6812,3.0
46.0005820821971,17.2564,46.0686131827533,16.6493,3.0,16.67849,3.0,11.28467,0.035893,62.8939,3.0
46.0166603829712,18.0784,46.0842545833439,15.5863,3.0,16.67906,3.0,12.05151,-0.030889,62.2869,3.0
46.0334773827344,16.9323,46.1002154834569,15.9812,3.0,16.67916,3.0,9.823448,0.271744,59.7961,3.0
46.0504202824086,15.0966,46.1172026842833,18.9094,3.0,16.67852,3.0,11.18711,-0.015714,58.8456,3.0
46.0686131827533,18.2879,46.134233083576,16.8316,3.0,16.67917,3.0,11.81189,0.784441,62.6453,3.0
46.0842545833439,16.8766,46.1519663836807,15.8233,3.0,16.67925,3.0,10.02486,-0.415284,61.2014,3.0
46.1002154834569,16.8323,46.1670207837597,16.8313,3.0,16.67932,3.0,9.438514,0.727882,60.1497,3.0
46.1172026842833,14.6351,46.1847133832052,17.9041,3.0,16.67849,3.0,11.73516,-0.261122,60.1494,3.0
46.134233083576,18.4286,46.2007563831285,14.1051,3.0,16.6792,3.0,9.274684,0.18715,63.418,3.0
46.1519663836807,17.2349,46.2184810834005,17.8498,3.0,16.67942,3.0,10.06942,-0.553343,59.0956,3.0
46.1670207837597,14.5148,46.2339293835685,17.0288,3.0,16.67854,3.0,11.20922,-0.201618,59.7112,3.0
46.1847133832052,19.1507,46.2501009842381,16.7573,3.0,16.67954,3.0,10.44465,0.627225,62.2249,3.0
46.2007563831285,16.1116,46.2698556846008,17.6001,3.0,16.67932,3.0,9.646643,-0.405841,59.8324,3.0
46.2184810834005,16.5707,46.2845091847703,14.6254,3.0,16.67927,3.0,12.52252,0.089194,61.3212,3.0
46.2339293835685,14.8046,46.3007871853188,17.7822,3.0,16.67851,3.0,10.38888,-0.923721,59.3758,3.0
46.2501009842381,16.9928,46.3175668856129,17.2166,3.0,16.67864,3.0,8.323541,-0.57635,62.3537,3.0
46.2698556846008,17.8965,46.3332346854731,13.6607,3.0,16.67913,3.0,10.56741,0.075285,62.5782,3.0
46.2845091847703,17.6377,46.3512797849253,18.0786,3.0,16.67952,3.0,11.70542,-1.013705,58.3431,3.0
46.3007871853188,14.1715,46.3676483845338,18.2294,3.0,16.67851,3.0,12.82795,-0.757435,58.7842,3.0
46.3175668856129,19.2747,46.3845945848152,19.0741,3.0,16.67955,3.0,10.55672,-0.198678,62.8426,3.0
46.3332346854731,14.4373,46.4018611842766,14.1569,3.0,16.67865,3.0,9.872605,0.136699,62.6432,3.0
46.3512797849253,17.552,46.4181687841192,15.4255,3.0,16.679,3.0,12.82504,0.396354,62.3631,3.0
46.3676483845338,14.8173,46.4341782843694,17.3816,3.0,16.67825,3.0,10.95428,-0.183874,60.2319,3.0
46.3845945848152,16.6195,46.4508399842307,17.0774,3.0,16.67823,3.0,10.0517,0.834112,62.8016,3.0
46.4018611842766,18.1787,46.4684142833576,15.6235,3.0,16.67883,3.0,11.58925,0.200827,63.2599,3.0
46.4181687841192,16.5256,46.4843885833398,16.1429,3.0,16.67877,3.0,11.50537,-0.683562,60.7058,3.0
46.4341782843694,15.3843,46.5006073834375,16.0866,3.0,16.67825,3.0,10.37259,-0.811528,60.3236,3.0
46.4508399842307,18.4302,46.5173278832808,18.4401,3.0,16.67895,3.0,11.09637,-0.843793,61.0253,3.0
46.4684142833576,17.2907,46.5346620837227,15.6173,3.0,16.6792,3.0,11.71766,-0.269843,61.0357,3.0
46.4843885833398,16.9481,46.5497000841424,15.1911,3.0,16.67931,3.0,10.82063,0.042789,59.3629,3.0
46.5006073834375,16.5585,46.5685223834589,18.9093,3.0,16.67926,3.0,10.94619,-0.637267,57.6066,3.0
46.5173278832808,17.075,46.5845949826762,17.8962,3.0,16.67942,3.0,12.73194,1.418413,59.9577,3.0
46.5346620837227,16.1911,46.6006932826713,16.187,3.0,16.67922,3.0,10.36091,0.259299,60.7788,3.0
46.5497000841424,16.6444,46.621294782497,18.455,3.0,16.67921,3.0,9.480267,-0.555753,60.7757,3.0
46.5685223834589,16.8622,46.6338527826592,12.5183,3.0,16.67928,3.0,12.45589,1.595113,62.5867,3.0
46.5845949826762,14.5122,46.6519464822486,19.8221,3.0,16.67841,3.0,8.444601,-0.655828,58.2428,3.0
46.6006932826713,17.1547,46.6676347823814,15.4935,3.0,16.6786,3.0,9.804353,0.324195,63.5533,3.0
46.621294782497,18.3611,46.6842192830518,15.0341,3.0,16.67928,3.0,12.16179,-0.460062,61.8918,3.0
46.6338527826592,16.551,46.7012883825228,17.1279,3.0,16.67923,3.0,8.232828,-0.46535,58.5658,3.0
46.6519464822486,15.1647,46.7174286833033,18.105,3.0,16.67862,3.0,10.6503,-0.78835,59.1437,3.0
46.6676347823814,18.0621,46.7344589838758,16.8574,3.0,16.67917,3.0,11.41796,-0.145551,62.0836,3.0
46.6842192830518,16.2824,46.750955584459,14.8228,3.0,16.67901,3.0,12.42375,-0.973183,60.8797,3.0
46.7012883825228,16.8383,46.7682151841,19.0455,3.0,16.67908,3.0,10.61425,-1.050234,59.4133,3.0
46.7174286833033,15.4745,46.7844458846375,16.4386,3.0,16.6786,3.0,10.75295,0.204887,61.6284,3.0
46.7344589838758,17.8074,46.8012612843886,14.8683,3.0,16.67905,3.0,11.97278,-0.953092,62.592,3.0
46.750955584459,17.3364,46.8174282843247,16.2199,3.0,16.67931,3.0,12.89643,-0.954886,59.6541,3.0
46.7682151841,14.5995,46.8342142840847,18.5636,3.0,16.67848,3.0,11.23621,-0.864379,58.5377,3.0
46.7844458846375,18.3215,46.8523745844141,18.4676,3.0,16.67914,3.0,9.362192,-0.49738,62.5024,3.0
46.8012612843886,16.0542,46.8694979837164,14.8352,3.0,16.67889,3.0,12.66039,0.54956,62.6485,3.0
46.8174282843247,16.4622,46.8844296839088,14.9044,3.0,16.6788,3.0,12.78748,0.538588,61.4302,3.0
46.8342142840847,15.2536,46.9006603844464,16.2492,3.0,16.67823,3.0,10.94128,-0.483929,59.8732,3.0
46.8523745844141,16.4747,46.9171677846462,18.2993,3.0,16.67815,3.0,10.38444,-0.434937,60.8686,3.0
46.8694979837164,18.5116,46.9347791839391,15.8564,3.0,16.67888,3.0,11.05671,1.059998,62.6937,3.0
46.8844296839088,16.4852,46.950720384717,15.9737,3.0,16.6788,3.0,11.20533,0.71946,60.0392,3.0
46.9006603844464,17.2481,46.9684825856239,19.5557,3.0,16.67903,3.0,10.26384,-0.132138,59.5284,3.0
46.9171677846462,16.6449,46.9841247852892,15.7045,3.0,16.67902,3.0,10.3791,-0.40577,61.8363,3.0
46.9347791839391,16.5146,47.0013553854078,17.7878,3.0,16.67895,3.0,10.78004,-0.499465,60.8967,3.0
46.950720384717,16.7187,47.0182276852429,14.4176,3.0,16.67897,3.0,9.511938,0.112969,62.1698,3.0
46.9684825856239,15.0016,47.0343202855438,16.1284,3.0,16.6783,3.0,10.37547,0.083377,59.8693,3.0
46.9841247852892,17.6192,47.0523639861494,19.8127,3.0,16.67867,3.0,10.12626,-1.146977,61.014,3.0
47.0013553854078,17.8028,47.0685200858861,16.3348,3.0,16.67912,3.0,12.39143,-0.242165,63.2079,3.0
47.0182276852429,16.8284,47.0840658862144,13.6618,3.0,16.67918,3.0,9.738223,-0.346296,61.7406,3.0
47.0343202855438,17.2227,47.1012016870081,17.0491,3.0,16.6794,3.0,9.928677,-0.083538,58.5747,3.0
47.0523639861494,14.7494,47.1182638872415,18.8496,3.0,16.67863,3.0,13.04566,0.039041,58.4018,3.0
47.0685200858861,18.4452,47.1349899880588,16.9956,3.0,16.67933,3.0,10.3897,-0.128271,62.5019,3.0
47.0840658862144,17.3736,47.1505513880402,13.5326,3.0,16.67961,3.0,10.32814,0.753311,61.0532,3.0
47.1012016870081,16.1877,47.1671820878983,16.7141,3.0,16.67941,3.0,9.798959,-0.164997,57.2129,3.0
47.1182638872415,14.9328,47.1849404871464,19.3839,3.0,16.67872,3.0,11.38157,-0.044826,57.7395,3.0
47.1349899880588,16.6777,47.2048976868391,20.9116,3.0,16.67872,3.0,12.02909,0.337147,62.1913,3.0
47.1505513880402,18.5574,47.2192719867453,11.776,3.0,16.67946,3.0,9.385097,0.165831,66.4247,3.0
47.1671820878983,16.6924,47.2342663863674,14.8974,3.0,16.67947,3.0,11.88263,-0.593861,59.6446,3.0
47.1849404871464,14.9155,47.2514367857948,19.0067,3.0,16.67877,3.0,12.02085,-0.181274,57.8498,3.0
47.2048976868391,20.2415,47.2683636853471,17.3348,3.0,16.68018,3.0,9.911869,-0.448099,61.9413,3.0
47.2192719867453,15.0993,47.285821984522,15.4915,3.0,16.67955,3.0,9.680061,-0.153704,59.0356,3.0
47.2342663863674,16.4298,47.3011554842815,15.1324,3.0,16.67945,3.0,12.49267,0.734367,59.4282,3.0
47.2514367857948,15.0739,47.3179638842121,18.5239,3.0,16.67882,3.0,11.8795,-0.505459,58.131,3.0
47.2683636853471,16.4505,47.3368387846276,17.1239,3.0,16.67873,3.0,10.4159,-0.574845,61.5816,3.0
47.285821984522,18.5124,47.3521668845788,15.6408,3.0,16.67945,3.0,12.04693,0.747566,62.2554,3.0
47.3011554842815,17.3057,47.3684334838763,16.0939,3.0,16.6797,3.0,10.93486,-0.440592,59.3796,3.0
47.3179638842121,14.6363,47.3840402839705,17.4737,3.0,16.6789,3.0,10.89314,0.732176,58.1732,3.0
47.3368387846276,18.0053,47.4010376846418,16.6819,3.0,16.67942,3.0,10.23833,-0.535863,61.0109,3.0
47.3521668845788,15.4887,47.418145284988,15.4522,3.0,16.67895,3.0,10.95139,-0.488732,59.6858,3.0
47.3684334838763,16.5192,47.4348347848281,16.5827,3.0,16.67889,3.0,12.23932,0.726529,59.652,3.0
47.3840402839705,15.1059,47.4519462855533,18.7714,3.0,16.67827,3.0,9.521863,0.311665,59.7163,3.0
47.4010376846418,18.2857,47.4686726862565,16.9685,3.0,16.6789,3.0,10.53133,0.080572,63.3817,3.0
47.418145284988,17.3233,47.4848913857713,18.3582,3.0,16.67915,3.0,12.39447,-0.93159,62.0569,3.0
47.4348347848281,16.2031,47.5019087856635,13.4452,3.0,16.67897,3.0,11.15273,-0.907396,63.08,3.0
47.4519462855533,14.9297,47.5180544862524,19.8283,3.0,16.67828,3.0,9.692228,-0.184082,60.3425,3.0
47.4686726862565,16.9937,47.5356702869758,15.6122,3.0,16.6784,2.0,9.95299,0.179608,65.2414,3.0
47.4848913857713,20.4346,47.5538550866768,16.7957,3.0,16.67988,3.0,12.8323,0.478845,63.8601,3.0
47.5180544862524,30.1161,47.5684139868245,13.9776,3.0,16.68515,3.0,11.00938,0.508754,60.2218,3.0
47.5180544862524,2.8664,47.5849519865587,16.5499,2.0,16.67973,3.0,9.875692,-0.100792,44.0647,3.0
47.5356702869758,16.4803,47.602307385765,19.105,3.0,16.67965,3.0,11.44736,0.355842,57.7598,3.0
47.5538550866768,14.7599,47.6176712857559,15.3831,3.0,16.6789,3.0,11.12755,-0.69525,60.3924,3.0
47.5684139868245,17.1222,47.634608485736,16.5025,3.0,16.67907,3.0,9.185592,0.795895,61.0162,3.0
47.5849519865587,16.1929,47.6521408865228,16.5387,3.0,16.67888,3.0,10.08216,0.632332,60.3966,3.0
47.602307385765,15.2302,47.6702475873753,18.4541,3.0,16.67831,3.0,11.45005,0.437824,60.7419,3.0
47.6176712857559,16.4972,47.684997186996,15.7265,3.0,16.67824,3.0,10.86901,0.662492,63.9663,3.0
47.634608485736,18.3724,47.7020854866132,15.2843,3.0,16.67891,3.0,9.149068,-0.295348,63.1964,3.0
47.6521408865228,16.4889,47.7181728864089,16.2031,3.0,16.67883,3.0,11.05518,-0.669755,60.1091,3.0
47.6702475873753,14.8798,47.7352256858721,19.9886,3.0,16.67813,3.0,11.19421,-0.650731,59.8237,3.0
47.684997186996,18.5382,47.7528381859884,16.3249,3.0,16.67886,3.0,9.276348,0.128089,64.9325,3.0
47.7020854866132,16.1439,47.7679427862167,13.3167,3.0,16.67865,3.0,9.999455,0.791798,62.7114,3.0
47.7181728864089,17.0403,47.7848101854324,18.239,3.0,16.67879,3.0,12.51683,1.664409,59.8937,3.0
47.7352256858721,15.1766,47.8027209863067,17.9326,3.0,16.6782,3.0,12.39571,0.218394,61.0931,3.0
47.7528381859884,18.2994,47.8182630864903,16.2981,3.0,16.67883,3.0,10.0068,-0.313199,63.8497,3.0
47.7679427862167,17.5439,47.8350860858336,14.8935,3.0,16.67917,3.0,11.07849,-0.974602,61.8484,3.0
47.7848101854324,14.217,47.8523503849283,17.2336,3.0,16.67821,3.0,10.02941,-0.076782,59.1986,3.0
47.8027209863067,16.8312,47.8689673850313,18.2738,3.0,16.67827,3.0,9.727799,0.425303,62.2156,3.0
47.8182630864903,18.2089,47.8866834854707,17.6492,3.0,16.67887,3.0,10.4553,0.027482,63.658,3.0
47.8350860858336,17.2871,47.9023315859959,13.8542,3.0,16.67911,3.0,12.90308,-0.13368,63.0992,3.0
47.8523503849283,16.3805,47.9176641860977,15.3481,3.0,16.67899,3.0,12.0122,-1.058672,59.6668,3.0
47.8689673850313,15.0294,47.935924985446,20.1624,3.0,16.67835,3.0,9.410518,-0.73901,58.6352,3.0
47.8866834854707,18.1665,47.9516764851287,15.5987,3.0,16.67893,3.0,9.72158,-0.258109,63.7681,3.0
47.9023315859959,16.9941,47.9689804846421,15.4503,3.0,16.67905,3.0,11.91287,-0.401817,61.206,3.0
47.9176641860977,16.4934,47.9859315855429,18.7529,3.0,16.67898,3.0,12.96041,-0.504409,59.6622,3.0
47.935924985446,15.1207,48.0026059849188,16.8759,3.0,16.67837,3.0,10.96061,-0.854623,61.9224,3.0
47.9516764851287,18.1315,48.0185901848599,16.2258,3.0,16.67893,3.0,12.04992,-1.048986,63.6771,3.0
47.9689804846421,16.8842,48.0356987854466,15.1663,3.0,16.67901,3.0,12.25781,-0.26329,61.7722,3.0
47.9859315855429,14.874,48.0520878853276,16.3869,3.0,16.67831,3.0,10.49472,0.386863,60.055,3.0
48.0026059849188,17.1095,48.0696218861267,19.185,3.0,16.67848,3.0,10.79039,-0.135707,61.5678,3.0
48.0185901848599,16.2079,48.0855551855639,15.8088,3.0,16.6783,3.0,12.79029,0.356626,63.6439,3.0
48.0356987854466,18.6673,48.1024321848527,17.2457,3.0,16.67907,3.0,10.34964,-0.359294,63.2452,3.0
48.0520878853276,17.0572,48.1184959849343,14.0565,3.0,16.67922,3.0,9.272407,-1.57827,61.825,3.0
48.0696218861267,14.1991,48.1353438841179,16.7073,3.0,16.67826,3.0,11.39717,-0.954778,58.8242,3.0
48.0855551855639,17.0597,48.1521894847974,18.6528,3.0,16.6784,3.0,11.42299,-0.659241,61.333,3.0
48.1024321848527,18.6172,48.1690600840375,16.9204,3.0,16.67915,3.0,10.97787,-0.46752,62.9255,3.0
48.1184959849343,16.5256,48.186432284303,15.4573,3.0,16.67909,3.0,13.43548,-0.589988,61.23,3.0
48.1353438841179,17.1043,48.2019292842597,15.5195,3.0,16.67926,3.0,12.74764,-0.211418,60.1619,3.0
48.1521894847974,14.3439,48.2190417833626,17.1571,3.0,16.67836,3.0,11.14302,-0.308034,58.5783,3.0
48.1690600840375,19.1725,48.2361507825553,18.8163,3.0,16.67932,3.0,10.51069,-0.646702,61.3909,3.0
48.186432284303,15.989,48.2520209830254,14.1639,3.0,16.67905,3.0,12.43012,-0.224011,61.0362,3.0
48.2019292842597,16.8573,48.2692919839174,17.3622,3.0,16.67912,3.0,12.04173,-0.291588,59.2109,3.0
48.2190417833626,16.6904,48.2850073836744,15.6554,3.0,16.67913,3.0,9.884202,-0.668051,59.7043,3.0
48.2361507825553,16.7052,48.3025040831417,19.4545,3.0,16.67914,3.0,10.33041,-1.005664,58.6816,3.0
48.2520209830254,17.1881,48.3199808839709,17.7,3.0,16.67933,3.0,12.06759,-0.096001,61.4308,3.0
48.2692919839174,16.1997,48.3376336842775,15.4039,3.0,16.67915,3.0,10.87075,-0.618957,61.9437,3.0
48.2850073836744,16.73,48.3520104838535,14.4722,3.0,16.67917,3.0,10.58676,0.619036,61.1482,3.0
48.3025040831417,14.5186,48.3688234845176,18.4941,3.0,16.67834,3.0,12.7832,-0.162492,58.8906,3.0
48.3199808839709,17.168,48.3863724851981,17.7803,3.0,16.67852,3.0,11.80536,-0.978529,62.8665,3.0
48.3376336842775,18.4898,48.4018340855837,13.4314,3.0,16.67922,3.0,10.08886,-1.152311,63.4787,3.0
48.3520104838535,17.1318,48.4193875864148,17.5933,3.0,16.6794,3.0,9.436892,-0.2894,58.4212,3.0
48.3688234845176,14.7811,48.4349844865501,17.3125,3.0,16.67867,3.0,11.95113,0.067334,58.8766,3.0
48.3863724851981,18.9904,48.4532587863505,18.765,3.0,16.67955,3.0,10.96191,-0.806161,61.4148,3.0
48.4018340855837,16.2073,48.4708147868514,15.3305,3.0,16.67937,3.0,11.2185,-0.05648,61.1901,3.0
48.4193875864148,16.5489,48.4859085865319,15.0505,3.0,16.67932,3.0,10.02157,-0.062037,60.3134,3.0
48.4349844865501,15.2849,48.5034946873784,17.7554,3.0,16.67879,3.0,11.70556,-0.773129,58.8069,3.0
48.4532587863505,16.8282,48.518673687242,16.6989,3.0,16.67884,3.0,12.61088,-0.17624,61.2855,3.0
48.4708147868514,17.0857,48.536832687445,16.6449,3.0,16.679,3.0,9.794837,-0.01912,61.1573,3.0
48.4859085865319,16.8562,48.5532456869259,16.3703,3.0,16.67907,3.0,11.84993,-0.686195,60.7171,3.0
48.5034946873784,18.4314,48.5686674872413,17.0713,3.0,16.67974,3.0,12.62334,-0.474249,60.2321,3.0
48.518673687242,14.6255,48.5865265866742,18.0621,3.0,16.67895,3.0,12.02042,0.848454,58.8725,3.0
48.536832687445,17.8635,48.602334885858,15.72,3.0,16.67941,3.0,9.992395,-0.734629,62.3091,3.0
48.5532456869259,16.6389,48.6193793853745,15.1596,3.0,16.67939,3.0,10.32345,-0.105017,60.1659,3.0
48.5686674872413,14.3691,48.6366118853912,19.1916,3.0,16.67851,3.0,10.34965,-0.206173,58.6872,3.0
48.5865265866742,16.4885,48.6523144850507,15.7399,3.0,16.67843,3.0,10.87603,-0.745512,63.5095,3.0
48.602334885858,18.5033,48.6697324858978,15.4582,3.0,16.67913,3.0,12.49542,-0.423363,62.7615,3.0
48.6193793853745,16.8035,48.6855310862884,15.73,3.0,16.67918,3.0,10.25227,-0.350941,59.717,3.0
48.6366118853912,15.0973,48.7024497864768,18.7309,3.0,16.67858,3.0,9.910412,0.45976,58.6443,3.0
48.6523144850507,18.687,48.7191790873185,17.1788,3.0,16.67934,3.0,12.53766,0.701049,62.2776,3.0
48.6697324858978,16.0334,48.7384363869205,17.0816,3.0,16.6791,3.0,12.23004,-0.047346,60.7699,3.0
48.6855310862884,16.7746,48.7521535865963,13.7317,3.0,16.67913,3.0,10.08074,-1.505546,61.8188,3.0
48.7024497864768,15.0948,48.7694775871933,19.0066,3.0,16.67853,3.0,9.567151,-0.38181,58.7762,3.0
48.7191790873185,16.9765,48.7869972866029,17.3163,3.0,16.67864,3.0,9.009846,0.785704,62.688,3.0
48.7384363869205,17.8015,48.8034288864583,15.0423,3.0,16.67907,3.0,11.83245,-0.636528,63.0273,3.0
48.7521535865963,17.0809,48.8198502864689,16.4554,3.0,16.67922,3.0,11.24601,-0.257862,60.2699,3.0
48.7694775871933,14.8227,48.8359643872827,17.738,3.0,16.67851,3.0,10.048,0.521341,59.6447,3.0
48.7869972866029,17.6084,48.8534589875489,17.9765,3.0,16.67887,3.0,10.97033,0.353402,62.56,3.0
48.8034288864583,16.8148,48.8706405870616,16.7847,3.0,16.67892,3.0,10.76606,0.094938,62.9287,3.0
48.8198502864689,16.2607,48.8861576868221,13.6538,3.0,16.67876,3.0,10.17356,-0.162999,62.8946,3.0
48.8359643872827,15.66,48.9032315863296,18.2979,3.0,16.67837,3.0,11.2781,-0.237103,60.2931,3.0
48.8534589875489,16.9083,48.920085885562,17.6079,3.0,16.67846,3.0,11.45886,-0.793754,62.9308,3.0
48.8706405870616,18.7611,48.9359104847535,15.8753,3.0,16.67925,3.0,9.583299,-0.256995,63.6305,3.0
48.8861576868221,16.5107,48.9531212849542,15.111,3.0,16.67919,3.0,10.2383,-0.594448,60.7461,3.0
48.9032315863296,14.7136,48.9695603856817,16.555,3.0,16.67844,3.0,11.93135,0.305144,59.3462,3.0
48.920085885562,15.8274,48.9868691852316,19.0781,3.0,16.67812,3.0,10.71599,0.510155,61.177,3.0
48.9359104847535,18.8616,49.0030754851177,14.3467,3.0,16.67895,3.0,9.884548,-0.624962,64.4395,3.0
48.9531212849542,16.8458,49.0197673859075,16.9908,3.0,16.67901,3.0,12.40896,0.169874,59.9249,3.0
48.9695603856817,17.052,49.0364874852821,18.2619,3.0,16.67915,3.0,11.45745,-0.630284,60.0699,3.0
48.9868691852316,16.2309,49.0532438857481,17.202,3.0,16.67898,3.0,9.822962,-0.728631,61.2809,3.0
49.0030754851177,17.0709,49.0712716849521,15.8869,3.0,16.67913,3.0,10.14863,-0.411924,62.2518,3.0
49.0197673859075,16.3345,49.0872443849221,16.1146,3.0,16.679,3.0,11.58118,-0.718964,61.068,3.0
49.0364874852821,14.6162,49.1032662848011,18.0901,3.0,16.67822,3.0,12.43053,-0.263811,60.8483,3.0
49.0532438857481,17.4266,49.1197496848181,16.0177,3.0,16.6785,3.0,10.75642,-0.612414,64.3233,3.0
49.0712716849521,18.3887,49.1370512852445,15.4435,3.0,16.67915,3.0,12.29026,-0.610406,62.9145,3.0
49.0872443849221,16.5697,49.1526758857071,17.3803,3.0,16.67911,3.0,12.67371,-0.666425,59.9702,3.0
49.1032662848011,14.8742,49.1692452859133,16.7267,3.0,16.67843,3.0,10.55921,0.310055,60.7807,3.0
49.1197496848181,19.0791,49.1857296861708,16.7003,3.0,16.67933,3.0,10.41531,-0.670586,62.6329,3.0
49.1370512852445,16.3879,49.2032990865409,15.3686,3.0,16.67922,3.0,12.39293,-0.608007,60.2552,3.0
49.1526758857071,14.9261,49.2208410874009,17.636,3.0,16.67856,3.0,12.51715,-0.326026,59.2365,3.0
49.1692452859133,16.9001,49.236658686772,17.4786,3.0,16.67864,3.0,9.686986,0.465521,61.9458,3.0
49.1857296861708,17.8312,49.2540432866663,17.3928,3.0,16.67908,3.0,10.86541,0.125259,62.5253,3.0
49.2032990865409,17.1699,49.2702022865415,14.5172,3.0,16.67927,3.0,12.37413,-0.748542,62.0871,3.0
49.2208410874009,17.0798,49.2856796868145,15.4618,3.0,16.67942,3.0,12.13028,-0.690353,59.4353,3.0
49.236658686772,14.4671,49.3029268868268,17.2436,3.0,16.67858,3.0,9.453041,-0.239205,57.817,3.0
49.2540432866663,18.4568,49.3213884867728,20.6189,3.0,16.67925,3.0,9.706342,-0.067403,60.5944,3.0
49.2702022865415,16.6797,49.3365324866027,14.8406,3.0,16.67925,3.0,10.79075,0.321566,62.7574,3.0
49.2856796868145,15.7043,49.3532109875232,16.5661,3.0,16.67889,3.0,12.587,-0.464455,60.9182,3.0
49.3029268868268,17.2973,49.3704456873238,17.5555,3.0,16.67912,3.0,10.4322,-0.330112,61.7805,3.0
49.3213884867728,15.0896,49.3864550869912,13.8989,3.0,16.67852,3.0,10.17323,0.188122,62.0394,3.0
49.3365324866027,15.2614,49.4028645865619,16.3648,3.0,16.67799,3.0,11.52425,-0.476723,60.8487,3.0
49.3532109875232,17.2562,49.420196287334,19.151,3.0,16.67821,3.0,12.36281,-0.311135,61.9522,3.0
49.3704456873238,16.9127,49.4368315879256,16.7151,3.0,16.67829,3.0,10.10758,0.03754,63.8468,3.0
49.3864550869912,18.258,49.4534751884639,14.9135,3.0,16.67889,3.0,9.737923,-0.992631,63.6501,3.0
49.4028645865619,17.2178,49.4705777876079,17.0588,3.0,16.67909,3.0,12.11744,1.082862,60.3064,3.0
49.420196287334,14.6667,49.4865901879966,15.9078,3.0,16.67833,3.0,10.51006,-0.013833,60.1477,3.0
49.4368315879256,18.9717,49.5034178886563,18.5919,3.0,16.67919,3.0,9.969431,0.778235,61.389,3.0
49.4534751884639,16.0866,49.5222158879042,17.3649,3.0,16.67897,3.0,12.59964,-0.074015,61.0099,3.0
49.4705777876079,16.6317,49.5369180878624,14.4435,3.0,16.67895,3.0,9.093633,-1.023493,62.2886,3.0
49.4865901879966,17.1369,49.5529314884916,16.0424,3.0,16.67913,3.0,10.12296,0.826145,60.1009,3.0
49.5034178886563,16.577,49.5717092892155,20.6469,3.0,16.67909,3.0,11.12842,-0.118176,59.0069,3.0
49.5222158879042,16.6906,49.5870797894895,15.6522,3.0,16.67909,3.0,11.86729,-1.137551,63.0767,3.0
49.5369180878624,17.2344,49.6034446898848,15.9264,3.0,16.6793,3.0,11.18725,-0.981582,62.0394,3.0
49.5529314884916,16.2524,49.620363490656,15.057,3.0,16.67914,3.0,9.048476,-0.537465,60.7314,3.0
49.5717092892155,14.6315,49.6364694908261,16.0726,3.0,16.67837,3.0,11.87375,0.096189,59.5367,3.0
49.5870797894895,16.765,49.6529162917286,18.2975,3.0,16.67841,3.0,12.98758,-0.465212,60.9782,3.0
49.6034446898848,18.0653,49.6690640915185,16.376,3.0,16.67892,3.0,11.12027,-0.496371,62.5108,3.0
49.620363490656,17.2098,49.6887917909771,17.9661,3.0,16.67912,3.0,12.28781,0.146871,60.8225,3.0
49.6364694908261,16.1217,49.7031001914293,14.0468,3.0,16.67892,3.0,11.81501,-0.322158,61.5791,3.0
49.6529162917286,15.3948,49.7207774911076,17.8021,3.0,16.67843,3.0,10.19397,-0.093399,59.5044,3.0
49.6690640915185,18.552,49.7369290906936,17.7934,3.0,16.67913,3.0,10.15883,0.285118,61.9117,3.0
49.6887917909771,16.4044,49.7538014911115,15.1829,3.0,16.67903,3.0,11.63026,-1.30037,61.1539,3.0
49.7031001914293,17.2865,49.7701142914593,16.3193,3.0,16.67926,3.0,12.1132,-0.189768,59.9255,3.0
49.7207774911076,16.5476,49.7869283910841,16.8519,3.0,16.67921,3.0,10.28138,0.014859,58.9655,3.0
49.7369290906936,16.2182,49.8041936904192,19.0624,3.0,16.67904,3.0,11.59737,-0.3262,59.2711,3.0
49.7538014911115,16.7762,49.8205185905099,16.7444,3.0,16.67907,3.0,13.21627,0.104156,62.1153,3.0
49.7701142914593,16.7173,49.8367399908602,15.9095,3.0,16.67909,3.0,10.34224,-0.267007,62.0842,3.0
49.7869283910841,16.4241,49.8545584902167,15.9638,3.0,16.67899,3.0,9.6263,-0.255758,61.2765,3.0
49.8041936904192,15.782,49.8713369909674,16.6883,3.0,16.67866,3.0,12.15744,-0.472123,60.808,3.0
49.8205185905099,16.4525,49.8872016910464,17.5124,3.0,16.67858,3.0,11.62801,-1.183416,61.7228,3.0
49.8367399908602,18.5366,49.9047066904604,17.6322,3.0,16.67927,3.0,10.31926,-0.613835,62.7838,3.0
49.8545584902167,17.1341,49.9199618902057,13.5138,3.0,16.67944,3.0,10.19142,-0.645599,61.8801,3.0
49.8713369909674,15.5237,49.9369486905634,16.8871,3.0,16.67901,3.0,11.97922,-0.127044,58.2603,3.0
49.8872016910464,15.6679,49.9541175905615,17.1831,3.0,16.67863,3.0,12.99304,0.624482,59.6232,3.0
49.9047066904604,18.2357,49.9702977910638,17.8259,3.0,16.67921,3.0,10.5451,-0.419206,61.139,3.0
49.9199618902057,16.4519,49.9874178916216,17.3266,3.0,16.67912,3.0,10.37614,-0.153069,60.7302,3.0
49.9369486905634,17.0307,50.0038328915834,15.2245,3.0,16.67925,3.0,10.20562,-1.145735,61.605,3.0
49.9541175905615,16.7531,50.0206005908549,16.1334,3.0,16.67928,3.0,11.23161,0.68703,59.7992,3.0
49.9702977910638,14.7083,50.037083690986,16.5451,3.0,16.67855,3.0,12.42727,-0.123139,59.1797,3.0
49.9874178916216,18.3672,50.0543141905218,19.0725,3.0,16.67918,3.0,9.867835,-0.951786,61.0169,3.0
50.0038328915834,17.0791,50.0706366896629,16.6952,3.0,16.67933,3.0,13.02167,-0.140331,61.7163,3.0
50.0206005908549,16.2077,50.0873802900314,14.5995,3.0,16.67915,3.0,11.11284,-0.174482,61.3394,3.0
50.037083690986,17.3274,50.1028930898756,15.5952,3.0,16.67939,3.0,11.94119,-0.489121,59.7321,3.0
50.0543141905218,14.152,50.1201979890466,17.32,3.0,16.67846,3.0,10.76263,0.18337,58.0,3.0
50.0706366896629,18.9265,50.137226389721,18.5348,3.0,16.67929,3.0,10.14598,-0.044835,61.168,3.0
50.0873802900314,14.4034,50.1539871897548,17.1478,3.0,16.67845,3.0,11.85482,-1.476063,60.7764,3.0
50.1028930898756,18.8987,50.1708509903401,14.7676,3.0,16.67927,3.0,10.32603,0.13846,63.5213,3.0
50.1201979890466,16.668,50.1872934903949,16.3734,3.0,16.67926,3.0,9.162535,-0.917684,59.3916,3.0
50.137226389721,14.742,50.2043607905507,18.9713,3.0,16.67855,3.0,11.80516,0.179061,59.0969,3.0
50.1539871897548,16.3816,50.2205095905811,16.0611,3.0,16.67844,3.0,13.20764,-0.845026,63.327,3.0
50.1708509903401,18.3389,50.237040290609,14.794,3.0,16.67905,3.0,9.886784,-0.585401,63.007,3.0
50.1872934903949,16.7547,50.2540689911693,17.0875,3.0,16.67908,3.0,10.57774,-0.806844,59.4625,3.0
50.2043607905507,15.0524,50.2699637915939,16.1478,3.0,16.67848,3.0,11.79143,-0.873312,59.7961,3.0
50.2205095905811,18.0882,50.2873510923237,19.1113,3.0,16.679,3.0,12.786,-0.591257,60.8914,3.0
50.237040290609,17.0051,50.3045597914606,17.355,3.0,16.67912,3.0,10.82364,0.949861,61.915,3.0
50.2540689911693,17.1456,50.3212725911289,16.6274,3.0,16.67929,3.0,10.90091,0.397773,62.2654,3.0
50.2699637915939,16.0962,50.3369395919144,13.6539,3.0,16.67907,3.0,12.68846,0.845795,61.747,3.0
50.2873510923237,15.5176,50.3543620910496,17.3853,3.0,16.67865,3.0,12.51324,-0.206298,59.3059,3.0
50.3045597914606,16.842,50.3705100901425,18.2355,3.0,16.67871,3.0,9.233727,-0.147785,61.1736,3.0
50.3212725911289,18.3374,50.3882202897221,17.7115,3.0,16.67932,3.0,8.081905,-0.62984,62.5676,3.0
50.3369395919144,16.6912,50.4057874903083,15.4428,3.0,16.67932,3.0,9.390898,-0.595135,61.9426,3.0
50.3543620910496,16.1655,50.4222619906068,16.4511,3.0,16.67913,3.0,9.730385,-0.104793,60.6941,3.0
50.3705100901425,14.7206,50.4367881901562,16.1359,3.0,16.67841,3.0,9.39034,-0.195718,60.9802,3.0
50.3882202897221,16.8938,50.4543732907623,17.7141,3.0,16.67849,3.0,8.478735,-0.318746,62.3955,3.0
50.4057874903083,19.1561,50.4713418912143,15.1942,3.0,16.6794,3.0,8.311393,0.033283,63.216,3.0
50.4222619906068,16.2236,50.4874324910343,16.0461,3.0,16.67924,3.0,11.88922,-0.722483,59.2551,3.0
50.4367881901562,14.8763,50.5041469912976,16.9642,3.0,16.67857,3.0,10.70825,-0.225353,59.0722,3.0
50.4543732907623,18.2518,50.5210821907967,19.4126,3.0,16.67915,3.0,10.55542,-0.718447,61.1662,3.0
50.4713418912143,14.9244,50.5393534898758,17.3957,3.0,16.67851,3.0,10.55128,-0.613214,62.3271,3.0
50.4874324910343,18.786,50.5542355896905,13.1364,3.0,16.67928,3.0,12.62235,-0.294336,64.7992,3.0
50.5041469912976,16.6274,50.5720187900588,22.3624,3.0,16.67926,3.0,10.95285,-0.039336,59.1498,3.0
50.5210821907967,15.1002,50.5873511899263,12.6528,3.0,16.67868,4.0,11.38721,0.071242,64.885,3.0
50.5393534898758,18.2615,50.6042425893247,14.9274,3.0,16.67926,3.0,12.38264,1.475134,62.4386,3.0
50.5542355896905,15.693,50.621982390061,17.7604,3.0,16.6789,3.0,12.13384,0.01629,59.1049,3.0
50.5720187900588,15.3328,50.6379160899669,16.0202,3.0,16.67841,3.0,10.03926,-0.318785,61.1732,3.0
50.5873511899263,18.4967,50.6540645901114,17.8149,3.0,16.67907,3.0,9.979666,-0.612189,61.8399,3.0
50.6042425893247,16.156,50.6720679905266,16.3696,3.0,16.67888,3.0,10.37521,-0.339178,61.1797,3.0
50.621982390061,16.7401,50.6868461901322,14.6088,3.0,16.6789,3.0,9.899785,0.393405,61.3934,3.0
50.6379160899669,16.8998,50.704980189912,18.2437,3.0,16.67899,3.0,10.36409,0.148246,59.2625,3.0
50.6540645901114,16.2354,50.7220860896632,19.2769,3.0,16.67882,3.0,12.32288,0.093633,60.6066,3.0
50.6720679905266,16.9919,50.7371692899615,15.0187,3.0,16.67894,3.0,12.18429,0.010614,63.6486,3.0
50.6868461901322,16.5386,50.7559779901057,16.7459,3.0,16.67889,3.0,9.448054,-0.577656,61.6758,3.0
50.704980189912,16.9093,50.7710420899093,15.3514,3.0,16.67897,3.0,9.841867,-0.591624,61.8832,3.0
50.7220860896632,15.2553,50.7870624903589,15.7269,3.0,16.67845,3.0,11.72089,-0.99813,60.3255,3.0
50.7371692899615,16.3663,50.8041042909026,18.7246,3.0,16.67834,3.0,11.78136,-0.560515,60.7981,3.0
50.7559779901057,18.2811,50.8210717905313,16.9641,3.0,16.67892,3.0,10.68232,-0.735028,63.1566,3.0
50.7710420899093,16.963,50.8382129911333,17.4947,3.0,16.67902,3.0,10.58893,0.586809,61.841,3.0
50.7870624903589,16.8183,50.8537553912029,13.4214,3.0,16.67908,3.0,12.81161,-0.291512,62.3647,3.0
50.8041042909026,14.6895,50.8708173921332,16.945,3.0,16.67835,3.0,10.60403,-0.160069,58.9761,3.0
50.8210717905313,16.7501,50.8878440922126,18.9413,3.0,16.67838,3.0,10.37219,0.075836,61.2316,3.0
50.8382129911333,16.5762,50.9052706928924,17.1129,3.0,16.67834,3.0,10.92381,-0.307998,63.4234,3.0
50.8537553912029,18.2406,50.9219492925331,15.1955,3.0,16.67891,3.0,12.18757,0.500489,63.9606,3.0
50.8708173921332,17.2495,50.938037793152,15.9748,3.0,16.67912,3.0,10.32316,-0.484949,60.9163,3.0
50.8878440922126,14.9651,50.954591893591,16.5405,3.0,16.67849,3.0,9.946198,-0.289317,59.6416,3.0
50.9052706928924,18.4758,50.9707266939804,18.0645,3.0,16.67915,3.0,12.09341,-0.885671,61.2172,3.0
50.9219492925331,15.9823,50.9874155940488,16.6413,3.0,16.67889,3.0,11.45375,-0.72836,60.8062,3.0
50.938037793152,17.2506,51.0039825933054,14.7833,3.0,16.6791,3.0,10.62452,-0.436519,61.4662,3.0
50.954591893591,16.9383,51.02139209304,17.5084,3.0,16.67919,3.0,9.891671,-0.748381,58.9986,3.0
50.9707266939804,14.3403,51.0375320939347,16.1085,3.0,16.67834,3.0,12.68016,0.0566,59.5695,3.0
50.9874155940488,18.5874,51.0543980943039,18.5103,3.0,16.67904,3.0,12.53972,-0.684672,61.3378,3.0
51.0039825933054,15.8147,51.072083693929,17.7109,3.0,16.67872,3.0,10.59548,-0.362625,61.2607,3.0
51.02139209304,17.0822,51.0893377931789,15.4181,3.0,16.67887,3.0,10.6293,-0.12604,63.1578,3.0
51.0375320939347,17.0205,51.1039246935397,14.5823,3.0,16.67899,3.0,11.72187,1.062475,61.4937,3.0
51.0543980943039,15.0031,51.1221251934767,18.3024,3.0,16.67839,3.0,12.42093,-0.59662,59.0561,3.0
51.072083693929,18.3844,51.1383428927511,17.7715,3.0,16.679,3.0,10.18594,0.36806,62.3558,3.0
51.0893377931789,16.1462,51.1549599934369,16.7721,3.0,16.67881,3.0,10.03283,-0.224383,61.7436,3.0
51.1039246935397,16.9363,51.1720321942121,15.3224,3.0,16.67891,3.0,10.89712,0.820373,62.3565,3.0
51.1221251934767,16.7888,51.1881901938468,16.2143,3.0,16.67895,3.0,10.74024,-0.409342,60.756,3.0
51.1383428927511,14.9897,51.2041739933193,15.8856,3.0,16.67833,3.0,9.511583,-0.972713,60.1821,3.0
51.1549599934369,18.5951,51.2205698937178,18.2289,3.0,16.67903,3.0,12.09293,0.441075,61.0781,3.0
51.1720321942121,16.4829,51.2387398928404,16.4846,3.0,16.67896,3.0,10.92144,0.086036,60.7123,3.0
51.1881901938468,16.4614,51.2551483921707,16.4145,3.0,16.67888,3.0,10.57311,-0.239196,60.7151,3.0
51.2041739933193,16.9537,51.2711150925606,16.2536,3.0,16.67898,3.0,10.49002,-0.169915,60.6681,3.0
51.2205698937178,16.8051,51.2889644932002,19.6764,3.0,16.67902,3.0,9.550664,-1.192121,59.95,3.0
51.2387398928404,16.8674,51.3064825925976,17.5618,3.0,16.67909,3.0,11.6236,0.063225,62.8404,3.0
51.2551483921707,16.3285,51.3221687916666,15.3763,3.0,16.67896,3.0,10.52421,-0.177024,63.5351,3.0
51.2711150925606,16.3881,51.3379566911608,13.7659,3.0,16.67886,3.0,9.982921,0.131674,62.5835,3.0
51.2889644932002,15.2069,51.3555041905493,17.5602,3.0,16.67833,3.0,13.00867,-1.082577,59.9613,3.0
51.3064825925976,16.5287,51.3710508905351,17.2732,3.0,16.67827,3.0,11.60382,0.350696,62.3152,3.0
51.3221687916666,18.5217,51.3878239896148,17.3223,3.0,16.67894,3.0,10.05293,-0.358736,63.0606,3.0
51.3379566911608,16.8052,51.4070269893855,17.0118,3.0,16.67898,3.0,7.659077,-0.383606,61.838,3.0
51.3555041905493,16.7018,51.4220164893195,14.9428,3.0,16.67899,3.0,10.1816,0.563645,62.0681,3.0
51.3710508905351,14.9652,51.4382210886106,17.9615,3.0,16.67838,3.0,11.43654,-0.117009,60.3101,3.0
51.3878239896148,16.6861,51.4553110888228,17.2429,3.0,16.67838,3.0,10.73661,-0.631609,63.306,3.0
51.4070269893855,18.4574,51.471990888007,16.9449,3.0,16.67902,3.0,10.33465,-0.589417,63.856,3.0
51.4220164893195,17.1411,51.4878602875397,14.2144,3.0,16.67918,3.0,11.40051,0.048323,62.3517,3.0
51.4382210886106,15.1104,51.505128688179,16.8375,3.0,16.67862,3.0,11.93391,-1.565296,59.4246,3.0
51.4553110888228,16.548,51.5211991881952,17.5681,3.0,16.67857,3.0,12.52962,0.548782,61.1521,3.0
51.471990888007,18.8838,51.5380887882784,17.2303,3.0,16.67937,3.0,10.76358,-0.061026,62.1655,3.0
51.4878602875397,17.4461,51.5546406889334,16.8863,3.0,16.67964,3.0,11.8318,-0.635008,60.5139,3.0
51.505128688179,16.6475,51.5726168891415,15.7866,3.0,16.67963,3.0,13.31982,1.569579,59.9604,3.0
51.5211991881952,14.6947,51.5885527888313,16.0254,3.0,16.67892,3.0,11.08293,-0.789125,59.1001,3.0
51.5380887882784,16.3855,51.6054044896737,18.4315,3.0,16.67881,3.0,9.867408,0.545797,60.4307,3.0
51.5546406889334,17.0649,51.6221846891567,16.965,3.0,16.67895,3.0,10.35972,-0.40793,62.477,3.0
51.5726168891415,17.6176,51.638875789009,16.7447,3.0,16.67929,3.0,8.591925,-0.48485,62.3779,3.0
51.5885527888313,16.6721,51.6565290885046,15.6734,3.0,16.67928,3.0,12.7524,-0.055124,61.5055,3.0
51.6054044896737,15.2311,51.6706445887685,14.2365,3.0,16.67876,3.0,9.60673,-0.624639,60.5073,3.0
51.6221846891567,16.5262,51.6901803892106,21.2963,3.0,16.67871,3.0,10.79535,-0.321518,59.492,3.0
51.638875789009,18.3889,51.7058190889657,15.6094,3.0,16.67932,3.0,12.44272,-0.459515,64.2834,3.0
51.6565290885046,16.8138,51.721190889366,13.6245,3.0,16.67937,3.0,11.99224,0.107237,61.5048,3.0
51.6706445887685,16.7749,51.7380690900609,16.8951,3.0,16.67941,3.0,10.56432,-0.346474,58.3153,3.0
51.6901803892106,15.2755,51.7557438900694,17.7072,3.0,16.6789,3.0,10.38361,-0.189154,58.4363,3.0
51.7058190889657,17.7999,51.7723523909226,18.6475,3.0,16.6793,3.0,12.24446,-0.70039,60.8675,3.0
51.721190889366,16.0931,51.7885702913627,15.8648,3.0,16.67909,3.0,9.876074,-0.602877,61.7165,3.0
51.7380690900609,17.8461,51.8051931904629,14.819,3.0,16.67951,3.0,10.11575,0.809823,61.4884,3.0
51.7557438900694,16.6952,51.8221201905981,17.0588,3.0,16.67952,3.0,11.93079,-0.465909,58.4614,3.0
51.7723523909226,14.7436,51.8378943903372,17.2576,3.0,16.67883,3.0,12.39088,-0.45626,58.8123,3.0
51.7885702913627,18.0654,51.8561081895605,18.6245,3.0,16.67932,3.0,10.50198,-0.868841,61.3394,3.0
51.8051931904629,17.2431,51.8724035890773,16.6947,3.0,16.67952,3.0,8.713209,-1.090245,61.8991,3.0
51.8221201905981,16.9581,51.8893635896966,14.6001,3.0,16.67962,3.0,10.56046,-0.132176,61.3518,3.0
51.8378943903372,14.3847,51.9051364893094,16.4713,3.0,16.6788,3.0,12.33694,-0.869493,58.9937,3.0
51.8561081895605,16.7198,51.9218238899484,17.7799,3.0,16.67882,3.0,12.76614,0.226855,61.08,3.0
51.8724035890773,18.3384,51.9386818902567,16.7997,3.0,16.67941,3.0,11.13828,-0.830313,62.1407,3.0
51.8893635896966,16.8387,51.9550678906962,14.5198,3.0,16.67946,3.0,11.97089,-0.295614,60.6026,3.0
51.9051364893094,16.7383,51.972011490725,16.9152,3.0,16.67949,3.0,12.67554,-0.025589,58.2844,3.0
51.9218238899484,14.7644,51.9886307911947,16.7676,3.0,16.6788,3.0,9.794413,-0.65121,58.4622,3.0
51.9386818902567,18.1495,52.0062420917675,19.2183,3.0,16.67933,3.0,10.76451,0.701009,60.4659,3.0
51.9550678906962,17.3852,52.0219734916463,16.3199,3.0,16.67958,3.0,9.659689,0.217313,61.5353,3.0
51.972011490725,15.9975,52.0397211918607,15.594,3.0,16.67934,3.0,11.89071,-0.948318,60.4711,3.0
51.9886307911947,16.6757,52.0563849927858,16.6804,3.0,16.67933,3.0,12.45949,-0.551049,60.0574,3.0
52.0062420917675,15.1851,52.0722065931186,17.6212,3.0,16.6788,3.0,9.325887,-0.131255,60.0725,3.0
52.0219734916463,15.1939,52.0890810927376,16.8617,3.0,16.67828,3.0,9.665918,-0.071466,62.5089,3.0
52.0397211918607,18.3672,52.1053151926026,16.4605,3.0,16.67888,3.0,12.68855,-1.176286,64.1775,3.0
52.0563849927858,17.2843,52.1220683930442,14.8517,3.0,16.67909,3.0,12.32036,-1.229305,62.2713,3.0
52.0722065931186,14.9588,52.1384080937132,16.1236,3.0,16.67848,3.0,10.14067,-0.120768,59.839,3.0
52.0890810927376,16.515,52.1563227931038,19.7525,3.0,16.67842,3.0,9.829586,1.457364,61.0038,3.0
52.1053151926026,18.4556,52.1722337929532,16.1165,3.0,16.67905,3.0,12.9795,0.817394,64.2414,3.0
52.1220683930442,16.8838,52.1886213934049,16.3004,3.0,16.67913,3.0,12.94407,-0.870885,61.9037,3.0
52.1384080937132,16.9822,52.2052198937163,16.6379,3.0,16.67923,3.0,10.23574,-0.371139,61.3202,3.0
52.1563227931038,14.5902,52.2222397932783,15.0065,3.0,16.67849,3.0,6.000306,-0.139294,60.9767,3.0
52.1722337929532,16.6602,52.2387781934813,16.6056,3.0,16.67849,3.0,10.91168,-1.181115,61.3922,3.0
52.1886213934049,17.2456,52.255719893612,18.7908,3.0,16.67869,3.0,12.69374,-0.702946,61.3183,3.0
52.2052198937163,18.0301,52.2724675936624,16.6263,3.0,16.67917,3.0,10.33849,-0.557501,62.8846,3.0
52.2222397932783,16.6134,52.289067893289,17.0817,3.0,16.67914,3.0,9.700415,-0.128103,61.4723,3.0
52.2387781934813,16.8176,52.3059591939673,14.6709,3.0,16.67919,3.0,10.89665,0.265401,61.9503,3.0
52.255719893612,14.6455,52.3221748946235,16.3457,3.0,16.67847,3.0,12.4478,-0.186718,59.8041,3.0
52.2724675936624,17.2077,52.3398005953059,19.3605,3.0,16.67866,3.0,10.5987,-1.280368,61.5036,3.0
52.289067893289,17.5429,52.357637594454,17.894,3.0,16.67896,3.0,10.1583,-0.904655,63.6564,3.0
52.3059591939673,16.7291,52.372121094726,14.633,3.0,16.67898,3.0,11.19562,-0.453823,64.0094,3.0
52.3221748946235,17.8121,52.3897973941639,15.5988,3.0,16.67938,3.0,11.78227,-0.465823,61.9132,3.0
52.3398005953059,14.6859,52.4056054940447,15.7361,3.0,16.67868,3.0,10.97985,-0.030377,59.7007,3.0
52.357637594454,16.6448,52.4221611944959,18.4189,3.0,16.67867,3.0,10.98212,0.009556,60.7503,3.0
52.372121094726,18.3282,52.4399312948808,17.7615,3.0,16.67925,3.0,12.21022,-0.551123,62.5255,3.0
52.3897973941639,16.7935,52.4560022940859,16.2946,3.0,16.67929,3.0,12.30898,-0.167926,61.9594,3.0
52.4056054940447,16.5015,52.4723293939605,14.2687,3.0,16.67923,3.0,10.21274,-0.745704,61.4611,3.0
52.4221611944959,14.7442,52.4893974931911,17.0603,3.0,16.67854,3.0,9.923023,0.230818,59.2289,3.0
52.4399312948808,16.7147,52.5060609923676,18.297,3.0,16.67856,3.0,8.233626,0.126888,61.545,3.0
52.4560022940859,17.8517,52.523248792626,17.2652,3.0,16.67897,3.0,11.4387,-0.275064,63.1276,3.0
52.4723293939605,17.4714,52.5401506917551,17.2572,3.0,16.67925,3.0,8.323082,-0.452163,62.5421,3.0
52.4893974931911,16.6275,52.5565777914599,14.4965,3.0,16.67923,3.0,9.393912,0.251064,62.3281,3.0
52.5060609923676,14.4365,52.5734991906211,16.9515,3.0,16.67844,3.0,9.280864,-1.052818,60.1976,3.0
52.523248792626,16.8944,52.5906938901171,18.8109,3.0,16.67852,3.0,11.98896,-0.797633,62.7127,3.0
52.5401506917551,18.4946,52.6060081897303,15.3568,3.0,16.67916,3.0,12.11774,0.051623,64.6292,3.0
52.5565777914599,16.2063,52.6229705894366,17.2666,3.0,16.67899,3.0,9.689918,1.484416,61.4927,3.0
52.5734991906211,16.7122,52.6395027888939,14.3579,3.0,16.679,3.0,10.98613,-0.458117,62.5532,3.0
52.5906938901171,14.5398,52.6562228882685,16.8389,3.0,16.67825,3.0,11.15978,-0.074046,60.1996,3.0
52.6060081897303,17.2834,52.6721826875582,15.951,3.0,16.67846,3.0,11.29968,-0.643702,62.4982,3.0
52.6229705894366,18.3637,52.6892919866368,18.5616,3.0,16.67905,3.0,9.526317,-0.281649,61.1663,3.0
52.6395027888939,16.5052,52.706633686088,17.5844,3.0,16.67899,3.0,10.47475,0.676162,61.3651,3.0
52.6562228882685,16.9577,52.7223983863369,16.0539,3.0,16.67909,3.0,11.8743,-0.91774,62.4446,3.0
52.6721826875582,16.3236,52.7392556862906,14.9089,3.0,16.67897,3.0,12.34905,-0.719375,61.5409,3.0
52.6892919866368,15.4737,52.7559194872156,16.5815,3.0,16.67854,3.0,9.037338,0.463853,60.1269,3.0
52.706633686088,16.32,52.7733506867662,19.268,3.0,16.67842,3.0,9.39424,-0.705559,61.2349,3.0
52.7223983863369,19.3247,52.7893737861887,16.236,3.0,16.67934,3.0,12.80247,-0.570731,64.1832,3.0
52.7392556862906,16.7431,52.8064228864387,17.3399,3.0,16.67937,3.0,11.23955,0.002101,61.0954,3.0
52.7559194872156,16.6825,52.8227416863665,13.9545,3.0,16.67937,3.0,9.985059,-0.145504,61.6925,3.0
52.7733506867662,14.6915,52.8396719871089,17.1461,3.0,16.67867,3.0,10.36293,0.959507,58.9652,3.0
52.7893737861887,16.04,52.856418387033,18.1653,3.0,16.67845,3.0,12.1487,-0.08654,61.4195,3.0
52.8064228864387,17.7151,52.8735335869715,17.2281,3.0,16.67881,3.0,11.5953,-1.359266,63.5458,3.0
52.8227416863665,17.529,52.8894535871223,16.2897,3.0,16.67911,3.0,10.00059,0.191486,63.0591,3.0
52.8396719871089,16.95,52.9062044871971,14.7778,3.0,16.6792,3.0,9.03174,-0.77789,61.8202,3.0
52.856418387033,14.4627,52.9222941873595,16.0539,3.0,16.67843,3.0,11.85797,-0.110561,59.6484,3.0
52.8735335869715,16.8784,52.9393163872883,18.512,3.0,16.6785,3.0,13.19591,0.166404,61.2393,3.0
52.8894535871223,19.4343,52.9562073880807,16.9758,3.0,16.67946,3.0,9.70399,0.110089,62.8735,3.0
52.9062044871971,15.7562,52.9729643883184,17.2164,3.0,16.67914,3.0,10.78116,-0.566225,60.416,3.0
52.9222941873595,16.5578,52.9893320882693,14.2609,3.0,16.6791,3.0,12.0186,-0.143907,61.8766,3.0
52.9393163872883,15.8348,53.0065055890009,17.1308,3.0,16.6788,3.0,9.939911,-0.426106,59.5797,3.0
52.9562073880807,16.3788,53.0221795896068,16.8783,3.0,16.6787,3.0,9.739125,0.423524,60.8759,3.0
52.9729643883184,18.6216,53.0393414897844,17.7738,3.0,16.67937,3.0,10.19351,-0.339493,61.3756,3.0
52.9893320882693,16.8627,53.0557962888852,16.5816,3.0,16.67944,3.0,11.70571,-0.134249,60.5289,3.0
53.0065055890009,16.9609,53.0733803892508,15.7452,3.0,16.67954,3.0,11.99968,-0.706453,60.2484,3.0
53.0221795896068,14.2063,53.0891041895375,15.8255,3.0,16.67868,3.0,9.492893,-0.638307,59.0337,3.0
53.0393414897844,17.1545,53.1065196888521,17.2871,3.0,16.67884,3.0,10.36305,-0.331702,60.6524,3.0
53.0557962888852,18.2395,53.1222540894523,15.8826,3.0,16.67938,3.0,9.798053,-0.231161,60.7855,3.0
53.0733803892508,15.0069,53.1406605886295,20.018,3.0,16.6788,3.0,12.42741,0.505583,58.429,3.0
53.0891041895375,18.676,53.1567531889305,16.3345,3.0,16.6795,3.0,12.3907,-0.657637,63.4408,3.0
53.1065196888521,16.4641,53.1728000892326,15.8536,3.0,16.67942,3.0,10.42326,-0.30839,61.0995,3.0
53.1222540894523,16.5045,53.1906043896452,15.9317,3.0,16.67936,3.0,10.17912,0.200088,60.49,3.0
53.1406605886295,15.2936,53.2073225891218,16.8152,3.0,16.67888,3.0,11.40974,-0.638439,59.9178,3.0
53.1567531889305,16.0959,53.2230821894482,17.3336,3.0,16.67868,3.0,12.56789,-0.034476,61.4388,3.0
53.1728000892326,17.6199,53.2397408885881,16.7969,3.0,16.679,3.0,12.09291,-1.000509,62.6775,3.0
53.1906043896452,17.1512,53.2560807885602,16.5386,3.0,16.67917,3.0,9.948639,-0.226857,61.8554,3.0
53.2073225891218,15.6295,53.2729877894744,14.8057,3.0,16.6788,3.0,12.47138,0.582875,61.243,3.0
53.2230821894482,15.7423,53.2896795896813,16.8889,3.0,16.67848,3.0,11.78761,-0.30946,60.4191,3.0
53.2397408885881,16.5667,53.3085136888549,21.1361,3.0,16.67844,3.0,12.81276,-0.755884,61.5657,3.0
53.2560807885602,18.7117,53.3229546891525,13.7932,3.0,16.67915,3.0,10.03002,-0.633605,66.1355,3.0
53.2729877894744,16.3614,53.3401920897886,15.4417,3.0,16.67904,3.0,9.00846,0.2535,61.2182,3.0
53.2896795896813,17.1206,53.3558452902362,15.893,3.0,16.67919,3.0,10.29258,-0.962365,60.2918,3.0
53.3085136888549,14.9644,53.3728697905317,16.8998,3.0,16.6786,3.0,12.5013,-0.120319,59.0722,3.0
53.3229546891525,18.0762,53.3903049910441,19.0431,3.0,16.67908,3.0,10.6834,-1.116191,61.0078,3.0
53.3401920897886,16.5433,53.4070673910901,14.9963,3.0,16.67903,3.0,9.579865,0.425187,61.9752,3.0
53.3558452902362,16.7215,53.4231889909133,16.1452,3.0,16.67905,3.0,12.83612,-0.4628,60.4286,3.0
53.3728697905317,17.1323,53.4400927918032,16.9072,3.0,16.6792,3.0,11.92379,-0.256544,59.853,3.0
53.3903049910441,15.9171,53.4561896910891,17.9289,3.0,16.67894,3.0,11.28931,0.647256,59.628,3.0
53.4070673910901,17.4538,53.4732269914821,17.304,3.0,16.67921,3.0,9.1982,-0.834812,61.6404,3.0
53.4231889909133,16.4124,53.4921746915206,16.9794,3.0,16.67912,3.0,10.55394,0.573148,61.4908,3.0
53.4400927918032,16.6418,53.5063484916463,14.1123,3.0,16.6791,3.0,12.18444,0.366895,62.0584,3.0
53.4561896910891,15.0617,53.5229291925207,16.6374,3.0,16.67854,3.0,11.10351,-0.906312,59.5293,3.0
53.4732269914821,16.3916,53.5403364924714,19.1816,3.0,16.67845,3.0,11.08555,0.234397,61.1046,3.0
53.4921746915206,18.8123,53.5577723933384,15.7671,3.0,16.67918,3.0,11.0737,-0.64551,63.8955,3.0
53.5063484916463,16.4568,53.5730995936319,15.2918,3.0,16.6791,3.0,11.43071,-0.232444,60.8512,3.0
53.5229291925207,17.3244,53.5903454935178,17.3359,3.0,16.67933,3.0,11.0366,0.290824,59.6866,3.0
53.5403364924714,14.8152,53.6060480931774,17.3243,3.0,16.67868,3.0,9.65151,-0.725856,59.6982,3.0
53.5577723933384,17.1287,53.6230233935639,17.2673,3.0,16.67884,3.0,10.61034,0.085469,62.2078,3.0
53.5730995936319,16.8068,53.6418836927041,16.7123,3.0,16.67888,3.0,12.13868,-0.799573,62.3466,3.0
53.5903454935178,16.6211,53.6571764927357,15.2555,3.0,16.67886,3.0,9.618256,-0.532669,62.253,3.0
53.6060480931774,15.4344,53.6729156933725,17.6899,3.0,16.67844,3.0,10.55783,-0.557201,60.8875,3.0
53.6230233935639,16.4672,53.6901952940971,17.1009,3.0,16.67837,3.0,11.78577,0.256972,63.1432,3.0
53.6418836927041,18.3924,53.7070745937526,17.3091,3.0,16.67895,3.0,12.73807,-0.906769,63.7773,3.0
53.6571764927357,16.7076,53.7231402937323,13.9688,3.0,16.67896,3.0,10.6806,-0.305838,62.6946,3.0
53.6729156933725,15.8364,53.7400992941111,16.9466,3.0,16.67867,3.0,10.17743,0.55114,59.9564,3.0
53.6901952940971,16.1806,53.7567620947957,18.3058,3.0,16.6785,3.0,9.782869,0.306325,61.0664,3.0
53.7070745937526,18.7425,53.7734304945916,16.729,3.0,16.67921,3.0,12.73164,0.049456,63.1918,3.0
53.7231402937323,16.5556,53.7906092945486,17.5999,3.0,16.67917,3.0,10.38696,-0.483965,61.1798,3.0
53.7400992941111,16.9686,53.8082918953151,15.5033,3.0,16.67927,3.0,9.765475,0.286073,62.2243,3.0
53.7567620947957,14.3909,53.8229481950402,14.6818,3.0,16.67848,3.0,11.40204,0.799599,60.7591,3.0
53.7734304945916,16.9949,53.8421011958271,20.8992,3.0,16.67859,3.0,11.62477,-0.358463,61.0499,3.0
53.7906092945486,18.2671,53.8570579960942,14.928,3.0,16.67913,3.0,10.56693,0.066884,64.9552,3.0
53.8082918953151,16.8126,53.8736902959645,17.077,3.0,16.67918,3.0,9.267001,0.193995,61.6167,3.0
53.8229481950402,16.9029,53.8907835967839,14.8724,3.0,16.67926,3.0,9.163063,-0.653548,61.881,3.0
53.8421011958271,15.75,53.9071808960289,16.4825,3.0,16.67894,3.0,12.19692,-0.084567,59.851,3.0
53.8570579960942,16.1256,53.9240966960788,16.879,3.0,16.67875,3.0,10.5753,-0.362215,60.5838,3.0
53.8736902959645,18.4503,53.9402250964195,17.8413,3.0,16.67936,3.0,9.641448,0.309673,61.3378,3.0
53.8907835967839,16.0864,53.9567808955908,17.208,3.0,16.67915,3.0,10.44467,-0.14118,60.7293,3.0
53.9071808960289,17.9488,53.972598195076,15.5389,3.0,16.67959,3.0,12.02141,-0.192663,61.8518,3.0
53.9240966960788,15.5982,53.9908390957862,16.2458,3.0,16.67922,3.0,12.13853,-0.137695,59.442,3.0
53.9402250964195,14.1504,54.0068934950978,15.9582,3.0,16.67835,3.0,9.74148,-0.078096,60.0899,3.0
53.9567808955908,16.5738,54.0242377948016,17.3425,3.0,16.67832,3.0,12.07946,-0.508516,61.8977,3.0
53.972598195076,17.1447,54.0402443949133,15.9499,3.0,16.67848,3.0,11.7611,0.547681,62.6672,3.0
53.9908390957862,18.9014,54.0573420953006,17.0116,3.0,16.67924,3.0,10.1743,-0.081669,61.4727,3.0
54.0068934950978,16.1082,54.0727870948613,17.3448,3.0,16.67904,3.0,9.654316,-0.307178,59.5835,3.0
54.0242377948016,16.9243,54.0899718943983,15.4352,3.0,16.67912,3.0,10.45432,0.363296,60.8209,3.0
54.0402443949133,16.5797,54.107294594869,17.2524,3.0,16.67909,3.0,11.01157,-0.742438,59.3311,3.0
54.0573420953006,17.0494,54.1234046947211,16.2389,3.0,16.67922,3.0,9.602678,-0.840362,60.004,3.0
54.0727870948613,14.5477,54.1405335944146,17.0585,3.0,16.67849,3.0,10.2645,-1.030024,59.1939,3.0
54.0899718943983,18.0799,54.158023994416,19.1182,3.0,16.67897,3.0,11.50704,-0.117569,61.7055,3.0
54.107294594869,16.4985,54.1739621944726,16.1691,3.0,16.67891,3.0,10.79926,0.713851,62.7446,3.0
54.1234046947211,17.0164,54.1919683944434,16.1379,3.0,16.67902,3.0,10.75242,-0.106315,62.4155,3.0
54.1405335944146,16.8451,54.2069745948538,15.1347,3.0,16.67908,3.0,10.73217,0.582968,61.5372,3.0
54.158023994416,14.7701,54.2241851957515,17.0681,3.0,16.67843,3.0,12.05135,0.024486,59.8273,3.0
54.1739621944726,18.7171,54.240649796091,18.2474,3.0,16.67912,3.0,11.08582,-1.131667,62.1259,3.0
54.1919683944434,16.7444,54.2572094956413,16.534,3.0,16.67914,3.0,10.29153,-0.58022,61.6566,3.0
54.2069745948538,16.7182,54.274782194756,17.8545,3.0,16.67916,3.0,9.578214,1.170594,61.4463,3.0
54.2241851957515,17.0496,54.2920360947028,15.1561,3.0,16.67928,3.0,11.74217,-0.352224,62.583,3.0
54.240649796091,14.5474,54.3081865953282,16.1805,3.0,16.67856,3.0,12.96262,-0.329344,60.6899,3.0
54.2572094956413,17.1174,54.3243297962472,17.6886,3.0,16.67871,3.0,12.39861,0.204169,62.3232,3.0
54.274782194756,17.9432,54.3412188971415,17.2499,3.0,16.67914,3.0,8.451724,-0.399736,62.8945,3.0
54.2920360947028,16.9446,54.3567427974194,15.8113,3.0,16.67923,3.0,10.29054,-0.708329,62.202,3.0
54.3081865953282,17.527,54.3735097981989,14.5756,3.0,16.67951,3.0,10.40683,-0.078215,61.0689,3.0
54.3243297962472,14.45,54.3896933980286,16.292,3.0,16.67876,3.0,9.525436,-0.125604,58.1171,3.0
54.3412188971415,16.5664,54.4075111988932,19.3837,3.0,16.67872,3.0,12.31643,-0.164837,59.96,3.0
54.3567427974194,17.6444,54.424142498523,16.7943,3.0,16.67905,3.0,12.62982,0.244869,62.7774,3.0
54.3735097981989,16.9944,54.4413164984435,17.5163,3.0,16.67916,3.0,10.1498,-0.376703,61.9281,3.0
54.3896933980286,17.2093,54.4571811985224,13.7164,3.0,16.67933,3.0,10.11294,-0.219257,62.4504,3.0
54.4075111988932,14.6546,54.4742848984897,16.9447,3.0,16.67865,3.0,11.88013,1.854817,58.9572,3.0
54.424142498523,16.6611,54.490966597572,18.5881,3.0,16.67864,3.0,11.5017,-0.07807,61.2392,3.0
54.4413164984435,18.2449,54.5083563979715,17.4387,3.0,16.67917,3.0,12.28096,-0.738162,63.1755,3.0
54.4571811985224,16.4272,54.5244124978781,16.2433,3.0,16.67909,3.0,10.35678,1.263638,62.3703,3.0
54.4742848984897,17.2479,54.5403721984476,13.9887,3.0,16.67928,3.0,9.67487,-0.064702,62.1875,3.0
54.490966597572,14.9423,54.5571380984038,16.6427,3.0,16.67869,3.0,11.91786,-0.308375,58.9286,3.0
54.5083563979715,16.6895,54.5747492983937,17.725,3.0,16.6787,3.0,12.55416,-0.044781,60.6292,3.0
54.5244124978781,18.1433,54.59190219827,18.8681,3.0,16.67919,3.0,8.581502,-0.607805,61.6649,3.0
54.5403721984476,16.6624,54.6070697978139,15.4169,3.0,16.67919,3.0,9.610075,-0.799228,62.3908,3.0
54.5571380984038,16.6941,54.624297298491,17.1516,3.0,16.67919,3.0,10.36348,-1.419543,61.1459,3.0
54.5747492983937,15.9952,54.6423508990556,16.1426,3.0,16.67896,3.0,11.9924,1.627022,61.6035,3.0
54.59190219827,14.9011,54.6565578989685,14.2145,3.0,16.67836,3.0,12.59863,-0.696113,61.7512,3.0
54.6070697978139,16.8241,54.6738345995545,19.0133,3.0,16.67841,3.0,10.97794,0.248555,61.0646,3.0
54.624297298491,18.0418,54.6908499989659,17.0275,3.0,16.67887,3.0,11.27658,-0.232504,63.2541,3.0
54.6423508990556,17.2365,54.7076956983656,17.2455,3.0,16.67906,3.0,9.990113,-0.076614,62.234,3.0
54.6565578989685,16.1626,54.7242128979415,14.3428,3.0,16.67888,3.0,12.63064,-0.433952,62.2434,3.0
54.6738345995545,15.2399,54.7420408986509,17.7278,3.0,16.6784,3.0,11.5014,-0.314726,60.4299,3.0
54.6908499989659,16.5667,54.7583345994353,17.8681,3.0,16.67836,3.0,10.39001,0.259786,62.9183,3.0
54.7076956983656,18.1858,54.7741011995822,15.9765,3.0,16.67887,3.0,11.88505,-0.089307,64.2205,3.0
54.7242128979415,16.7623,54.7912073004991,17.5049,3.0,16.6789,3.0,12.24493,-0.539066,62.0118,3.0
54.7420408986509,17.0236,54.806846100837,13.5548,3.0,16.67901,3.0,12.07861,0.474759,62.7549,3.0
54.7583345994353,14.3815,54.8240926004946,17.3442,3.0,16.67824,3.0,9.687107,0.688193,59.2864,3.0
54.7741011995822,16.8661,54.8412175998092,18.9134,3.0,16.6783,3.0,9.623866,-0.112442,62.2488,3.0
54.7912073004991,18.2413,54.8585899993777,17.6114,3.0,16.67883,3.0,10.39214,0.698952,64.2887,3.0
54.806846100837,17.8181,54.8745718989521,16.1378,3.0,16.67921,3.0,11.11041,-0.654378,63.6677,3.0
54.8240926004946,16.0682,54.8923315983266,15.6161,3.0,16.679,3.0,11.10294,-0.374486,61.9876,3.0
54.8412175998092,15.0202,54.9079321986064,15.5965,3.0,16.67845,3.0,10.26845,0.10969,61.5361,3.0
54.8585899993777,16.337,54.9235877981409,17.3392,3.0,16.67834,3.0,9.318478,-0.391665,62.1122,3.0
54.8745718989521,18.754,54.9425401976332,19.0356,3.0,16.67903,3.0,12.49019,0.014553,63.1154,3.0
54.8923315983266,16.3177,54.9574279980734,14.8029,3.0,16.67891,3.0,12.28341,-0.245398,63.3975,3.0
54.9079321986064,18.6665,54.9746024971828,15.3514,3.0,16.67957,3.0,11.77896,-0.132475,61.8734,3.0
54.9235877981409,13.6498,54.9899738971144,15.5348,3.0,16.67856,3.0,10.63075,-0.3456,58.5686,3.0
54.9425401976332,16.6372,55.0081109963357,19.8077,3.0,16.67855,3.0,9.978298,0.19745,60.4539,3.0
54.9574279980734,18.7355,55.0254757963121,17.3691,3.0,16.67923,3.0,11.43338,-0.156741,63.625,3.0
54.9746024971828,16.5608,55.0423359964043,17.1366,3.0,16.6792,3.0,11.9863,-0.060296,62.259,3.0
54.9899738971144,17.0176,55.0577334966511,13.4383,3.0,16.67931,3.0,12.12225,-1.225683,62.835,3.0
55.0081109963357,14.849,55.0746618974954,16.8722,3.0,16.6787,3.0,9.726141,-0.602428,59.2558,3.0
55.0254757963121,16.2641,55.0908719971776,17.7389,3.0,16.67856,3.0,9.705896,-0.287094,61.2796,3.0
55.0423359964043,18.0998,55.1076034978032,17.0144,3.0,16.67903,3.0,11.79378,-0.204356,62.7551,3.0
55.0577334966511,17.4042,55.12482409738,17.519,3.0,16.67927,3.0,12.87733,0.000798,61.67,3.0
55.0746618974954,16.9692,55.1426163967699,15.583,3.0,16.67937,3.0,12.23589,-0.229938,61.7849,3.0
55.0908719971776,14.5133,55.1569175971672,14.3277,3.0,16.67865,3.0,10.37816,0.155913,60.399,3.0
55.1076034978032,17.3076,55.1765348976478,21.4712,3.0,16.67886,3.0,9.908502,-0.391564,60.2135,3.0
55.12482409738,18.4613,55.1925489967689,16.0862,3.0,16.67945,3.0,11.82304,-0.524441,64.3771,3.0
55.1426163967699,15.1193,55.2076281970367,15.5146,3.0,16.67893,3.0,12.13029,-0.176038,62.0033,3.0
55.1569175971672,17.4238,55.2255269968882,15.485,3.0,16.67918,3.0,9.834164,-1.049155,62.3991,3.0
55.1765348976478,14.3358,55.2421724973246,16.7183,3.0,16.6784,3.0,10.45164,-0.250244,60.4611,3.0
55.1925489967689,16.6206,55.2594912974164,19.0968,3.0,16.67838,3.0,12.34104,0.234282,62.8436,3.0
55.2076281970367,18.4102,55.2740896977484,14.3388,3.0,16.67896,3.0,11.93126,0.272735,65.3203,3.0
55.2255269968882,17.521,55.2924870979041,18.938,3.0,16.67924,3.0,12.46544,-0.705272,61.2492,3.0
55.2421724973246,16.8184,55.3075056979433,12.9137,3.0,16.67928,3.0,10.02602,0.034411,62.6668,3.0
55.2594912974164,15.1689,55.3249966977164,17.5945,3.0,16.67878,3.0,9.350365,-0.556711,58.7552,3.0
55.2740896977484,16.9877,55.342477097176,19.3963,3.0,16.67888,3.0,9.401772,0.524356,61.1882,3.0
55.2924870979041,18.6236,55.3584876963869,15.7269,3.0,16.67953,3.0,12.43219,-0.403557,63.5964,3.0
55.3075056979433,16.0955,55.3753784960136,17.3733,3.0,16.67934,3.0,11.72721,1.204451,60.701,3.0
55.3249966977164,17.1237,55.3924609953538,15.028,3.0,16.67948,3.0,10.16644,-0.908751,61.9794,3.0
55.342477097176,14.7264,55.4081665957347,15.5322,3.0,16.67884,3.0,9.134157,-0.031486,59.8841,3.0
55.3584876963869,16.5664,55.4257632950321,19.4459,3.0,16.6788,3.0,10.37525,0.244841,60.69,3.0
55.3753784960136,18.543,55.4413545951247,15.3966,3.0,16.67942,3.0,10.60205,-0.340809,63.5694,3.0
55.3924609953538,16.7751,55.4583300948143,17.89,3.0,16.67945,3.0,11.14329,-0.295515,60.4235,3.0
55.4081665957347,16.6069,55.4751039948314,14.1782,3.0,16.67942,3.0,10.10816,0.003006,61.5391,3.0
55.4257632950321,15.3783,55.4923340957612,17.3725,3.0,16.67899,3.0,11.59891,1.513746,59.1111,3.0
55.4413545951247,16.4018,55.5086447950453,16.3432,3.0,16.6789,3.0,12.23121,-0.240935,61.1056,3.0
55.4583300948143,17.6321,55.5254823956639,16.8125,3.0,16.67922,3.0,11.91069,0.814604,61.0474,3.0
55.4751039948314,17.1509,55.5425241962075,18.7235,3.0,16.67937,3.0,9.206454,-0.474703,60.229,3.0
55.4923340957612,16.1734,55.55763149634,15.2076,3.0,16.67921,3.0,8.492035,-0.27021,61.8022,3.0
55.5086447950453,16.7374,55.5745848957449,17.2137,3.0,16.67923,3.0,12.0418,0.752117,60.8272,3.0
55.5254823956639,16.2743,55.5923452954739,15.8633,3.0,16.67909,3.0,6.345903,0.048936,61.3128,3.0
55.5425241962075,15.0399,55.6088304948062,16.2913,3.0,16.67855,3.0,10.37711,-0.521168,60.9025,3.0
55.55763149634,17.2523,55.6245270948857,15.6815,3.0,16.67874,3.0,12.13498,0.852247,62.1546,3.0
55.5745848957449,17.3685,55.6427155956626,18.2327,3.0,16.67897,3.0,11.05286,-1.071675,60.5832,3.0
55.5923452954739,17.3259,55.658233795315,17.283,3.0,16.67918,3.0,11.71057,0.392188,61.4484,3.0
55.6088304948062,16.0874,55.6756265945733,15.6407,3.0,16.67899,3.0,10.57535,0.762602,61.4063,3.0
55.6245270948857,16.7281,55.6926201954484,16.9461,3.0,16.679,3.0,10.88428,-0.814768,60.9598,3.0
55.6427155956626,17.9102,55.7092432957143,16.6611,3.0,16.67941,3.0,12.95631,-0.375518,61.1782,3.0
55.658233795315,14.4465,55.7259272951633,16.6531,3.0,16.67867,3.0,11.3912,-0.266954,59.9288,3.0
55.6756265945733,18.6042,55.74240119569,18.3149,3.0,16.67931,3.0,8.786568,-0.925875,62.1359,3.0
55.6926201954484,16.8259,55.7582060955465,15.7532,3.0,16.67935,3.0,10.44352,-0.590499,61.8476,3.0
55.7092432957143,16.2569,55.7748236954212,16.7838,3.0,16.67921,3.0,10.38305,-0.297974,60.7747,3.0
55.7259272951633,16.8769,55.792538896203,15.8305,3.0,16.67928,3.0,11.71047,0.187376,61.3029,3.0
55.74240119569,15.6343,55.8104589954019,17.8574,3.0,16.67894,3.0,12.663,-0.956401,60.2565,3.0
55.7582060955465,15.9244,55.8251655958593,16.7247,3.0,16.67869,3.0,10.61787,-0.54174,62.4792,3.0
55.7748236954212,18.0723,55.8419453967363,16.8176,3.0,16.67915,3.0,10.32532,-0.231748,63.2802,3.0
55.792538896203,17.0928,55.8579057976604,16.0728,3.0,16.67928,3.0,9.515201,0.523537,62.0261,3.0
55.8104589954019,17.6702,55.8752674981952,16.9042,3.0,16.67961,3.0,12.77624,0.537145,61.0068,3.0
55.8251655958593,14.7219,55.8922016974539,15.1397,3.0,16.67896,3.0,12.51175,-0.0756,60.2411,3.0
55.8419453967363,15.2553,55.9087350983173,16.5438,3.0,16.6785,3.0,10.24446,-0.238192,60.6591,3.0
55.8579057976604,16.8209,55.9255932979286,18.7164,3.0,16.67854,3.0,9.811255,-0.729692,61.9484,3.0
55.8752674981952,18.2682,55.9424381982535,16.766,3.0,16.67907,3.0,11.2991,-0.721386,63.8444,3.0
55.8922016974539,16.7048,55.957703798078,13.4863,3.0,16.67908,3.0,12.00469,-0.797931,62.3431,3.0
55.9087350983173,16.7286,55.9758054977283,18.1794,3.0,16.67909,3.0,12.14349,-0.110169,59.1251,3.0
55.9255932979286,14.7167,55.9921586969867,16.3393,3.0,16.67845,3.0,10.75499,-0.671393,60.5758,3.0
55.9424381982535,16.7426,56.0095116971061,19.0288,3.0,16.67847,3.0,10.79123,-0.468563,62.1903,3.0
55.957703798078,18.0749,56.0253716977313,15.9846,3.0,16.67893,3.0,12.69037,0.545143,64.4853,3.0
55.9758054977283,17.1431,56.0421388978139,17.0959,3.0,16.67908,3.0,11.86089,1.112156,62.3955,3.0
55.9921586969867,16.3568,56.0582894971594,14.0022,3.0,16.67897,3.0,12.43446,-0.968749,62.3492,3.0
56.0095116971061,15.3942,56.0753781972453,17.1909,3.0,16.67855,3.0,10.59576,0.526339,59.995,3.0
56.0253716977313,16.8411,56.0920245973393,16.6927,3.0,16.67861,3.0,9.565744,0.089834,61.7915,3.0
56.0421388978139,18.7158,56.108279096894,17.8969,3.0,16.67927,3.0,10.83165,0.031989,61.6429,3.0
56.0582894971594,16.3261,56.1256549963728,17.3356,3.0,16.67916,3.0,12.92796,0.425755,60.8252,3.0
56.0753781972453,16.8805,56.1422425964847,14.6854,3.0,16.67922,3.0,11.30477,-0.106672,61.8352,3.0
56.0920245973393,16.7007,56.1590078966692,16.7265,3.0,16.67923,3.0,10.21091,-0.809028,59.6408,3.0
56.108279096894,14.806,56.1755375964567,16.7294,3.0,16.67862,3.0,10.11495,-1.089806,59.6667,3.0
56.1256549963728,17.7322,56.1908002961427,16.9385,3.0,16.67896,3.0,11.47567,0.412317,61.5899,3.0
56.1422425964847,17.6642,56.2081921957433,17.4316,3.0,16.67928,3.0,11.94123,0.131595,60.7967,3.0
56.1590078966692,16.0006,56.2250765953213,17.2078,3.0,16.67906,3.0,12.73541,-0.536495,60.5653,3.0
56.1755375964567,17.2066,56.2420565951616,14.9074,3.0,16.67923,3.0,11.18188,0.530041,61.7732,3.0
56.1908002961427,14.7414,56.2598522957414,17.8754,3.0,16.6786,3.0,11.3784,1.427682,59.4741,3.0
56.2081921957433,16.0311,56.275586495176,17.2883,3.0,16.67839,3.0,11.64429,0.415754,62.6078,3.0
56.2250765953213,19.0347,56.2925481945276,17.0951,3.0,16.67916,3.0,12.06556,-0.462121,63.8659,3.0
56.2420565951616,16.6934,56.3084738943726,16.396,3.0,16.67916,3.0,9.061918,0.413041,61.9263,3.0
56.2598522957414,16.2009,56.3261247947812,15.3421,3.0,16.67901,3.0,8.183646,-0.711843,61.6293,3.0
56.275586495176,15.6638,56.3419298939407,15.8198,3.0,16.67868,3.0,9.485121,-0.626835,60.7712,3.0
56.2925481945276,16.2147,56.3598665930331,19.9241,3.0,16.67853,3.0,12.40546,0.171889,60.9272,3.0
56.3084738943726,18.5494,56.3775735925883,17.6567,3.0,16.67913,3.0,11.52444,0.196011,64.6306,3.0
56.3261247947812,16.6285,56.3923902921379,15.0605,3.0,16.67912,3.0,10.90454,-0.257207,63.7456,3.0
56.3419298939407,17.5935,56.4089996926486,14.3947,3.0,16.67941,3.0,10.28061,0.140709,62.1785,3.0
56.3598665930331,14.2533,56.426325192675,17.4431,3.0,16.67863,3.0,9.952789,0.128789,58.9796,3.0
56.3775735925883,16.4897,56.4422546923161,17.3642,3.0,16.67856,3.0,11.69231,-0.704984,62.1604,3.0
56.3923902921379,18.4475,56.4594782926142,17.568,3.0,16.67914,3.0,10.40309,-0.088149,63.0442,3.0
56.4089996926486,17.0335,56.4748227922246,15.6033,3.0,16.67925,3.0,9.839711,-0.693789,62.1591,3.0
56.426325192675,17.1804,56.4921942921355,15.2729,3.0,16.67942,3.0,9.573784,-0.540418,60.7362,3.0
56.4422546923161,14.5185,56.5095890918747,17.6369,3.0,16.67872,3.0,12.03635,-0.662535,58.8288,3.0
56.4594782926142,16.8127,56.5259199915454,17.7456,3.0,16.67876,3.0,11.88499,0.636953,61.9469,3.0
56.4748227922246,17.5645,56.5424627913162,17.2163,3.0,16.67905,3.0,10.99482,-0.082297,62.88,3.0
56.4921942921355,17.4679,56.5588617911562,16.1648,3.0,16.6793,3.0,10.44143,0.116417,62.5326,3.0
56.5095890918747,16.8063,56.5762355914339,15.4401,3.0,16.67934,3.0,10.23515,0.177833,61.2306,3.0
56.5259199915454,14.5674,56.5917519917712,15.4202,3.0,16.67866,3.0,11.1287,0.182268,59.8643,3.0
56.5424627913162,18.1483,56.6087467921898,18.5514,3.0,16.67913,3.0,11.78208,1.155557,60.7171,3.0
56.5588617911562,16.7273,56.6261346926913,17.5613,3.0,16.67915,3.0,10.03387,-1.411365,61.1212,3.0
56.5762355914339,16.8676,56.6416754927486,15.7956,3.0,16.67921,3.0,9.745432,1.406764,61.9552,3.0
56.5917519917712,17.2708,56.659719992429,16.0316,3.0,16.6794,3.0,9.694843,0.370259,60.8838,3.0
56.6087467921898,14.4297,56.6756175924093,16.1389,3.0,16.67868,3.0,10.70156,-0.894444,59.6451,3.0
56.6261346926913,16.1165,56.6933740917593,19.2988,3.0,16.67849,3.0,13.16714,-0.685247,61.3544,3.0
56.6416754927486,19.1596,56.7104118913412,17.0119,3.0,16.6793,3.0,8.544841,0.254559,64.5371,3.0
56.659719992429,16.3939,56.7261002920568,16.0205,3.0,16.6792,3.0,9.615144,0.163948,62.3904,3.0
56.6756175924093,16.5241,56.7418294921517,13.5518,3.0,16.67915,3.0,12.69505,-0.293668,62.0176,3.0
56.6933740917593,15.0225,56.7591507919133,17.4154,3.0,16.67862,3.0,12.47534,-0.274994,59.0456,3.0
56.7104118913412,16.7513,56.7762646917254,17.0872,3.0,16.67864,3.0,11.44415,-0.106714,61.4392,3.0
56.7261002920568,18.3171,56.7919618915766,17.5761,3.0,16.67917,3.0,9.476468,-1.026635,61.7759,3.0
56.7418294921517,17.2581,56.8092522919178,17.8626,3.0,16.67936,3.0,10.29219,0.509245,61.0072,3.0
56.7591507919133,16.4157,56.8261664919555,16.486,3.0,16.67927,3.0,12.15871,0.145142,61.6399,3.0
56.7762646917254,16.6989,56.8420696910471,14.377,3.0,16.67928,3.0,11.77464,0.457524,61.711,3.0
56.7919618915766,13.9608,56.8592763915658,16.8087,3.0,16.6784,3.0,11.20286,-0.502984,59.389,3.0
56.8092522919178,17.1159,56.8762311916798,18.6329,3.0,16.67854,3.0,9.251258,-0.455849,62.2373,3.0
56.8261664919555,18.1068,56.8935310915112,17.1688,3.0,16.679,3.0,9.237376,-0.319335,63.7549,3.0
56.8420696910471,17.0573,56.9090049918741,13.8445,3.0,16.67913,3.0,11.32328,-0.56124,62.8174,3.0
56.8592763915658,17.7545,56.9261635914445,17.1972,3.0,16.67947,3.0,11.53145,-0.287168,59.6051,3.0
56.8762311916798,13.0041,56.9422318916768,16.0594,3.0,16.67829,3.0,10.42743,-0.360646,59.0481,3.0
56.8935310915112,17.0116,56.9592478908598,18.7965,3.0,16.6784,3.0,10.30704,0.562618,62.1041,3.0
56.9090049918741,18.6607,56.975872490555,16.5814,3.0,16.67903,3.0,12.47427,-0.422117,63.8803,3.0
56.9261635914445,16.4669,56.9929658900946,15.3098,3.0,16.67897,3.0,12.23795,-1.165222,61.8105,3.0
56.9422318916768,16.7601,57.0104418899864,17.5358,3.0,16.67899,3.0,12.14788,0.6227,60.6537,3.0
56.9592478908598,14.945,57.0262203905731,15.6798,3.0,16.67843,3.0,9.606617,-0.214777,61.4298,3.0
56.975872490555,17.311,57.0432542897761,18.9347,3.0,16.67864,3.0,9.964022,-0.032468,62.1646,3.0
56.9929658900946,18.0239,57.0585295893252,15.5298,3.0,16.67907,3.0,11.0554,-0.47755,63.7894,3.0
57.0104418899864,15.9909,57.0761296898127,17.5695,3.0,16.67885,3.0,11.05008,-0.392574,61.2953,3.0
57.0262203905731,17.5154,57.0954313892871,17.2161,3.0,16.67912,3.0,10.10707,-0.687827,62.8744,3.0
57.0432542897761,14.4973,57.1093660891056,13.9162,3.0,16.67842,3.0,9.92395,0.421047,62.576,3.0
57.0585295893252,16.4912,57.126329889521,16.8808,3.0,16.67836,3.0,10.14377,-0.261286,61.9949,3.0
57.0761296898127,17.0342,57.1432278901339,18.5514,3.0,16.67847,3.0,11.97293,-0.57038,62.3801,3.0
57.0954313892871,18.3337,57.1596681904048,16.5438,3.0,16.679,3.0,12.53415,-0.646868,63.9022,3.0
57.1093660891056,16.6952,57.1776613909751,16.4258,3.0,16.67901,3.0,9.454986,-0.271556,62.1129,3.0
57.126329889521,17.1,57.1932310909033,15.5012,3.0,16.67914,3.0,10.01918,-0.454822,61.8362,3.0
57.1432278901339,14.6006,57.209039689973,15.8017,3.0,16.67848,3.0,10.39687,-0.214764,60.2291,3.0
57.1596681904048,16.6315,57.2260665893555,18.8477,3.0,16.67846,3.0,10.43966,-0.131455,61.4465,3.0
57.1776613909751,18.3972,57.2429054901004,16.6057,3.0,16.67901,3.0,12.12002,-0.229328,63.6634,3.0
57.1932310909033,16.2863,57.2589115910232,16.6356,3.0,16.67889,3.0,12.20216,-0.002688,61.8726,3.0
57.209039689973,17.0528,57.2765428908169,17.2389,3.0,16.679,3.0,10.08535,-0.422453,62.1784,3.0
57.2260665893555,14.9499,57.2929073907435,14.5583,3.0,16.67845,3.0,10.14753,0.478364,62.3903,3.0
57.2429054901004,16.6641,57.310637390241,17.7598,3.0,16.67845,3.0,9.742588,1.476282,62.0173,3.0
57.2589115910232,16.4369,57.326513690874,17.8982,3.0,16.67837,3.0,11.75135,-0.577098,63.1133,3.0
57.2765428908169,18.3085,57.3421691916883,15.4284,3.0,16.67889,3.0,12.09104,0.418734,64.5755,3.0
57.2929073907435,17.22,57.3604785911739,18.4135,3.0,16.67906,3.0,9.404018,-0.446514,61.6959,3.0
57.310637390241,16.2453,57.3768413905054,14.2596,3.0,16.67893,3.0,8.186198,-0.584103,62.8896,3.0
57.326513690874,15.0682,57.3929041903466,18.0024,3.0,16.67841,3.0,10.23917,0.525571,60.9039,3.0
57.3421691916883,17.2139,57.4097533896565,16.6482,3.0,16.67858,3.0,11.32101,-0.087874,63.8381,3.0
57.3604785911739,17.697,57.4263174887747,16.7709,3.0,16.67891,3.0,12.2659,-0.398832,63.2732,3.0
57.3768413905054,17.3199,57.4431892894208,17.1324,3.0,16.67911,3.0,10.52653,-0.016403,62.3471,3.0
57.3929041903466,17.5323,57.459059888497,13.7761,3.0,16.67938,3.0,9.443074,-0.023952,62.1604,3.0
57.4097533896565,14.0615,57.4762999881059,17.1963,3.0,16.67855,3.0,9.827032,0.429117,58.4046,3.0
57.4263174887747,16.8232,57.4930405877531,18.3207,3.0,16.6786,3.0,12.2445,0.638974,61.5396,3.0
57.4431892894208,17.9351,57.5092221871018,16.3303,3.0,16.679,3.0,11.86485,0.427355,63.037,3.0
57.459059888497,17.0306,57.5272976867855,18.5595,3.0,16.67911,3.0,10.24278,0.631299,61.4256,3.0
57.4762999881059,16.8346,57.5428198864684,13.3484,3.0,16.67916,3.0,9.668226,1.152909,62.9625,3.0
57.4930405877531,14.6932,57.5600595856085,17.2928,3.0,16.67853,3.0,9.090745,-0.206593,59.4769,3.0
57.5092221871018,16.6736,57.5778739852831,19.677,3.0,16.67852,3.0,11.254,0.066455,62.0769,3.0
57.5272976867855,18.8357,57.5929397856817,14.8188,3.0,16.67921,3.0,11.00429,-0.120009,65.0805,3.0
57.5428198864684,17.0155,57.6091105854139,16.6229,3.0,16.67932,3.0,8.871493,-0.032364,61.0636,3.0
57.5600595856085,16.1854,57.6259870855138,16.4342,3.0,16.67916,3.0,10.19335,-0.757758,60.6719,3.0
57.5778739852831,14.1572,57.6454408848658,17.7246,3.0,16.67836,3.0,9.603909,-0.291549,60.9092,3.0
57.5929397856817,16.8622,57.6589072849602,13.4132,3.0,16.67842,3.0,11.93626,0.327984,64.4885,3.0
57.6091105854139,16.9556,57.6772662848234,20.1436,3.0,16.6785,3.0,11.77096,-0.587661,61.0397,3.0
57.6259870855138,17.8261,57.6929499842227,15.6988,3.0,16.67887,3.0,12.50665,-0.371081,64.228,3.0
57.6454408848658,17.0558,57.7119730841368,19.442,3.0,16.67899,3.0,10.62212,-0.372826,62.1013,3.0
57.6589072849602,16.216,57.7261239839718,12.0876,3.0,16.67884,3.0,9.714361,0.312207,64.4883,3.0
57.6772662848234,15.4438,57.7430473836139,16.8335,3.0,16.67845,3.0,10.34008,-0.257161,60.3601,3.0
57.6929499842227,16.4592,57.7599827842787,16.9363,3.0,16.67838,3.0,12.11463,0.051565,61.75,3.0
57.7119730841368,18.7342,57.7780395848677,19.9239,3.0,16.67903,3.0,12.21569,-0.295886,62.2275,3.0
57.7261239839718,16.2167,57.7932320851833,15.3927,3.0,16.67889,3.0,9.611961,-0.084499,63.4178,3.0
57.7430473836139,17.4023,57.8105362858623,17.0264,3.0,16.67911,3.0,10.06534,-0.001809,62.5943,3.0
57.7599827842787,16.0556,57.8268982861191,14.7071,3.0,16.67892,3.0,9.401286,0.421987,62.2182,3.0
57.7780395848677,14.8152,57.8430421855301,16.0636,3.0,16.67833,3.0,12.1344,-0.339644,60.8702,3.0
57.7932320851833,16.6121,57.8603791855276,17.2951,3.0,16.67831,3.0,11.66081,-0.363245,62.1189,3.0
57.8105362858623,19.1758,57.876946086064,16.4848,3.0,16.6791,3.0,10.17921,-0.864306,62.8028,3.0
57.8268982861191,14.6784,57.894392285496,19.186,3.0,16.67846,3.0,9.627444,-0.499146,60.1053,3.0
57.8430421855301,18.611,57.9101927857846,15.8886,3.0,16.67908,3.0,10.01915,-0.281643,64.6194,3.0
57.8603791855276,17.0162,57.926526285708,14.5973,3.0,16.67918,3.0,11.92331,-0.204347,61.8985,3.0
57.876946086064,16.927,57.942895386368,16.3936,3.0,16.67926,3.0,12.55265,-0.453646,59.4707,3.0
57.894392285496,14.1686,57.9601883869618,17.1973,3.0,16.67847,3.0,10.71474,0.028779,58.9458,3.0
57.9101927857846,18.8994,57.976724486798,18.5013,3.0,16.67917,3.0,10.42165,-1.056359,61.9754,3.0
57.926526285708,16.0066,57.9940940868109,17.5137,3.0,16.67896,3.0,9.879946,-0.577895,61.5778,3.0
57.942895386368,16.9607,58.0100748874247,15.9295,3.0,16.67904,3.0,12.30482,-0.799372,63.0851,3.0
57.9601883869618,16.8628,58.0273712873459,17.1676,3.0,16.6791,3.0,11.85476,0.152386,62.0551,3.0
57.976724486798,15.0093,58.0429356871173,13.6871,3.0,16.67858,3.0,11.65629,-0.770498,62.36,3.0
57.9940940868109,16.3591,58.0603069877252,17.5191,3.0,16.67848,3.0,10.55447,-0.041402,61.038,3.0
58.0100748874247,16.9938,58.0761237880215,17.4107,3.0,16.67858,3.0,10.64811,-1.029999,62.1978,3.0
58.0273712873459,18.2122,58.0951850889251,19.0376,3.0,16.67906,3.0,11.5942,0.577779,62.6155,3.0
58.0429356871173,16.3542,58.1107283886522,13.759,3.0,16.67896,3.0,12.4472,0.097418,63.4414,3.0
58.0603069877252,16.6098,58.126322388649,15.6069,3.0,16.67893,3.0,11.8423,-0.563163,60.8463,3.0
58.0761237880215,14.9103,58.1430656891316,16.7525,3.0,16.67838,3.0,12.63772,0.619158,59.8438,3.0
58.0951850889251,18.9938,58.1608163882047,19.5317,3.0,16.67911,3.0,9.294082,0.609353,61.6864,3.0
58.1107283886522,16.3295,58.1770419888198,16.128,3.0,16.679,3.0,9.639163,-0.230215,62.2245,3.0
58.126322388649,16.3119,58.1940904892981,15.4065,3.0,16.67888,3.0,10.46604,-0.32212,62.0237,3.0
58.1430656891316,17.7951,58.2115732897073,17.6091,3.0,16.67923,3.0,11.21975,-0.644901,61.1189,3.0
58.1608163882047,14.3791,58.2270439900458,15.2858,3.0,16.67851,3.0,11.07891,-0.422644,60.9269,3.0
58.1770419888198,16.5376,58.2445482909679,19.426,3.0,16.67846,3.0,10.42442,-0.425789,61.8014,3.0
58.1940904892981,19.1287,58.2607666905969,16.3339,3.0,16.67923,3.0,10.3067,1.713675,64.729,3.0
58.2115732897073,16.8386,58.2766856905073,14.072,3.0,16.67928,3.0,10.44904,-0.482813,61.9346,3.0
58.2270439900458,16.867,58.2946993913502,17.9466,3.0,16.67934,3.0,12.32819,0.059791,59.1685,3.0
58.2445482909679,14.5527,58.3118842914701,17.0728,3.0,16.67867,3.0,12.11312,-0.956888,60.2485,3.0
58.2607666905969,16.5283,58.3275153916329,17.5175,3.0,16.67863,3.0,7.647113,-0.63012,62.7691,3.0
58.2766856905073,18.5394,58.3432196918875,15.7836,3.0,16.67921,3.0,10.54851,0.113734,63.7578,3.0
58.2946993913502,16.6873,58.3599253911525,16.8915,3.0,16.67921,3.0,11.80799,0.136031,61.0034,3.0
58.3118842914701,16.9814,58.376837991178,14.822,3.0,16.67931,3.0,12.59362,-0.374709,61.2083,3.0
58.3275153916329,14.9839,58.3944113906473,17.6444,3.0,16.67878,3.0,12.37357,-0.137216,59.0492,3.0
58.3432196918875,16.5055,58.4101906903088,17.2685,3.0,16.67872,3.0,10.00517,-0.708231,61.7092,3.0
58.3599253911525,18.3916,58.426848391071,16.7869,3.0,16.67926,3.0,11.69391,-0.367033,62.473,3.0
58.376837991178,16.3945,58.444188291207,17.7281,3.0,16.67917,3.0,12.22752,0.110322,60.8692,3.0
58.3944113906473,17.3531,58.4605013914406,14.3488,3.0,16.67938,3.0,11.99983,-0.569725,62.2028,3.0
58.4101906903088,14.6736,58.4775450918823,17.0449,3.0,16.67875,3.0,10.72213,-0.702406,59.199,3.0
58.426848391071,16.2017,58.4943403918296,18.4808,3.0,16.6786,3.0,10.12368,0.04849,61.5696,3.0
58.444188291207,18.7288,58.5096069918945,15.3873,3.0,16.67924,3.0,9.823625,-0.915136,63.85,3.0
58.4605013914406,16.3695,58.5279472926632,18.4898,3.0,16.67915,3.0,12.39231,-0.543021,60.5091,3.0
58.4775450918823,16.9757,58.5445101922378,14.6703,3.0,16.67924,3.0,12.43391,0.006139,62.63,3.0
58.4943403918296,14.9806,58.5610977923498,16.3408,3.0,16.67871,3.0,9.926736,-1.035745,60.3245,3.0
58.5096069918945,17.2669,58.5774967921898,16.4775,3.0,16.6789,3.0,10.84222,-0.694709,61.6852,3.0
58.5279472926632,17.7687,58.5929692918435,15.4309,3.0,16.67923,3.0,12.22476,-0.321246,60.8963,3.0
58.5445101922378,16.6126,58.6107418918982,19.5205,3.0,16.67921,3.0,11.57275,0.122589,58.5592,3.0
58.5610977923498,16.8704,58.6277453927323,17.5378,3.0,16.67927,3.0,10.92511,-0.830663,61.4675,3.0
58.5774967921898,16.617,58.6446228930727,16.4518,3.0,16.67925,3.0,10.33605,-0.277825,62.1291,3.0
58.5929692918435,16.9574,58.6604995923117,14.3052,3.0,16.67934,3.0,10.30621,-0.025998,61.9705,3.0
58.6107418918982,14.1146,58.6783834928647,17.6945,3.0,16.67854,3.0,11.73176,-0.626101,59.3184,3.0
58.6277453927323,16.8509,58.6943998923525,15.9978,3.0,16.6786,3.0,10.71542,-0.350711,62.898,3.0
58.6446228930727,18.1442,58.7104773921892,17.7554,3.0,16.67905,3.0,10.295,-0.371478,62.0349,3.0
58.6604995923117,16.826,58.7274463931099,17.2688,3.0,16.6791,3.0,9.664501,-0.393844,61.6576,3.0
58.6783834928647,16.5605,58.7444272926077,16.7763,3.0,16.67906,3.0,12.37881,0.112872,62.1012,3.0
58.6943998923525,16.9681,58.7610741918907,14.972,3.0,16.67915,3.0,12.11268,1.11068,62.3166,3.0
58.7104773921892,14.8009,58.7770771915093,15.8766,3.0,16.67857,3.0,10.46354,-0.906955,60.3213,3.0
58.7274463931099,17.1288,58.7944979919121,19.3099,3.0,16.67871,3.0,10.43173,1.564365,61.3967,3.0
58.7444272926077,18.0925,58.8105946918949,15.9981,3.0,16.67915,3.0,9.51022,-0.143392,63.579,3.0
58.7610741918907,17.0573,58.8284672917798,15.9904,3.0,16.67926,3.0,10.69186,-0.206432,61.4849,3.0
58.7770771915093,16.715,58.8443776918575,15.8389,3.0,16.67927,3.0,12.68933,0.220117,60.4183,3.0
58.7944979919121,13.7334,58.8610065924004,16.6486,3.0,16.67836,3.0,8.466992,-0.067638,59.543,3.0
58.8105946918949,16.9578,58.8780355928466,18.9279,3.0,16.67845,3.0,10.21523,0.194609,62.4493,3.0
58.8284672917798,18.157,58.894736093469,16.7135,3.0,16.67891,3.0,9.818683,-0.377877,64.4293,3.0
58.8443776918575,17.213,58.9106128932908,14.093,3.0,16.67907,3.0,11.62934,-0.566094,62.9864,3.0
58.8610065924004,17.1866,58.9275737935677,17.1599,3.0,16.67923,3.0,11.82549,-1.382649,59.8669,3.0
58.8780355928466,14.9883,58.9444105932489,16.5661,3.0,16.6787,3.0,11.62698,0.196731,59.8061,3.0
58.894736093469,17.0948,58.9618147937581,19.3587,3.0,16.67883,3.0,10.46129,-0.438148,61.4182,3.0
58.9106128932908,18.4007,58.9780214941129,16.1209,3.0,16.67937,3.0,9.932249,0.210517,63.6827,3.0
58.9275737935677,16.7269,58.9943410949782,16.6027,3.0,16.67938,3.0,11.07077,-0.431224,61.4039,3.0
58.9444105932489,16.5887,59.0098488945514,13.44,3.0,16.67935,3.0,11.50995,-0.043349,61.2803,3.0
58.9618147937581,14.8927,59.0275623947382,17.5684,3.0,16.6788,3.0,12.23088,-1.31594,58.1318,3.0
58.9780214941129,16.377,59.0446726940572,19.109,3.0,16.67871,3.0,11.56752,-0.816957,60.8071,3.0
58.9943410949782,18.2296,59.0602721944451,15.7119,3.0,16.67919,3.0,12.29755,-0.101449,63.5392,3.0
59.0098488945514,17.0978,59.0773360952735,17.226,3.0,16.67932,3.0,11.96854,-0.666417,61.0234,3.0
59.0275623947382,16.87,59.0949586946517,15.3906,3.0,16.67937,3.0,11.29726,-0.214924,61.1515,3.0
59.0446726940572,14.6425,59.110789693892,15.8154,3.0,16.67875,3.0,12.54465,0.580354,59.6724,3.0
59.0602721944451,16.5995,59.1277163941413,18.9506,3.0,16.67872,3.0,11.97322,-0.165524,60.8451,3.0
59.0773360952735,18.4194,59.1449284944683,17.1354,3.0,16.67926,3.0,12.37322,1.102046,63.1963,3.0
59.0949586946517,16.5541,59.1613564938307,16.8712,3.0,16.67922,3.0,12.03235,-0.491776,61.913,3.0
59.110789693892,17.2747,59.1780538931489,14.4372,3.0,16.6794,3.0,9.585124,0.01458,62.2309,3.0
59.1277163941413,14.5015,59.1944873929024,16.5469,3.0,16.67873,3.0,10.09895,-0.175377,59.3935,3.0
59.1449284944683,17.2242,59.2112297937274,18.2513,3.0,16.6789,3.0,10.64468,-0.26086,61.4385,3.0
59.1613564938307,17.9195,59.2278260942549,16.9125,3.0,16.67928,3.0,12.18922,0.58528,62.4668,3.0
59.1780538931489,16.5529,59.2448360938579,17.1975,3.0,16.67924,3.0,11.80428,1.150571,61.4605,3.0
59.1944873929024,17.183,59.2623302936554,15.4417,3.0,16.6794,3.0,10.22986,0.628134,62.1052,3.0
59.2112297937274,14.796,59.2782466933131,15.8002,3.0,16.67882,3.0,10.37482,0.093007,60.3648,3.0
59.2278260942549,16.697,59.2944073937833,17.7296,3.0,16.67882,3.0,9.199229,0.297993,61.3685,3.0
59.2448360938579,18.2552,59.3109488934278,16.7388,3.0,16.67931,3.0,10.72667,-0.846667,62.4013,3.0
59.2623302936554,16.7185,59.3282465934753,17.6392,3.0,16.67932,3.0,11.22669,-0.759989,60.8861,3.0
59.2782466933131,16.9436,59.3445592932403,14.2082,3.0,16.6794,3.0,10.21541,-1.257537,61.8062,3.0
59.2944073937833,14.581,59.3623166941106,17.7938,3.0,16.67876,3.0,9.640467,-0.123392,59.0722,3.0
59.3109488934278,17.5047,59.3781460933387,17.3484,3.0,16.67901,3.0,10.50899,-0.158426,62.2847,3.0
59.3282465934753,17.9386,59.3964945934713,18.7023,3.0,16.6794,3.0,12.61824,0.322824,62.1291,3.0
59.3445592932403,17.1174,59.4124395940453,16.0746,3.0,16.67953,3.0,13.00499,-0.49702,62.8936,3.0
59.3623166941106,16.4356,59.4271385939792,12.6699,3.0,16.67946,3.0,10.29253,-0.098893,61.8516,3.0
59.3781460933387,14.361,59.4441208941862,17.053,3.0,16.67875,3.0,10.18098,-0.064681,58.0857,3.0
59.3964945934713,16.6022,59.4621239947155,19.6359,3.0,16.67872,3.0,9.34222,0.68574,60.7776,3.0
59.4124395940453,18.3663,59.4786615939811,16.7867,3.0,16.67924,3.0,12.29949,0.027746,63.8123,3.0
59.4271385939792,17.1669,59.4950823942199,16.6079,3.0,16.67939,3.0,12.04758,-0.701652,62.2274,3.0
59.4441208941862,17.8318,59.5106449946761,13.3234,3.0,16.67974,3.0,10.11036,-0.607743,61.6748,3.0
59.4621239947155,13.25,59.5271573942155,16.6743,3.0,16.67869,3.0,9.373654,0.310772,57.1666,3.0
59.4786615939811,17.0854,59.5442083943635,18.5701,3.0,16.67882,3.0,9.808652,0.795782,60.591,3.0
59.4950823942199,18.1073,59.5616388935596,17.5677,3.0,16.67925,3.0,12.50324,-0.725178,62.0757,3.0
59.5106449946761,16.6612,59.5783800929785,17.2224,3.0,16.67925,3.0,12.54143,-0.16054,61.5365,3.0
59.5271573942155,17.2689,59.5948673933744,16.1429,3.0,16.67943,3.0,11.49442,1.184849,62.0983,3.0
59.5442083943635,14.8167,59.6122269928455,15.3753,3.0,16.67886,3.0,9.302178,-1.26132,60.9731,3.0
59.5616388935596,17.2464,59.628261892125,16.0594,3.0,16.67903,3.0,10.56634,-0.662177,61.5316,3.0
59.5783800929785,16.167,59.6454833913594,17.4843,3.0,16.67888,3.0,10.08975,-0.33116,60.3447,3.0
59.5948673933744,18.3581,59.6622016914189,18.378,3.0,16.67939,3.0,10.63242,-0.21026,61.6628,3.0
59.6122269928455,15.5429,59.6778554916382,15.9961,3.0,16.67904,3.0,13.09578,-0.339123,61.6833,3.0
59.628261892125,16.3584,59.6949152909219,16.714,3.0,16.67894,3.0,10.75766,0.775608,62.1371,3.0
59.6454833913594,17.7804,59.7132221907377,16.4447,3.0,16.67928,3.0,10.40946,0.441911,62.4772,3.0
59.6622016914189,14.3372,59.728854291141,15.6841,3.0,16.67857,3.0,9.843023,-0.489801,61.1578,3.0
59.6778554916382,16.8016,59.745385190472,16.3915,3.0,16.6786,3.0,12.18389,-0.045043,62.5046,3.0
59.6949152909219,16.8684,59.7623651903123,17.2654,3.0,16.67866,3.0,11.13599,-1.088448,62.0831,3.0
