5.01784389000386, 16.7702,5.05227029044181, 16.9524,0,16.7702,1,-31.43693,0.469933,26.1711,1
5.03507199045271, 16.5906,5.06918779108673, 15.0148,1,16.6804,1,-3.074433,-0.633334,25.5968,1
5.05227029044181, 16.4884,5.08560539130121, 17.9714,1,16.6164,1,13.35557,-1.094501,25.0008,1
5.06918779108673, 17.1675,5.10160749126226, 14.598,1,16.75418,1,14.59173,-0.067568,26.4843,1
5.08560539130121, 16.7774,5.11761469114572, 15.8966,1,16.75882,1,16.9641,-0.183635,23.91,1
5.10160749126226, 17.998,5.13587439153343, 19.7805,1,16.96535,1,17.42717,0.359598,23.0164,1
5.11761469114572, 15.2606,5.15263589192182, 17.1913,1,16.72181,1,16.39724,-0.500569,24.8193,1
5.13587439153343, 16.3131,5.1692870920524, 15.1486,1,16.67072,1,16.3833,-0.082236,26.7502,1
5.15263589192182, 16.7105,5.18557219114155, 17.9538,1,16.67514,1,15.90457,-0.580803,25.5852,1
5.1692870920524, 16.5777,5.20266179088503, 16.5448,1,16.6654,1,16.83534,-0.57867,26.8278,1
5.18557219114155, 16.9739,5.21902029123157, 14.8408,1,16.69345,1,16.4117,-0.846737,26.8001,1
5.20266179088503, 16.8725,5.23590749036521, 18.3777,1,16.70837,1,16.91747,0.837196,24.6673,1
5.21902029123157, 16.1115,5.25285028945655, 17.0317,1,16.66245,1,16.87574,0.289733,26.1724,1
5.23590749036521, 17.5228,5.26899638865143, 16.5369,1,16.72391,1,15.6837,0.219566,27.0925,1
5.25285028945655, 14.834,5.28596388828009, 14.9516,1,16.59791,1,-55.10273,-1.423101,26.1075,1
5.26899638865143, 18.2683,5.30316608864814, 19.1005,1,16.70231,1,5.510067,0.814532,26.2247,1
5.28596388828009, 16.2905,5.31892508920282, 13.9267,1,16.67809,1,9.650134,-0.700735,27.057,1
5.30316608864814, 16.7968,5.33613258879632, 18.9258,1,16.68468,1,10.7948,-0.833702,24.692,1
5.31892508920282, 16.4133,5.35386718902737, 17.5165,1,16.6704,1,11.03507,0.156931,26.8266,1
5.33613258879632, 17.4726,5.36970668938011, 14.5232,1,16.71051,1,8.440635,0.752964,27.9305,1
5.35386718902737, 15.8888,5.38559308927506, 15.7059,1,16.67138,1,10.6939,-0.576703,24.9812,1
5.36970668938011, 16.585,5.4018571889028, 17.9156,1,16.66745,1,10.22577,-0.27257,24.7989,1
5.38559308927506, 16.8428,5.41988858859986, 16.3705,1,16.67508,1,9.568636,-0.893037,26.1299,1
5.4018571889028, 17.022,5.43585598934442, 17.5338,1,16.68953,1,8.860103,-0.155704,25.6581,1
5.41988858859986, 17.1108,5.45267878938466, 15.3145,1,16.70638,1,11.67427,-0.713171,26.1704,1
5.43585598934442, 15.947,5.46960288938135, 18.4003,1,16.67718,1,7.423037,0.761162,24.3734,1
5.45267878938466, 16.7186,5.48593898955733, 16.519,1,16.67871,1,12.1251,-0.184105,26.8284,1
5.46960288938135, 17.1898,5.50277388934046, 15.0603,1,16.69696,1,9.784971,0.253828,26.6289,1
5.48593898955733, 16.2507,5.51895078923553, 17.9341,1,16.68158,1,10.06194,-0.015239,24.4998,1
5.50277388934046, 16.8437,5.5355095891282, 14.8814,1,16.68698,1,8.531905,-0.137506,26.1832,1
5.51895078923553, 16.6215,5.55253458861262, 17.1497,1,16.68487,1,9.407372,-0.746873,24.2215,1
5.5355095891282, 18.5579,5.57039778772742, 19.3837,1,16.7434,1,9.001939,-1.79134,24.7498,1
5.55253458861262, 16.094,5.58570188749582, 14.9946,1,16.72372,1,9.496106,1.019493,25.5754,1
5.57039778772742, 16.0153,5.60266548674554, 15.6701,1,16.70288,1,9.643973,-0.096174,24.4749,1
5.58570188749582, 17.5999,5.62072298582643, 17.9767,1,16.72851,1,9.99664,0.449859,24.1352,1
5.60266548674554, 14.3724,5.63593938574195, 15.1771,1,16.66307,1,11.31751,-0.459008,24.5122,1
5.62072298582643, 16.9798,5.65592938661575, 20.1663,1,16.67163,1,8.310674,-0.158575,25.3171,1
5.63593938574195, 17.9645,5.670250386931, 15.3986,1,16.70565,1,7.901141,-0.109042,28.5039,1
5.65592938661575, 15.2506,5.68665738683194, 15.2001,1,16.66834,1,8.833808,-0.287909,25.938,1
5.670250386931, 16.4793,5.70421818736941, 17.5772,1,16.66361,1,10.14128,-0.760376,25.8885,1
5.68665738683194, 16.7972,5.7192280869931, 15.0097,1,16.66687,1,9.490142,0.247457,26.9867,1
5.70421818736941, 17.0441,5.73740318790078, 18.3325,1,16.67585,1,9.548409,-0.02711,25.1996,1
5.7192280869931, 16.6896,5.75263918749988, 16.712,1,16.67617,1,9.757176,-1.054977,26.488,1
5.73740318790078, 16.4814,5.76906158775091, 14.8471,1,16.67175,1,11.97374,0.031956,26.5106,1
5.75263918749988, 17.4454,5.78573388792574, 17.9882,1,16.68894,1,9.42051,-0.354611,24.8768,1
5.76906158775091, 16.2772,5.80370698869228, 18.0986,1,16.67999,1,9.868977,0.006522,25.4203,1
5.78573388792574, 16.6785,5.82013708911836, 14.8497,1,16.67996,1,12.30034,0.411455,27.2417,1
5.80370698869228, 16.7467,5.83585998974741, 17.154,1,16.68135,1,9.641611,-0.292812,25.4131,1
5.82013708911836, 17.024,5.85295888967812, 17.1184,1,16.68834,1,10.09198,-0.653379,25.8205,1
5.83585998974741, 15.8368,5.86908219009638, 14.7211,1,16.67131,1,11.09715,0.133754,25.9147,1
5.85295888967812, 17.0157,5.88576908968389, 18.2304,1,16.67806,1,8.915512,-0.135513,24.7998,1
5.86908219009638, 16.5345,5.90291758999228, 15.5615,1,16.6753,1,9.885779,-0.80598,26.0147,1
5.88576908968389, 16.5229,5.91965899057686, 18.4703,1,16.67243,1,11.72125,-0.914147,25.0417,1
5.90291758999228, 18.0442,5.93593868985772, 14.8392,1,16.69783,1,9.165813,-0.274514,26.9891,1
5.91965899057686, 16.7127,5.95281638950109, 18.1394,1,16.6981,1,11.49938,0.184619,23.7845,1
5.93593868985772, 15.871,5.96992258913815, 15.6856,1,16.68333,1,10.62045,-0.615648,25.2116,1
5.95281638950109, 17.1625,5.98709808848798, 18.8926,1,16.69174,1,10.45931,-0.771915,25.0264,1
5.96992258913815, 16.6899,6.00291748903692, 14.0018,1,16.69171,1,10.17518,-0.760882,26.7565,1
5.98709808848798, 16.4134,6.02030328847468, 18.8058,1,16.68699,1,9.501248,0.510751,24.0688,1
6.00291748903692, 16.7692,6.03665528818965, 14.8449,1,16.68836,1,11.88612,-0.831816,26.4618,1
6.02030328847468, 16.3751,6.05271668732166, 17.6495,1,16.68322,1,10.40898,1.390817,24.5378,1
6.03665528818965, 17.3992,6.07023128680885, 16.0372,1,16.69477,1,10.53895,-0.85085,25.8115,1
6.05271668732166, 15.9877,6.08683398738503, 17.9227,1,16.68355,1,8.749616,-1.358617,24.4505,1
6.07023128680885, 17.707,6.10289858654141, 14.6721,1,16.69954,1,10.09488,-0.819084,26.3858,1
6.08683398738503, 15.4366,6.12031028605998, 18.7405,1,16.68011,1,7.95315,0.551149,23.3499,1
6.10289858654141, 17.0891,6.13594898581505, 16.2159,1,16.68631,1,9.714517,-0.424018,26.6518,1
6.12031028605998, 15.8994,6.15412838570774, 16.6861,1,16.67456,1,12.81728,-0.365985,25.7858,1
6.13594898581505, 16.8261,6.17057618498802, 17.561,1,16.67679,1,10.90845,-0.077852,26.5722,1
6.15412838570774, 17.4859,6.18679248541594, 16.4955,1,16.68851,1,8.967818,-0.328819,27.3074,1
6.17057618498802, 16.2071,6.20420878566802, 15.8744,1,16.68164,1,9.921985,-0.846586,26.3172,1
6.18679248541594, 17.1467,6.21990168653429, 16.8091,1,16.68819,1,9.792452,0.492747,25.9848,1
6.20420878566802, 16.5049,6.23774198628962, 18.2278,1,16.68564,1,9.657119,0.70418,25.6474,1
6.21990168653429, 16.2197,6.25394928641617, 14.4912,1,16.67926,1,9.758286,-0.829387,27.3705,1
6.23774198628962, 15.8557,6.27169278636575, 19.3659,1,16.66813,1,10.10085,0.569346,25.6425,1
6.25394928641617, 17.7648,6.28689528629184, 13.5831,1,16.68275,1,9.11852,-0.759321,29.153,1
6.27169278636575, 16.3742,6.30457118712366, 19.0255,1,16.67869,1,8.706187,-0.576888,24.9713,1
6.28689528629184, 17.5755,6.31977618671954, 13.8687,1,16.69034,1,12.02945,-0.704455,27.6229,1
6.30457118712366, 15.6718,6.33740578591824, 19.3812,1,16.67728,1,8.917421,0.026878,23.9162,1
6.31977618671954, 17.4968,6.35409488528967, 15.1891,1,16.68765,1,11.90769,-1.343489,27.6257,1
6.33740578591824, 15.941,6.37098488584161, 18.1858,1,16.67832,1,10.28205,0.626144,25.3182,1
6.35409488528967, 16.7644,6.38731568492949, 16.8573,1,16.67938,1,10.11592,0.536377,27.5633,1
6.37098488584161, 17.1792,6.40385498479009, 14.4566,1,16.68548,1,9.651989,-1.22119,27.6561,1
6.38731568492949, 16.157,6.42107748426497, 18.6847,1,16.67911,1,11.05176,-0.430357,24.9339,1
6.40385498479009, 16.5846,6.4379176851362, 15.4217,1,16.67799,1,9.107023,-0.098524,27.4616,1
6.42107748426497, 17.2376,6.45425618439913, 17.9779,1,16.68457,1,10.70789,-0.966691,26.2991,1
6.4379176851362, 16.5579,6.47177098505199, 16.0879,1,16.6831,1,11.15266,0.111442,27.0398,1
6.45425618439913, 16.2348,6.48695518542081, 16.484,1,16.67794,1,9.652024,-0.289325,26.5699,1
6.47177098505199, 17.1626,6.50309608597308, 14.5871,1,16.68345,1,9.513191,-0.077792,26.8195,1
6.48695518542081, 16.4343,6.52221498545259, 20.8521,1,16.68065,1,10.44566,0.202941,24.2444,1
6.50309608597308, 16.8829,6.53715598583221, 14.9806,1,16.6829,1,9.504525,-0.601826,28.6623,1
6.52221498545259, 16.5744,6.55438108555973, 15.6457,1,16.68171,1,11.37109,-0.330693,26.7606,1
6.53715598583221, 16.0395,6.57095778547227, 17.9421,1,16.67473,1,9.815459,-0.83836,25.8314,1
6.55438108555973, 17.8396,6.58802388608456, 17.2901,1,16.68725,1,9.485826,-0.092727,27.7347,1
6.57095778547227, 16.1712,6.60405768640339, 14.456,1,16.68176,1,9.187093,-0.553394,27.1853,1
6.58802388608456, 16.3371,6.62026088684797, 17.396,1,16.67813,1,9.89006,0.052439,25.4705,1
6.60405768640339, 16.7334,6.63693998754025, 17.0079,1,16.67871,1,12.09923,-0.286128,26.53,1
6.62026088684797, 17.2477,6.6534777879715, 14.8212,1,16.68458,1,9.797294,-1.232495,26.8045,1
6.63693998754025, 16.1288,6.66974148713052, 17.7853,1,16.67891,1,12.01456,0.331238,24.3782,1
6.6534777879715, 17.063,6.68775518797338, 18.5204,1,16.68279,1,9.494428,0.439671,26.0346,1
6.66974148713052, 16.5766,6.70416528731585, 14.5095,1,16.68172,1,9.782095,0.092604,27.4924,1
6.68775518797338, 16.3913,6.71983688697219, 16.9342,1,16.67885,1,10.54736,0.186337,25.4251,1
6.70416528731585, 16.9457,6.7372173871845, 18.0316,1,16.68146,1,9.273429,-0.08833,25.9683,1
6.71983688697219, 16.9009,6.75364258699119, 14.5895,1,16.6836,1,10.666,-1.210897,27.0547,1
6.7372173871845, 16.9237,6.77094618789852, 18.5609,1,16.6859,1,9.322663,0.670536,24.7435,1
6.75364258699119, 16.8188,6.78788668848574, 15.4824,1,16.68717,1,11.01203,-0.537131,26.3808,1
6.77094618789852, 16.6127,6.80395078845322, 17.5015,1,16.68647,1,9.964497,0.811402,25.0445,1
6.78788668848574, 16.329,6.82121438905597, 17.7294,1,16.68313,1,10.84126,0.244135,25.9335,1
6.80395078845322, 16.1494,6.837188789621, 14.0421,1,16.67818,1,8.850831,0.668968,27.3345,1
6.82121438905597, 17.7802,6.85459258966148, 19.0048,1,16.68829,1,10.2333,-1.433799,25.2275,1
6.837188789621, 15.9603,6.87198138982058, 17.8817,1,16.68168,1,10.42947,0.255534,26.4518,1
6.85459258966148, 16.2546,6.88744368962944, 13.3963,1,16.67783,1,9.308132,-0.305433,28.3735,1
6.87198138982058, 16.8719,6.90444698929787, 18.6473,1,16.67956,1,8.725799,1.1843,25.5152,1
6.88744368962944, 16.785,6.92215368896723, 18.0309,1,16.68049,1,11.07227,0.226233,27.2909,1
6.90444698929787, 16.6322,6.93663028907031, 13.8887,1,16.68007,1,9.154933,-0.544834,28.5372,1
6.92215368896723, 15.9292,6.95383848901838, 17.6011,1,16.67354,1,10.0308,-0.132801,25.7938,1
6.93663028907031, 17.3937,6.97006568964571, 16.1379,1,16.67975,1,8.045367,-1.103568,27.4662,1
6.95383848901838, 16.4902,6.98764938954264, 15.964,1,16.67813,1,10.93103,-1.568235,26.2104,1
6.97006568964571, 17.0556,7.00426828954369, 18.2924,1,16.68133,1,10.0638,-0.167802,25.6834,1
6.98764938954264, 16.5365,7.02162329014391, 17.5702,1,16.68011,1,9.541468,0.142631,26.9216,1
7.00426828954369, 16.1455,7.03806918952614, 14.5455,1,16.67566,1,10.94913,-0.367136,27.9556,1
7.02162329014391, 16.7073,7.05385318864137, 17.423,1,16.67592,1,11.2346,-0.879003,26.3559,1
7.03806918952614, 17.3037,7.07063468825072, 17.0957,1,16.68106,1,11.38067,0.50413,27.0719,1
7.05385318864137, 16.1262,7.087033088319, 14.3929,1,16.67655,1,9.368136,-0.554937,26.8643,1
7.07063468825072, 16.3357,7.10381928924471, 18.6006,1,16.6738,1,9.553903,-0.146704,25.1308,1
7.087033088319, 17.4364,7.11978858988732, 15.884,1,16.6799,1,10.50057,-1.193471,27.3963,1
7.10381928924471, 16.1149,7.1374034890905, 16.0907,1,16.67542,1,8.753637,-0.330638,25.8442,1
7.11978858988732, 17.1116,7.15488268900663, 19.1013,1,16.67886,1,10.3079,-0.046505,25.82,1
7.1374034890905, 16.6298,7.1705071888864, 15.596,1,16.67847,1,10.32977,0.149828,27.8097,1
7.15488268900663, 16.3571,7.18694858811796, 14.6579,1,16.67598,1,12.47264,-0.573039,26.7753,1
7.1705071888864, 16.8104,7.20377628877759, 18.4563,1,16.67701,1,10.2108,0.073394,25.0749,1
7.18694858811796, 16.9859,7.22091248817742, 17.4199,1,16.67937,1,9.262372,-0.156673,26.7268,1
7.20377628877759, 16.0492,7.23899188823998, 16.1685,1,16.6746,1,9.488639,-0.19834,27.1607,1
7.22091248817742, 16.9711,7.25398478843272, 16.4381,1,16.67683,1,10.23161,1.277593,27.2805,1
7.23899188823998, 16.8042,7.27199438773096, 16.6136,1,16.67778,1,11.07437,0.058826,26.7401,1
7.25398478843272, 16.7174,7.28846588730812, 18.1391,1,16.67807,1,9.42184,-0.440541,26.5414,1
7.27199438773096, 16.781,7.30405458714813, 15.1284,1,16.67883,1,9.537107,-0.448308,27.9793,1
7.28846588730812, 16.8793,7.32153038773686, 16.2573,1,16.68029,1,8.770074,-0.925975,26.327,1
7.30405458714813, 15.9354,7.33673208765686, 16.9325,1,16.67489,1,9.618741,-0.848742,25.7052,1
7.32153038773686, 17.0684,7.35503718815744, 18.775,1,16.67772,1,8.555708,-0.394309,26.6869,1
7.33673208765686, 16.2617,7.37078238837421, 13.5826,1,16.67475,1,11.86897,0.246824,28.4092,1
7.35503718815744, 17.3572,7.38817158900201, 19.0152,1,16.67959,1,10.77474,-0.632843,25.7303,1
7.37078238837421, 16.3134,7.40475278906524, 16.8142,1,16.67701,1,10.26911,-0.30631,27.3886,1
7.38817158900201, 16.7985,7.42203638888896, 15.745,1,16.67786,1,10.22348,0.557323,27.8895,1
7.40475278906524, 16.2873,7.43747178930789, 16.6869,1,16.67515,1,8.762843,-0.235544,26.8368,1
7.42203638888896, 17.3531,7.45457688998431, 17.3359,1,16.67983,1,10.37491,-1.119711,27.2365,1
7.43747178930789, 16.1637,7.47063258942217, 14.1277,1,16.67629,1,10.12858,-0.901778,27.2192,1
7.45457688998431, 16.7188,7.48771318886429, 18.7154,1,16.67658,1,10.52624,-0.397845,25.1837,1
7.47063258942217, 17.2699,7.50410868879408, 16.6794,1,16.68059,1,9.842311,-0.137612,27.1806,1
7.48771318886429, 16.4113,7.52067898865789, 14.6775,1,16.67878,1,10.98518,-0.269479,26.5899,1
7.50410868879408, 16.9595,7.53813358861953, 19.2801,1,16.68065,1,10.66444,-0.244946,24.8565,1
7.52067898865789, 17.1245,7.55481148790568, 16.9886,1,16.68359,1,10.25711,0.495287,27.1774,1
7.53813358861953, 15.9844,7.57053398806602, 13.4839,1,16.67899,1,11.45188,-0.06288,27.042,1
7.55481148790568, 17.1029,7.58811188768595, 19.6465,1,16.68176,1,8.174146,-0.278747,24.5417,1
7.57053398806602, 16.8044,7.60510048735887, 16.993,1,16.68256,1,10.03131,-0.737014,27.0848,1
7.58811188768595, 16.5128,7.62067188695073, 13.7453,1,16.68147,1,9.20978,-0.904581,27.2742,1
7.60510048735887, 16.0455,7.63786528632045, 18.5692,1,16.67739,1,11.40745,0.554552,24.5068,1
7.62067188695073, 17.0816,7.65395258553326, 16.4537,1,16.67996,1,9.870814,-0.239715,27.031,1
7.63786528632045, 16.2922,7.6718676853925, 16.1506,1,16.67751,1,10.86168,-0.034682,26.4031,1
7.65395258553326, 16.3775,7.68776328489184, 17.4756,1,16.67562,1,10.79575,-0.338349,26.2615,1
7.6718676853925, 17.3204,7.70482108555734, 16.9965,1,16.67965,1,9.060415,-1.279616,27.345,1
7.68776328489184, 16.432,7.72162398509681, 15.0978,1,16.67811,1,11.44868,0.010017,27.0372,1
7.70482108555734, 16.6885,7.73795078508556, 18.2142,1,16.67818,1,9.377049,0.12375,25.703,1
7.72162398509681, 17.1687,7.75481948442757, 16.8519,1,16.68119,1,11.68792,0.436383,27.2293,1
7.73795078508556, 16.4218,7.77159458398819, 14.9575,1,16.67961,1,11.12988,-0.022084,26.9125,1
7.75481948442757, 16.5692,7.78834808431566, 18.2408,1,16.67894,1,9.83635,-0.576551,25.4487,1
7.77159458398819, 16.6169,7.8051550835371, 16.7989,1,16.67856,1,9.066017,-0.388118,27.12,1
7.78834808431566, 16.7446,7.82268328405917, 16.0109,1,16.67896,1,9.199384,-1.067985,27.3027,1
7.8051550835371, 16.8896,7.83809208404273, 16.4984,1,16.68021,1,11.09695,-0.679252,26.5694,1
7.82268328405917, 17.6993,7.85471158381552, 17.125,1,16.68624,1,10.31452,-1.015919,26.178,1
7.83809208404273, 15.451,7.8718400830403, 15.5854,1,16.67898,1,11.55169,-0.164186,25.6047,1
7.85471158381552, 16.4835,7.88852418307215, 18.1234,1,16.67783,1,10.80675,-0.479953,25.7389,1
7.8718400830403, 16.8628,7.90558738354594, 15.542,1,16.67891,1,9.920519,0.24018,27.3794,1
7.88852418307215, 16.6544,7.9220007834956, 17.9184,1,16.67877,1,10.50039,1.002513,26.0589,1
7.90558738354594, 16.8968,7.93926848378032, 15.8485,1,16.68002,1,9.911253,-0.837354,27.323,1
7.9220007834956, 15.8659,7.95490258466452, 17.5712,1,16.67537,1,10.25272,0.128579,26.275,1
7.93926848378032, 17.4627,7.97255028504878, 17.4906,1,16.67984,1,9.338087,0.294312,27.9807,1
7.95490258466452, 16.1706,7.98829788435251, 13.8472,1,16.67696,1,10.11975,0.034245,28.0091,1
7.97255028504878, 16.9235,8.00579058472067, 19.0896,1,16.67835,1,10.36322,0.814978,25.6857,1
7.98829788435251, 16.8513,8.02087568491697, 15.3503,1,16.67932,1,9.424988,0.740011,27.8525,1
8.00579058472067, 16.2496,8.03847418539226, 15.7273,1,16.67693,1,9.249655,-0.469156,26.3519,1
8.02087568491697, 16.938,8.05513818562031, 18.2154,1,16.67837,1,11.09662,-0.546123,25.829,1
8.03847418539226, 17.3086,8.07061678543687, 15.8846,1,16.68183,1,9.082089,0.87341,27.1074,1
8.05513818562031, 15.9721,8.08821038529277, 15.619,1,16.67796,1,10.55536,-0.987757,25.6829,1
8.07061678543687, 16.2941,8.10482808575034, 18.5828,1,16.67587,1,10.34612,-1.258324,25.3307,1
8.08821038529277, 17.3812,8.12091838568449, 15.8136,1,16.67968,1,10.02539,0.028909,27.6194,1
8.10482808575034, 16.3058,8.13856568560004, 18.0993,1,16.67767,1,8.799857,0.862042,26.0525,1
8.12091838568449, 15.5238,8.15588538534939, 16.9477,1,16.6715,1,10.78022,0.264775,27.8459,1
8.13856568560004, 18.0081,8.17191008478403, 14.4632,1,16.67861,1,12.65569,0.149308,29.2702,1
8.15588538534939, 17.2253,8.18935368396342, 18.872,1,16.6815,1,9.914158,0.304841,25.7251,1
8.17191008478403, 16.2878,8.20472228433937, 15.3732,1,16.67943,1,8.615125,-0.325826,27.3724,1
8.18935368396342, 17.3683,8.221695384942, 15.4023,1,16.68304,1,11.18799,1.037307,26.4581,1
8.20472228433937, 15.8681,8.23836688417941, 17.961,1,16.67879,1,9.369359,-0.43696,24.4925,1
8.221695384942, 17.0431,8.25489758420736, 15.2096,1,16.68068,1,9.552426,0.018973,26.5856,1
8.23836688417941, 16.6679,8.27164118457586, 18.298,1,16.68061,1,10.00299,-0.052294,24.7528,1
8.25489758420736, 17.0988,8.28792188409716, 14.7231,1,16.68276,1,10.12456,0.516039,26.3827,1
8.27164118457586, 16.0524,8.30489998403937, 18.336,1,16.67954,1,10.27683,0.637472,24.0078,1
8.28792188409716, 17.2158,8.32175558339804, 15.5292,1,16.68226,1,8.756694,-0.627795,26.2914,1
8.30489998403937, 16.1416,8.33887418266386, 18.6861,1,16.67953,1,9.570061,0.489338,24.6045,1
8.32175558339804, 16.8835,8.35541308205575, 17.0536,1,16.68056,1,9.017428,-0.752029,27.1493,1
8.33887418266386, 16.4275,8.3729207823053, 15.4922,1,16.67929,1,10.8603,0.578904,27.319,1
8.35541308205575, 16.6589,8.38914808165282, 18.0151,1,16.67919,1,10.01706,-0.500963,26.3846,1
8.3729207823053, 16.5107,8.40474048163742, 15.4154,1,16.67836,1,10.76843,-0.29853,27.741,1
8.38914808165282, 17.0877,8.42180458176881, 15.4053,1,16.68037,1,10.8288,0.096703,26.6457,1
8.40474048163742, 16.8084,8.43882868159562, 16.9945,1,16.681,1,8.615063,-0.349264,24.9637,1
8.42180458176881, 15.9467,8.45563078206033, 17.8428,1,16.67742,1,10.26813,-0.402631,25.1503,1
8.43882868159562, 17.8777,8.47158238198608, 14.9572,1,16.68325,1,9.867297,-1.030598,27.0461,1
8.45563078206033, 16.1166,8.48814088199288, 18.0512,1,16.68051,1,10.84586,0.178235,24.1259,1
8.47158238198608, 17.1681,8.50508888158947, 15.5943,1,16.68285,1,9.888731,-0.046032,26.0613,1
8.48814088199288, 16.6463,8.5219617811963, 18.3268,1,16.68268,1,11.6965,-0.161299,24.4863,1
8.50508888158947, 17.1211,8.53887678030878, 17.0992,1,16.68477,1,10.86796,-0.363366,26.168,1
8.5219617811963, 16.0437,8.55579958017915, 15.3636,1,16.68173,1,11.06923,-0.418233,26.1463,1
8.53887678030878, 16.8162,8.57197987940162, 17.9416,1,16.68236,1,9.901199,0.6647,25.4666,1
8.55579958017915, 16.4819,8.5889452798292, 16.6958,1,16.68142,1,9.668866,-0.964167,26.5918,1
8.57197987940162, 16.4916,8.60587217938155, 15.4162,1,16.68053,1,9.828333,-0.788934,26.8059,1
8.5889452798292, 17.1972,8.62401727866381, 17.8561,1,16.68294,1,10.1043,-0.005101,25.7305,1
8.60587217938155, 16.0576,8.6418292792514, 19.1988,1,16.68004,1,10.87757,0.682332,26.39,1
8.62401727866381, 17.9844,8.65697567909956, 13.76,1,16.68605,1,10.97383,-0.516235,29.5312,1
8.6418292792514, 16.1852,8.67390917986631, 18.3826,1,16.68376,1,12.2483,-0.150102,25.3073,1
8.65697567909956, 17.7224,8.69058308005333, 15.3728,1,16.6885,1,9.765568,0.102531,27.5056,1
8.67390917986631, 14.8649,8.70666618086398, 17.2862,1,16.68021,1,8.583835,-0.579936,25.1554,1
8.69058308005333, 17.3624,8.7237078808248, 15.7404,1,16.6833,1,10.0456,-0.229003,27.5778,1
8.70666618086398, 16.6909,8.74010368064046, 18.4516,1,16.68333,1,9.604269,-0.55687,25.9562,1
8.7237078808248, 17.097,8.75722577981651, 15.3008,1,16.68519,1,11.29354,-1.285237,27.7167,1
8.74010368064046, 15.7014,8.77429557964206, 18.5171,1,16.68079,1,10.353,-0.282004,25.92,1
8.75722577981651, 17.3919,8.79170848056674, 15.672,1,16.68395,1,9.76597,0.578629,28.7359,1
8.77429557964206, 16.7377,8.80691448040307, 16.8396,1,16.68419,1,11.81754,-0.647938,27.0168,1
8.79170848056674, 16.4494,8.82494897954166, 16.4803,1,16.68316,1,11.3738,-0.224205,27.1186,1
8.80691448040307, 16.176,8.84158368036151, 18.296,1,16.68093,1,11.02977,-1.001172,27.15,1
8.82494897954166, 16.835,8.85691658034921, 13.7916,1,16.68161,1,9.315838,0.038061,29.2701,1
8.84158368036151, 15.8051,8.87392907962203, 18.4315,1,16.6778,1,10.1796,-0.326806,26.2268,1
8.85691658034921, 17.6031,8.89098537899554, 15.5514,1,16.6818,1,9.943972,-0.811373,28.8543,1
8.87392907962203, 16.3724,8.90759567916393, 18.0394,1,16.68047,1,10.62794,-0.37794,26.8023,1
8.89098537899554, 17.5796,8.92430447973311, 15.2624,1,16.68433,1,11.34081,-0.351107,28.4698,1
8.90759567916393, 15.5154,8.9418362788856, 19.1513,1,16.67933,1,9.916173,0.077926,26.1526,1
8.92430447973311, 18.5399,8.95719557907432, 13.8,1,16.68725,1,10.20744,-0.398741,29.7888,1
8.9418362788856, 14.9617,8.97404647897929, 18.493,1,16.67994,1,9.795807,-0.043808,25.0489,1
8.95719557907432, 17.1782,8.99097737949342, 15.9692,1,16.68204,1,9.990474,-0.911375,28.5801,1
8.97404647897929, 16.7027,9.00799108017236, 18.1382,1,16.68213,1,9.463441,1.253158,27.3712,1
8.99097737949342, 16.6136,9.02501187939197, 15.1913,1,16.68184,1,11.73901,-0.298009,28.8069,1
9.00799108017236, 16.3373,9.04221557918936, 18.8762,1,16.6804,1,9.914075,-0.646276,27.3848,1
9.02501187939197, 17.0307,9.05829267855734, 14.4646,1,16.68186,1,12.22744,-0.094443,29.9242,1
9.04221557918936, 16.1879,9.07372687850147, 16.8854,1,16.67982,1,8.530009,-1.17291,27.3583,1
9.05829267855734, 17.3815,9.0916017787531, 16.3608,1,16.6827,1,9.742476,-0.566377,28.0564,1
9.07372687850147, 16.443,9.10783727932721, 17.8799,1,16.68172,1,10.67564,-1.561944,27.0356,1
9.0916017787531, 17.3546,9.12426567915827, 14.7682,1,16.68447,1,9.66881,-0.045911,28.4727,1
9.10783727932721, 16.2971,9.1413001799956, 18.9865,1,16.68289,1,10.53158,-0.574078,25.8867,1
9.12426567915827, 16.8974,9.15895767975599, 15.8774,1,16.68376,1,9.873844,-1.306345,28.5771,1
9.1413001799956, 15.8608,9.17425217945129, 16.8008,1,16.68044,1,13.02681,-0.488712,27.5573,1
9.15895767975599, 17.2549,9.19093557912856, 14.9105,1,16.68275,1,9.811478,-0.866679,28.4977,1
9.17425217945129, 16.4101,9.20848697889596, 17.6945,1,16.68166,1,9.976045,-0.678846,26.1535,1
9.19093557912856, 18.2018,9.22499997820705, 17.9808,1,16.68772,1,10.93151,-0.122013,27.4379,1
9.20848697889596, 15.4116,9.24206787813455, 15.6226,1,16.68265,1,9.950779,1.43492,27.218,1
9.22499997820705, 16.518,9.25927547831088, 17.2663,1,16.682,1,10.45485,0.329853,27.4299,1
9.24206787813455, 16.981,9.27516407798976, 17.575,1,16.68318,1,10.02751,0.864686,28.1775,1
9.25927547831088, 16.7947,9.29204317834228, 15.048,1,16.68361,1,11.11138,-0.083481,28.7714,1
9.27516407798976, 14.4399,9.30759167857468, 17.0536,1,16.67485,1,8.240747,-0.028948,27.0258,1
9.29204317834228, 18.5428,9.32505577802658, 17.4663,1,16.68212,1,9.060114,-0.391215,29.6389,1
9.30759167857468, 17.1442,9.34170707874, 15.2376,1,16.68391,1,8.630681,-0.927582,28.5607,1
9.32505577802658, 16.477,9.35848567821085, 18.3836,1,16.68311,1,9.569248,-0.533449,26.6628,1
9.34170707874, 16.2723,9.37539177760482, 16.9739,1,16.68153,1,9.630015,-0.336016,28.5693,1
9.35848567821085, 16.2904,9.39059427753091, 13.4331,1,16.68003,1,9.717482,-0.904083,29.2715,1
9.37539177760482, 16.1095,9.40835427679121, 19.4969,1,16.67785,1,12.35495,-0.50515,26.4148,1
9.39059427753091, 18.0168,9.42512147687376, 14.9356,1,16.68295,1,10.22912,-0.465917,29.8022,1
9.40835427679121, 16.4056,9.44229227676988, 19.3737,1,16.68189,1,9.899683,-0.481784,26.7212,1
9.42512147687376, 17.2825,9.45941287651658, 15.1111,1,16.68416,1,10.18735,-0.629151,29.6885,1
9.44229227676988, 15.6069,9.47492347657681, 16.9211,1,16.68011,1,10.23642,-0.222218,27.5178,1
9.45941287651658, 17.7663,9.49226277694106, 17.7035,1,16.68418,1,9.913884,0.029315,28.8331,1
9.47492347657681, 15.9075,9.50848467648029, 14.4699,1,16.68128,1,10.20855,-0.704352,28.7697,1
9.49226277694106, 16.2272,9.52378307655454, 16.9952,1,16.67959,1,9.698218,0.520281,27.3328,1
9.50848467648029, 16.8958,9.54104397632182, 15.7015,1,16.6804,1,11.38599,0.450614,28.1012,1
9.52378307655454, 16.6549,9.55849457718432, 19.2179,1,16.6803,1,9.543552,0.227147,26.9065,1
9.54104397632182, 16.0258,9.57534187659621, 14.7817,1,16.67789,1,10.25172,0.44598,29.4696,1
9.55849457718432, 16.6108,9.59226587601006, 18.9293,1,16.67765,1,8.964786,-0.037487,28.2256,1
9.57534187659621, 17.497,9.60782477632165, 15.1196,1,16.68064,1,9.251853,0.057546,30.5454,1
9.59226587601006, 16.0124,9.62483017705381, 15.5815,1,16.67821,1,11.24272,-0.100021,28.1679,1
9.60782477632165, 17.238,9.64262807741761, 19.198,1,16.68024,1,9.254387,-0.316788,27.7379,1
9.62483017705381, 16.0978,9.65779937710613, 15.2156,1,16.67813,1,11.36295,0.223845,29.6982,1
9.64262807741761, 17.2697,9.6753548765555, 16.1386,1,16.68026,1,9.623421,-0.410222,28.8165,1
9.65779937710613, 16.9134,9.69191317725927, 17.9778,1,16.6811,1,9.293388,-0.646189,27.6846,1
9.6753548765555, 16.654,9.7082189777866, 14.7962,1,16.681,1,11.47046,-0.533456,28.7494,1
9.69191317725927, 16.0187,9.72594107780606, 19.5552,1,16.67864,1,8.666222,-0.085323,26.8925,1
9.7082189777866, 17.5854,9.74213147815317, 14.7326,1,16.68186,1,9.521889,-0.30039,30.4295,1
9.72594107780606, 16.0707,9.75860317889601, 17.8274,1,16.6797,1,10.43536,-0.695957,27.5764,1
9.74213147815317, 17.179,9.77535627875477, 14.9944,1,16.68146,1,10.11412,-0.317324,29.3333,1
9.75860317889601, 16.7859,9.79215627815574, 18.5016,1,16.68183,1,9.94069,-0.135991,27.149,1
9.77535627875477, 16.6848,9.80900597851723, 15.1217,1,16.68184,1,9.937057,-0.119658,28.8648,1
9.79215627815574, 16.5987,9.82512547913939, 17.7661,1,16.68155,1,10.29082,-0.156525,27.3026,1
9.80900597851723, 16.8197,9.84186477866024, 15.2629,1,16.68203,1,9.639591,0.244508,28.4619,1
9.82512547913939, 17.226,9.85791647899896, 17.213,1,16.68391,1,11.54096,-0.258759,26.9126,1
9.84186477866024, 16.3196,9.87466987874359, 17.5071,1,16.68265,1,9.993025,-0.376126,26.9011,1
9.85791647899896, 16.3183,9.89225527923554, 15.5354,1,16.6814,1,9.809292,0.398007,28.0881,1
9.87466987874359, 16.0349,9.90778027940542, 17.0981,1,16.67919,1,9.448659,-0.78076,27.3056,1
9.89225527923554, 17.4006,9.92514977883548, 17.7751,1,16.68165,1,10.06683,-0.420527,28.3695,1
9.90778027940542, 16.4728,9.94201207812876, 15.4107,1,16.68094,1,11.43549,-0.892994,28.7439,1
9.92514977883548, 16.5937,9.95929277781397, 18.7512,1,16.68064,1,9.43906,-0.330261,27.6823,1
9.94201207812876, 16.6944,9.9760854775086, 14.9802,1,16.68069,1,10.58523,0.080339,29.8401,1
9.95929277781397, 16.6813,9.99366027768701, 17.4394,1,16.68069,1,16.61399,0.315339,28.1256,1
9.9760854775086, 17.117,10.0081531777978, 16.0647,1,16.68215,1,17.25486,0.129739,28.8848,1
9.99366027768701, 16.1471,10.0264708772302, 18.55,1,16.68036,1,10.28726,-0.590836,27.8326,1
10.0081531777978, 17.25,10.0417876774445, 13.5031,1,16.68226,1,10.00986,-1.370656,30.2351,1
10.0264708772302, 16.4289,10.0593232782558, 19.0958,1,16.68142,1,11.61516,-0.088806,26.4896,1
10.0417876774445, 16.8742,10.0756402788684, 14.6744,1,16.68206,1,10.39534,-0.05192,29.1566,1
10.0593232782558, 16.1202,10.0907186791301, 16.5724,1,16.6802,1,12.56066,-0.068445,26.9577,1
10.0756402788684, 16.8446,10.1096804793924, 17.9566,1,16.68075,1,13.62761,-0.464889,27.4095,1
10.0907186791301, 16.8022,10.1251370795071, 16.5737,1,16.68114,1,10.56632,-0.045889,28.5217,1
10.1096804793924, 17.1021,10.1418098788708, 15.3008,1,16.68252,1,10.04455,-0.413534,28.292,1
10.1251370795071, 16.5894,10.1588872782886, 18.4693,1,16.68222,1,11.57139,-0.1961,26.4931,1
10.1418098788708, 15.8264,10.17576087825, 15.3861,1,16.67944,1,10.28079,0.101847,28.3726,1
10.1588872782886, 16.5341,10.1926779784262, 18.6459,1,16.67897,1,10.42833,-0.51766,27.9327,1
10.17576087825, 16.46,10.20777587872, 13.5362,1,16.67826,1,12.299,-0.120673,30.0447,1
10.1926779784262, 16.7531,10.2246776791289, 18.1505,1,16.6785,1,10.58255,0.376015,27.1211,1
10.20777587872, 17.5886,10.2420181790367, 16.2905,1,16.68142,1,10.26836,-0.548273,28.5027,1
10.2246776791289, 16.4953,10.2581646787003, 17.2659,1,16.68082,1,10.33447,-0.021856,27.2207,1
10.2420181790367, 16.9922,10.2769038779661, 17.2292,1,16.68182,1,12.08389,1.045544,27.992,1
10.2581646787003, 16.3886,10.2928957780823, 17.454,1,16.68089,1,9.664473,0.161134,28.2287,1
10.2769038779661, 17.2522,10.30850377772, 14.0664,1,16.68269,1,12.42316,-0.596346,29.2945,1
10.2928957780823, 16.4141,10.3251651776955, 18.3587,1,16.68185,1,10.16446,-1.0228,26.109,1
10.30850377772, 17.1163,10.3419283768162, 15.3737,1,16.68321,1,9.358466,0.278322,28.0538,1
10.3251651776955, 16.1282,10.3590510776266, 18.6895,1,16.68147,1,11.51045,-0.391611,26.3116,1
10.3419283768162, 16.5898,10.3759899782017, 14.9821,1,16.68119,1,12.474,-0.274995,28.8735,1
10.3590510776266, 16.4372,10.3918873788789, 17.5488,1,16.68043,1,11.22758,-0.020471,27.2658,1
10.3759899782017, 17.4606,10.410554879345, 17.1505,1,16.68285,1,11.55161,-0.397182,28.3775,1
10.3918873788789, 14.9596,10.4251107797027, 15.9957,1,16.67751,1,10.717,-0.237346,28.068,1
10.410554879345, 17.1554,10.4419027790427, 17.1413,1,16.67899,1,12.08837,-0.733621,29.1044,1
10.4251107797027, 16.55,10.4589066784829, 15.2322,1,16.67859,1,10.36378,-0.862101,29.0901,1
10.4419027790427, 16.2658,10.4762250781059, 18.8,1,16.67732,1,10.53485,-0.539368,27.7729,1
10.4589066784829, 17.1152,10.4926366787404, 14.889,1,16.67866,1,12.16762,0.588732,30.3074,1
10.4762250781059, 16.5395,10.5086482781917, 17.5456,1,16.67824,1,10.9169,-0.906489,28.0812,1
10.4926366787404, 16.8684,10.5262257773429, 15.9913,1,16.67882,1,12.72727,-0.602174,29.0875,1
10.5086482781917, 16.9759,10.5426639765501, 18.2629,1,16.67972,1,12.31927,-0.667288,28.1926,1
10.5262257773429, 16.4082,10.5588769763708, 14.3584,1,16.6789,1,9.655789,-0.693954,29.4981,1
10.5426639765501, 16.3897,10.5765139758587, 19.287,1,16.67803,1,11.36547,1.220119,27.4476,1
10.5588769763708, 17.1494,10.5925182756037, 14.3989,1,16.67944,1,12.42539,0.237469,30.3454,1
10.5765139758587, 16.4689,10.6096693761647, 18.9166,1,16.67881,1,11.11095,-0.014172,27.5951,1
10.5925182756037, 17.2627,10.6259595770389, 14.5486,1,16.68056,1,12.60898,-0.647287,30.0437,1
10.6096693761647, 16.0058,10.6438875775784, 19.6501,1,16.67855,1,9.143731,-0.76176,27.3296,1
10.6259595770389, 17.0776,10.6597277782857, 14.2092,1,16.67973,1,10.41017,-0.751614,30.9744,1
10.6438875775784, 17.0417,10.6763256788254, 18.2537,1,16.6808,1,11.88139,-0.709188,28.1061,1
10.6597277782857, 16.2992,10.6920198779553, 13.988,1,16.67968,1,10.96606,-0.948435,29.3188,1
10.6763256788254, 16.5924,10.7095029782504, 19.3555,1,16.67942,1,12.63811,-0.962475,27.0073,1
10.6920198779553, 16.838,10.7248296784237, 13.4573,1,16.67989,1,10.97949,0.326436,29.7711,1
10.7095029782504, 16.6131,10.7438083784655, 20.9749,1,16.67969,1,10.93163,0.079079,26.3907,1
10.7248296784237, 16.7772,10.7593214781955, 13.425,1,16.67997,1,12.78607,-0.918568,30.7532,1
10.7438083784655, 16.0132,10.7766856784001, 18.8899,1,16.67804,1,11.47426,-0.511308,27.401,1
10.7593214781955, 16.665,10.7919543785974, 15.536,1,16.678,1,10.05592,-1.067918,30.2777,1
10.7766856784001, 16.4998,10.8096198784187, 15.8118,1,16.67748,1,11.88917,-1.03798,29.1491,1
10.7919543785974, 16.8397,10.8259862782434, 17.9275,1,16.67795,1,11.42311,-0.605481,28.4612,1
10.8096198784187, 17.1127,10.8416230781004, 14.087,1,16.6792,1,10.97592,-0.548407,29.5493,1
10.8259862782434, 16.1428,10.859890778549, 19.8266,1,16.67766,1,12.93848,-0.948236,26.524,1
10.8416230781004, 17.6251,10.8757528783754, 14.4153,1,16.68037,1,11.37928,-0.761036,30.2077,1
10.859890778549, 16.6721,10.8937674788758, 19.5487,1,16.68035,1,12.49411,-0.323866,26.9982,1
10.8757528783754, 16.0811,10.9089830787852, 13.572,1,16.67864,1,10.71364,-0.022402,29.8751,1
10.8937674788758, 17.1929,10.9257512791082, 18.446,1,16.6801,1,12.58004,-0.792007,27.3666,1
10.9089830787852, 16.3772,10.9427162790671, 15.4429,1,16.67924,1,11.12057,-0.059295,28.6196,1
10.9257512791082, 16.2818,10.9599400786683, 18.7714,1,16.67813,1,12.1309,-0.366053,27.6854,1
10.9427162790671, 16.9477,10.9759387793019, 14.2577,1,16.67888,1,9.923707,-0.974875,30.1755,1
10.9599400786683, 16.3792,10.9931543795392, 18.8408,1,16.67804,1,12.61909,-0.206245,27.4705,1
10.9759387793019, 16.9353,11.009520678781, 14.8268,1,16.67876,1,10.49725,-0.267592,29.9475,1
10.9931543795392, 16.7305,11.0268007786945, 18.8125,1,16.67891,1,12.34177,-0.864831,27.8398,1
11.009520678781, 16.7787,11.0427392786369, 16.151,1,16.67918,1,11.38325,-0.18234,29.9217,1
11.0268007786945, 16.4528,11.0586850782856, 14.1751,1,16.67855,1,12.03329,-1.221246,29.2946,1
11.0427392786369, 16.3941,11.0763085791841, 19.1985,1,16.67777,1,10.80813,0.270393,27.0166,1
11.0586850782856, 17.5412,11.0928179798648, 16.6865,1,16.68015,1,12.82164,0.072404,29.8217,1
11.0763085791841, 16.4343,11.1090382793918, 14.4844,1,16.67947,1,10.76215,-0.339911,28.9664,1
11.0928179798648, 16.8808,11.1258830791339, 18.6023,1,16.68002,1,11.22031,0.248851,27.0175,1
11.1090382793918, 16.8827,11.1425815792754, 17.0133,1,16.68058,1,11.2089,-0.671137,28.7392,1
11.1258830791339, 16.4394,11.1591111784801, 14.4767,1,16.67992,1,10.33961,0.52692,28.87,1
11.1425815792754, 16.2821,11.176158378832, 18.4225,1,16.67884,1,10.52645,-0.00614,26.9073,1
11.1591111784801, 17.2066,11.1928062783554, 17.0072,1,16.68027,1,11.33794,1.091729,29.0481,1
11.176158378832, 16.1958,11.2089309776202, 14.3361,1,16.67896,1,11.21958,-0.383824,28.8483,1
11.1928062783554, 17.092,11.2259407779202, 18.7941,1,16.68007,1,9.67074,0.562583,26.9894,1
11.2089309776202, 16.5014,11.2427844787017, 16.4964,1,16.67959,1,11.85227,-0.935657,28.6921,1
11.2259407779202, 17.9991,11.2607354791835, 16.4491,1,16.68313,1,9.165524,0.078161,28.6874,1
11.2427844787017, 14.9739,11.2761132791638, 17.0693,1,16.67856,1,12.26642,0.078006,27.1376,1
11.2607354791835, 17.8143,11.2918329797685, 15.6511,1,16.68159,1,9.928957,0.275884,29.2332,1
11.2761132791638, 16.6573,11.3096652794629, 16.4017,1,16.68152,1,12.74384,-0.114701,27.0701,1
11.2918329797685, 15.0967,11.3269422799349, 18.7974,1,16.67732,1,10.04669,-0.170681,26.815,1
11.3096652794629, 18.1014,11.3440560791641, 15.6628,1,16.68109,1,11.53892,0.365706,30.516,1
11.3269422799349, 16.6567,11.3601320795715, 17.6673,1,16.68102,1,10.0289,0.403918,28.0778,1
11.3440560791641, 17.4409,11.3770409803838, 15.2063,1,16.68302,1,9.855181,0.101047,29.0886,1
11.3601320795715, 15.6584,11.393755979836, 18.4482,1,16.68033,1,12.08609,0.952649,26.8543,1
11.3770409803838, 17.2112,11.4087680801749, 13.2828,1,16.68172,1,10.07328,-0.506896,29.6443,1
11.393755979836, 16.0951,11.4281455799937, 20.7902,1,16.68019,1,11.33685,-1.066349,25.7093,1
11.4087680801749, 17.2048,11.4427492795512, 14.8736,1,16.68156,1,10.04235,1.336998,30.4116,1
11.4281455799937, 16.5165,11.4589517796412, 14.4152,1,16.68113,1,10.6337,-0.417003,28.0802,1
11.4427492795512, 15.5157,11.476987679489, 19.789,1,16.67811,1,10.83595,0.141089,25.9796,1
11.4589517796412, 16.708,11.4940259801224, 16.8371,1,16.67819,1,12.9357,0.018761,30.2533,1
11.476987679489, 17.3843,11.5092988805845, 13.8781,1,16.68001,1,8.758603,0.444608,30.3823,1
11.4940259801224, 16.5426,11.5261835800484, 18.4619,1,16.67966,1,10.46551,-0.194355,26.8759,1
11.5092988805845, 16.7611,11.5433051800355, 17.3228,1,16.67986,1,11.49224,-0.68179,28.7959,1
11.5261835800484, 17.0248,11.5605630809441, 15.3387,1,16.68075,1,10.23809,-0.679001,29.3573,1
11.5433051800355, 16.4333,11.5762699814513, 17.4232,1,16.68011,1,9.633055,-0.783778,27.6721,1
11.5605630809441, 16.8995,11.5928888814524, 14.8859,1,16.68067,1,11.85879,-1.242384,28.6623,1
11.5762699814513, 16.703,11.6105991816148, 19.598,1,16.68073,1,11.1397,0.001531,26.6487,1
11.5928888814524, 16.882,11.6259590815753, 13.7498,1,16.68124,1,10.81588,-0.247393,29.5442,1
11.6105991816148, 15.8926,11.642804780975, 18.2884,1,16.67925,1,12.67938,-1.223041,26.4118,1
11.6259590815753, 16.8481,11.6599535811692, 15.4024,1,16.67967,1,11.57257,-0.537705,28.8083,1
11.642804780975, 16.6273,11.6770044807345, 18.9587,1,16.67954,1,9.732893,-0.7578,27.3623,1
11.6599535811692, 16.7347,11.6944851800799, 15.6355,1,16.67968,1,11.90314,-0.123203,29.6941,1
11.6770044807345, 16.2462,11.7104359809309, 17.6227,1,16.6786,1,11.6553,0.094128,28.5953,1
11.6944851800799, 17.2142,11.7274099811912, 15.373,1,16.67993,1,10.3029,-0.504638,29.9725,1
11.7104359809309, 16.3269,11.7441852819175, 18.5155,1,16.67905,1,12.4083,0.062636,28.1302,1
11.7274099811912, 16.9798,11.7599376812577, 13.9066,1,16.6798,1,10.53087,-0.583548,30.3198,1
11.7441852819175, 16.6692,11.7773535810411, 19.1686,1,16.67977,1,11.73834,0.087458,27.2469,1
11.7599376812577, 17.3744,11.7934204805642, 14.2361,1,16.68149,1,10.91566,0.744382,29.7466,1
11.7773535810411, 15.5719,11.8102224804461, 18.7477,1,16.67876,1,9.868848,-0.472846,26.6083,1
11.7934204805642, 17.2183,11.8269774802029, 15.088,1,16.68008,1,12.51944,-0.134807,29.7845,1
11.8102224804461, 15.7761,11.8429687805474, 17.4675,1,16.67787,1,10.19382,0.890299,27.6537,1
11.8269774802029, 17.2172,11.8619113806635, 17.4001,1,16.67918,1,8.984946,-1.264972,29.3464,1
11.8429687805474, 16.6631,11.8771535810083, 16.9166,1,16.67915,1,12.27721,-0.745213,29.5286,1
11.8619113806635, 17.8468,11.8952308818698, 16.7675,1,16.68199,1,10.3044,-1.191063,29.7827,1
11.8771535810083, 15.1716,11.9117604810745, 17.7396,1,16.67832,1,8.949872,-0.349292,28.7033,1
11.8952308818698, 17.7679,11.9276413805783, 14.2085,1,16.68096,1,11.74181,-0.37742,31.2726,1
11.9117604810745, 16.67,11.9437395799905, 17.7342,1,16.68093,1,10.82316,0.340869,27.7134,1
11.9276413805783, 16.7056,11.9603077806532, 14.9365,1,16.68099,1,11.36379,0.074513,28.7779,1
11.9437395799905, 16.1146,11.9771830812097, 18.5721,1,16.67963,1,12.08262,-0.822105,27.0084,1
11.9603077806532, 17.4889,11.9939466807991, 14.9211,1,16.68157,1,10.47093,-0.722568,29.4526,1
11.9771830812097, 16.8725,12.0114535801113, 19.3707,1,16.68203,1,9.575787,-0.99192,26.8984,1
11.9939466807991, 16.1874,12.0268486803398, 13.7582,1,16.68085,1,11.70531,-0.875124,29.3964,1
12.0114535801113, 16.2439,12.044455180876, 19.3628,1,16.67981,1,10.96607,-1.572028,26.9676,1
12.0268486803398, 17.0533,12.0603938801214, 14.0808,1,16.68069,1,10.54732,-0.603748,30.0876,1
12.044455180876, 16.3482,12.0771599793807, 18.7211,1,16.67991,1,12.83212,0.128897,27.1148,1
12.0603938801214, 16.5865,12.0940616792068, 14.8459,1,16.67969,1,10.90883,-0.912374,29.4887,1
12.0771599793807, 16.8365,12.1119128791615, 19.7249,1,16.68006,1,11.69495,-1.093554,27.7475,1
12.0940616792068, 16.8969,12.1269961791113, 13.4537,1,16.68056,1,12.2915,-1.004068,30.637,1
12.1119128791615, 17.0121,12.1440585786477, 18.4911,1,16.68134,1,9.866974,-0.61394,27.1936,1
12.1269961791113, 16.3449,12.1598633779213, 15.8922,1,16.68056,1,10.94635,0.878962,28.6733,1
12.1440585786477, 16.9775,12.1778150787577, 16.1979,1,16.68125,1,12.96737,-0.808465,28.2204,1
12.1598633779213, 16.5378,12.193332478404, 17.0328,1,16.68092,1,11.18774,0.525757,27.4411,1
12.1778150787577, 16.6734,12.2124367784709, 19.8011,1,16.6809,1,10.44084,0.275686,27.9365,1
12.193332478404, 16.2063,12.2268791785464, 12.248,1,16.6798,1,10.95236,-0.810942,31.0644,1
12.2124367784709, 16.6508,12.2439593793824, 18.7541,1,16.67973,1,11.19064,0.025567,27.1064,1
12.2268791785464, 17.2407,12.2602768791839, 14.7749,1,16.68102,1,11.25691,-1.459427,29.2097,1
12.2439593793824, 16.601,12.2775999782607, 19.0214,1,16.68084,1,9.793942,0.171148,26.7443,1
12.2602768791839, 17.3571,12.2942552780733, 15.0135,1,16.6824,1,11.34933,-0.742205,29.1654,1
12.2775999782607, 16.2351,12.310658778064, 17.7702,1,16.68137,1,11.76763,-0.056598,26.8217,1
12.2942552780733, 16.7362,12.327053678222, 16.968,1,16.68149,1,11.51245,-0.144512,28.3576,1
12.310658778064, 16.3951,12.3437872780487, 15.6327,1,16.68084,1,9.408505,0.422124,28.5885,1
12.327053678222, 16.5727,12.36013457831, 17.4969,1,16.68059,1,12.5123,-0.816928,27.8272,1
12.3437872780487, 16.6746,12.3772299783304, 15.3702,1,16.68058,1,10.17131,-0.379455,28.7518,1
12.36013457831, 16.6606,12.3930366775021, 17.4433,1,16.68053,1,10.03558,-0.977847,27.447,1
12.3772299783304, 16.9655,12.4117267774418, 18.2285,1,16.68118,1,10.96903,-0.590328,28.2303,1
12.3930366775021, 16.5199,12.4276549769565, 14.4199,1,16.68082,1,10.96015,-0.863618,29.4904,1
12.4117267774418, 15.672,12.4433150766417, 17.0696,1,16.67854,1,10.29925,-1.015501,27.3944,1
12.4276549769565, 18.1119,12.4609775757417, 17.9056,1,16.68176,1,12.85453,-0.194855,28.7919,1
12.4433150766417, 16.4912,12.4775756755844, 14.9688,1,16.68134,1,10.81002,-0.224449,28.5862,1
12.4609775757417, 17.2576,12.4950674762949, 19.2956,1,16.68263,1,10.8157,-1.119343,27.0639,1
12.4775756755844, 15.8109,12.5119812758639, 16.698,1,16.68068,1,12.82366,-0.262407,29.0952,1
12.4950674762949, 16.4897,12.5273053757846, 13.7402,1,16.68026,1,10.22345,0.018832,29.989,1
12.5119812758639, 16.9495,12.5450600758195, 19.4683,1,16.68085,1,9.913543,-1.086933,27.2402,1
12.5273053757846, 16.108,12.5608113761991, 16.3783,1,16.67958,1,13.11721,-0.554022,29.7597,1
12.5450600758195, 17.1661,12.5772060770541, 14.1192,1,16.68066,1,10.14667,-1.135385,30.0298,1
12.5608113761991, 15.7818,12.5941256769001, 20.6337,1,16.67868,1,9.836733,0.082006,26.9835,1
12.5772060770541, 17.2503,12.6119410768151, 14.177,1,16.67994,1,12.77322,-0.651816,31.8355,1
12.5941256769001, 16.5607,12.627784576267, 17.5124,1,16.67967,1,10.88198,-0.351868,28.7624,1
12.6119410768151, 16.1152,12.6446608770639, 15.1823,1,16.67843,1,11.10479,-0.154682,29.7146,1
12.627784576267, 19.7444,12.6606836766005, 20.0364,1,16.68514,1,11.63252,-0.57896,28.7813,1
12.6446608770639, 15.0179,12.67937627621, 17.8227,1,16.6815,1,10.83627,-0.353147,29.0732,1
12.6606836766005, 15.2023,12.6944395760074, 16.6748,1,16.67828,1,10.51878,-0.257353,31.8788,1
12.6944395760074, 29.6293,12.7114732759073, 15.675,1,16.70643,1,12.10156,-0.175289,33.3478,1
12.6944395760074, 6.0669,12.7284984765574, 17.2466,0,16.68336,1,10.56505,-0.076852,19.3926,1
12.7114732759073, 17.2501,12.7445527771488, 16.0486,1,16.68458,1,10.39365,0.77619,30.574,1
12.7284984765574, 18.3558,12.7615948775783, 18.2787,1,16.68819,1,12.11889,-0.479122,29.3724,1
12.7445527771488, 18.25,12.777135277167, 15.3638,1,16.69156,1,10.55345,-0.528964,29.2965,1
12.7615948775783, 11.4779,12.7941892780364, 16.2384,1,16.68035,1,10.43561,-0.09904,26.411,1
12.777135277167, 16.6701,12.8106907773763, 15.4434,1,16.68032,1,11.10702,-0.083973,31.1576,1
12.7941892780364, 15.0271,12.8272695764899, 18.3352,1,16.67678,1,11.29606,0.220319,29.9459,1
12.8106907773763, 18.3474,12.8442821763456, 16.6511,1,16.68035,1,10.84814,-0.040748,33.2533,1
12.8442821763456, 23.987,12.8607949763536, 16.3082,1,16.69593,1,11.94247,0.589832,31.5574,1
12.8442821763456, 11.484,12.8841834757477, 24.2,0,16.68484,1,10.49768,-0.471336,23.879,1
12.8841834757477, 29.5522,12.8939848756418, 8.8055,1,16.71216,1,11.63815,0.513923,36.595,1
12.8939848756418, 12.4511,12.9104200759903, 17.0058,0,16.70313,1,10.40027,-0.400941,15.8486,1
12.9104200759903, 13.5108,12.9269813755527, 16.8518,0,16.69639,1,11.22904,0.44981,20.3978,1
12.9104200759903, 8.4959,12.9440342755988, 15.2049,0,16.67908,1,10.33278,-1.144905,23.7348,1
12.9269813755527, 16.7931,12.9605440748855, 18.2518,1,16.67933,1,9.520341,-0.249733,30.4561,1
12.9440342755988, 18.4089,12.9775771750137, 17.4871,1,16.68296,1,12.35539,-0.267903,31.9139,1
12.9605440748855, 15.3166,12.9936155742034, 14.589,1,16.68009,1,9.943205,-1.463236,30.9922,1
12.9775771750137, 17.0377,13.0101583739743, 17.5768,1,16.68084,1,11.26973,-0.567591,30.2657,1
12.9936155742034, 20.31,13.0266834748909, 16.4732,1,16.68842,1,12.2243,-0.58616,30.8045,1
13.0101583739743, 13.4202,13.0437393756583, 16.1149,1,16.68161,1,10.68934,-1.176741,26.9686,1
13.0266834748909, 17.1293,13.060284675099, 17.0502,1,16.68254,1,11.48289,-0.249912,29.6638,1
13.0437393756583, 17.3386,13.0778467757627, 19.3379,1,16.6839,1,12.53256,0.404387,29.5849,1
13.060284675099, 14.5294,13.0938765751198, 13.3946,1,16.67944,1,10.63784,-0.277623,31.5845,1
13.0778467757627, 18.4986,13.1113816751167, 19.8442,1,16.6832,1,11.50211,0.500574,30.4518,1
13.0938765751198, 14.6945,13.12743407581, 13.769,1,16.6791,1,10.07321,-0.883557,31.7953,1
13.1113816751167, 19.0102,13.1444789757952, 19.2888,1,16.6839,1,9.805523,-0.501394,30.87,1
13.12743407581, 15.2585,13.1615122752264, 16.612,1,16.68097,1,12.02753,-0.525487,31.1494,1
13.1444789757952, 17.3744,13.1770480750129, 15.8725,1,16.68239,1,9.833257,-0.658967,32.5031,1
13.1615122752264, 15.8796,13.1930766748264, 15.6778,1,16.68075,1,11.14289,-0.616581,31.0018,1
13.1770480750129, 16.5911,13.209611675702, 14.8025,1,16.68057,1,12.42309,-1.00464,30.7996,1
13.1930766748264, 15.0526,13.2267811754718, 18.1552,1,16.67725,1,11.13817,-0.714983,29.0189,1
13.209611675702, 22.9753,13.2446714760736, 17.4087,1,16.69005,1,12.61358,-0.537648,32.1216,1
13.2267811754718, 17.2471,13.2617209767923, 16.7032,1,16.69118,1,10.99514,-0.137582,26.5559,1
13.2446714760736, 10.6945,13.2772484766319, 15.7518,1,16.67904,1,12.95728,-0.255341,26.0124,1
13.2617209767923, 18.1241,13.2943253768608, 17.1396,1,16.68196,1,11.29985,0.590465,31.0711,1
13.2772484766319, 18.4181,13.3097402770072, 13.4217,1,16.68546,1,12.45348,0.095672,30.0859,1
13.2943253768608, 17.6793,13.3278501778841, 21.6289,1,16.68746,1,10.44104,-0.994486,25.0903,1
13.3278501778841, 20.1829,13.3438883777708, 14.9831,1,16.69448,1,10.07244,-0.614361,29.0436,1
13.3278501778841, 10.6297,13.3604276776314, 14.8744,0,16.68233,1,11.26323,-0.182963,23.8389,1
13.3438883777708, 15.2267,13.3774614781141, 18.84,1,16.67941,1,9.923886,-0.104383,28.0858,1
13.3774614781141, 24.7319,13.3944948781282, 16.938,1,16.69549,1,11.18906,-0.83973,31.6996,1
13.3774614781141, 10.4647,13.4115105774254, 16.1962,0,16.68308,1,12.46896,-0.96804,23.9062,1
13.3944948781282, 18.7164,13.4296886771917, 17.967,1,16.68712,1,12.15098,-0.751694,29.6378,1
13.4296886771917, 22.0496,13.4436027770862, 14.0359,1,16.69776,1,10.99083,-0.512073,28.889,1
13.4296886771917, 9.144,13.4616314778104, 18.8532,0,16.6828,1,12.71154,-0.30104,20.8746,1
13.4616314778104, 23.8779,13.478168877773, 15.0448,1,16.69702,1,11.34449,-0.019768,30.5852,1
13.4616314778104, 9.0328,13.494179177098, 17.5198,0,16.6819,1,12.42957,-0.571731,21.7504,1
13.478168877773, 20.1366,13.5096976766363, 13.9184,1,16.6887,1,10.78784,-0.286953,30.2212,1
13.494179177098, 15.0219,13.5272917775437, 19.3544,1,16.68543,1,10.37647,-0.065788,24.0219,1
13.5272917775437, 19.3335,13.5453069778159, 16.4025,1,16.69062,1,11.69733,-0.265826,28.3548,1
13.5272917775437, 11.1915,13.5613244781271, 17.6309,0,16.67986,1,10.43365,0.797831,25.4242,1
13.5453069778159, 17.3212,13.5778572773561, 15.8164,1,16.68111,1,10.42249,-0.707222,31.8643,1
13.5613244781271, 16.3468,13.5949173765257, 16.3772,1,16.68046,1,11.68713,-0.461678,30.3574,1
13.5778572773561, 16.1456,13.6117681758478, 18.6775,1,16.67942,1,12.26467,-0.538277,30.3833,1
13.5949173765257, 15.7297,13.6284746760502, 14.4955,1,16.67758,1,9.749822,-1.139387,32.9317,1
13.6117681758478, 18.5102,13.6445074761286, 16.0172,1,16.68113,1,12.67868,-0.683983,31.6974,1
13.6284746760502, 14.6943,13.6615868760273, 16.0923,1,16.67728,1,10.98208,-1.063114,29.2071,1
13.6445074761286, 17.2671,13.6770100761205, 13.6873,1,16.67842,1,12.28679,-0.6109,30.6034,1
13.6615868760273, 15.046,13.6940532755107, 20.9185,1,16.67528,1,11.68898,-0.244594,27.0283,1
13.7105699758977, 46.286,13.7276392765343, 33.0571,1,16.73222,0,12.63031,0.509252,32.9016,1
13.7276392765343, 15.2732,13.7446168772876, 14.8786,0,16.72942,1,10.8623,-0.95974,19.6726,1
13.7446168772876, 15.2552,13.7616559769958, 18.03,0,16.7266,1,12.24459,0.374402,19.2793,1
13.7616559769958, 17.9768,13.7781656775624, 15.9812,0,16.72899,2,10.41055,0.315869,22.0506,1
13.7616559769958, 1.4808,13.7951871771365, 16.6743,0,16.69989,2,11.43114,-1.041337,20.0536,1
13.7616559769958, 5.7562,13.8119063768536, 18.2885,1,16.67904,2,11.2719,-0.639932,35.2493,1
13.7781656775624, 16.0543,13.8277118764818, 14.499,2,16.67785,2,11.46663,-0.292533,47.7857,1
13.7951871771365, 15.7849,13.8447731770575, 15.5138,2,16.67616,2,9.863237,-0.3506,46.2302,1
13.8119063768536, 18.9681,13.8617991767824, 17.7069,2,16.6805,2,12.74573,-0.374426,45.9598,1
13.8277118764818, 16.1708,13.8773087766021, 14.7348,2,16.67954,2,11.00073,0.534643,44.6993,1
13.8447731770575, 16.0354,13.8956794757396, 18.2992,2,16.67832,2,12.1314,-0.800505,43.2621,1
13.8617991767824, 17.129,13.9115894753486, 15.8779,2,16.67917,2,10.77363,-0.685641,45.5271,1
13.8773087766021, 17.0065,13.9277246762067, 17.5194,2,16.67979,2,12.19036,-0.42598,44.2772,1
13.8956794757396, 15.6144,13.945409476757, 18.1345,2,16.67779,2,9.728505,-0.106506,44.7901,1
13.9115894753486, 17.02,13.9614327773452, 15.3768,2,16.67843,2,12.61304,0.234955,47.3109,1
13.9277246762067, 16.4595,13.9785182774067, 17.5434,2,16.67802,2,10.79498,0.749552,45.6681,1
13.945409476757, 17.686,13.9956504777074, 15.5485,2,16.6799,2,11.50531,0.157295,46.7524,1
13.9614327773452, 16.0766,14.0117217767984, 17.8649,2,16.67878,2,10.05394,-1.098021,44.615,1
13.9785182774067, 17.1262,14.0278214775026, 15.8353,2,16.67961,2,11.54555,0.058076,46.4034,1
13.9956504777074, 16.3096,14.045498477295, 16.1369,2,16.67892,2,9.350805,-0.359245,45.1123,1
14.0117217767984, 16.4812,14.0612994767725, 17.4806,2,16.67855,2,11.56752,-0.597612,44.9407,1
14.0278214775026, 15.7404,14.0780477765948, 15.0897,2,16.67682,2,11.37042,-0.260105,45.9398,1
14.045498477295, 19.5629,14.0952525772154, 18.8393,2,16.68215,2,11.68894,0.720134,45.29,1
14.0612994767725, 20.6158,14.1119852773845, 15.1322,2,16.68939,2,10.49361,-0.672809,44.5671,1
14.0780477765948, 11.0511,14.1295467782766, 19.5094,2,16.67903,2,12.4087,-0.618859,39.0836,1
14.0952525772154, 16.5148,14.1447765780613, 13.1251,2,16.67872,2,10.10747,0.238282,47.5419,1
14.1119852773845, 17.0172,14.1621311781928, 19.0851,2,16.67934,2,10.90971,-0.015333,44.153,1
14.1295467782766, 16.3717,14.179181878455, 17.0988,2,16.67878,2,10.79416,0.403416,46.2202,1
14.1447765780613, 16.708,14.1952811786905, 14.4969,2,16.67883,2,12.57142,-0.534885,46.9485,1
14.1621311781928, 16.8052,14.2115120785311, 17.751,2,16.67907,2,11.56293,0.115437,44.7372,1
14.179181878455, 15.2549,14.2281717779115, 15.3107,2,16.67648,2,10.26188,0.340122,45.6838,1
14.1952811786905, 18.4655,14.2459988771006, 18.909,2,16.67972,2,11.32028,-0.750229,45.7396,1
14.2115120785311, 16.6875,14.2606648774818, 13.376,2,16.67974,2,10.74206,0.026452,46.1834,1
14.2281717779115, 17.3163,14.2788847768679, 19.7978,2,16.68089,2,9.847678,-0.008058,42.8721,1
14.2459988771006, 16.6722,14.2951447768137, 14.6221,2,16.68087,2,11.47513,0.054431,45.3537,1
14.2606648774818, 16.2211,14.3123903768137, 18.8723,2,16.68004,2,11.10755,0.2668,43.3035,1
14.2788847768679, 17.3083,14.3284883769229, 14.3038,2,16.68117,2,10.31876,-1.154932,45.9548,1
14.2951447768137, 16.7821,14.3451263764873, 18.3893,2,16.68135,2,11.76787,-0.112187,42.951,1
14.3123903768137, 16.107,14.3625958757475, 15.8194,2,16.68033,2,10.061,0.008067,44.5577,1
14.3284883769229, 17.3483,14.378147075884, 17.0639,2,16.68152,2,9.768632,0.319072,44.2705,1
14.3451263764873, 17.1058,14.3950206758454, 16.9474,2,16.68228,2,13.01999,0.88231,43.9864,1
14.3625958757475, 16.378,14.4114709766582, 14.8855,2,16.68174,2,10.20103,-0.308402,43.8295,1
14.378147075884, 15.91,14.4276322769001, 17.5478,2,16.68036,2,11.95473,0.355718,42.3363,1
14.3950206758454, 17.3208,14.4448373774067, 15.9492,2,16.6815,2,9.25779,-0.097864,43.9751,1
14.4114709766582, 16.6263,14.4620589772239, 18.8312,2,16.6814,2,10.8235,-1.451458,42.604,1
14.4276322769001, 16.681,14.4793536765501, 15.6998,2,16.6814,2,10.59718,-0.933653,44.8089,1
14.4448373774067, 16.9515,14.4951222771779, 17.0971,2,16.68188,2,9.572664,-0.123754,43.8273,1
14.4620589772239, 16.1455,14.5106329768896, 14.0957,2,16.68093,2,11.78296,0.032852,43.9723,1
14.4793536765501, 17.0188,14.5285908766091, 17.8444,2,16.68153,2,11.47245,0.271903,41.9238,1
14.4951222771779, 16.3022,14.5447379760444, 17.861,2,16.68086,2,12.44945,-0.809536,42.7506,1
14.5106329768896, 17.5396,14.5617049764842, 16.7961,2,16.68237,2,9.908948,-0.509845,44.3097,1
14.5285908766091, 15.9036,14.5791842769831, 15.8723,2,16.681,2,11.8081,0.643218,43.5638,1
14.5447379760444, 17.0169,14.5960625763983, 18.7526,2,16.68159,2,9.560236,-0.842417,43.5353,1
14.5617049764842, 15.3583,14.6118804756552, 15.5316,2,16.67928,2,11.11644,-0.038379,45.2711,1
14.5791842769831, 17.1482,14.6282469760627, 14.948,2,16.6801,2,12.21718,-0.161477,45.4446,1
14.5960625763983, 17.8727,14.64563517645, 18.8687,2,16.68217,2,9.701717,-0.541478,43.2447,1
14.6118804756552, 14.735,14.6618072763085, 14.9712,2,16.67879,2,11.16278,0.497378,44.2411,1
14.6282469760627, 17.8528,14.6794670764357, 18.9286,2,16.68083,2,11.70738,-0.007082,44.4771,1
14.64563517645, 16.7992,14.6950496761128, 14.0509,2,16.68103,2,10.41018,-0.257782,45.5527,1
14.6618072763085, 15.729,14.7127729756758, 19.299,2,16.67939,2,12.29452,-0.10394,42.8045,1
14.6794670764357, 15.929,14.7281943755224, 13.6611,2,16.67809,2,9.421382,0.007535,46.3759,1
14.6950496761128, 17.5513,14.7461046753451, 19.7494,2,16.6796,2,11.36948,0.1939,44.1076,1
14.7127729756758, 16.2084,14.7618089755997, 14.3631,2,16.67879,2,10.22514,-0.394245,46.3064,1
14.7281943755224, 16.7424,14.7799663757905, 19.3881,2,16.6789,2,11.91397,-0.39157,44.4608,1
14.7461046753451, 16.6853,14.7962531754747, 14.6758,2,16.67891,2,10.0952,-0.984177,47.1074,1
14.7618089755997, 16.8626,14.8128798762336, 18.2339,2,16.67922,2,11.66024,-0.901328,45.0982,1
14.7799663757905, 16.9103,14.827974576503, 13.3727,2,16.67962,2,10.57127,-0.011727,46.4687,1
14.7962531754747, 16.4842,14.8456340767443, 19.3615,2,16.67928,2,11.99638,-1.205912,42.9318,1
14.8128798762336, 16.3592,14.8626621775329, 15.3263,2,16.67874,2,11.46853,-0.478959,45.8101,1
14.827974576503, 17.0103,14.8777041779831, 16.5208,2,16.6793,2,10.63983,-0.296196,44.7652,1
14.8456340767443, 16.3662,14.8960822774097, 17.2754,2,16.67877,2,11.78491,0.308863,44.288,1
14.8626621775329, 18.2727,14.911803076975, 17.0928,2,16.68147,2,11.36896,0.408975,45.19,1
14.8777041779831, 15.8913,14.9293897775933, 15.9956,2,16.68013,2,10.2751,-0.428115,44.0176,1
14.8960822774097, 16.6893,14.9448600774631, 16.9667,2,16.68015,2,11.54554,-0.883169,44.1212,1
14.911803076975, 16.5621,14.9628093773499, 16.7069,2,16.67995,2,9.477025,0.679767,44.3993,1
14.9293897775933, 16.708,14.9792205775157, 17.7702,2,16.68,2,11.17702,-0.596696,44.5443,1
14.9448600774631, 16.4211,14.9963062768802, 15.3997,2,16.67956,2,10.42687,0.263783,45.6069,1
14.9628093773499, 16.8762,15.0121776768938, 17.6829,2,16.67989,2,11.03183,-0.081177,44.5862,1
14.9792205775157, 16.6516,15.0296930773184, 15.7616,2,16.67984,2,9.169996,-1.689582,45.3931,1
14.9963062768802, 17.4001,15.0461958767846, 18.0041,2,16.68105,2,12.35542,0.556372,44.5032,1
15.0121776768938, 16.3572,15.0631030770019, 15.2699,2,16.68051,2,9.938877,-0.649972,45.1067,1
15.0296930773184, 16.9461,15.0788647765294, 17.244,2,16.68095,2,11.94398,-0.650592,44.0204,1
15.0461958767846, 16.6341,15.0960866762325, 15.8281,2,16.68087,2,12.05043,-0.235109,44.3191,1
15.0631030770019, 16.6803,15.112663875334, 18.1194,2,16.68087,2,10.78157,-0.046047,43.5131,1
15.0788647765294, 16.5422,15.129618476145, 15.4837,2,16.68064,2,10.88979,0.171185,44.952,1
15.0960866762325, 17.1368,15.145626575686, 17.6316,2,16.68139,2,12.27311,-1.425676,43.894,1
15.112663875334, 16.4424,15.1626031761989, 15.5585,2,16.681,2,10.47375,-1.175578,44.3894,1
15.129618476145, 16.8487,15.179308376275, 17.7836,2,16.68128,2,11.77551,-0.529697,43.5054,1
15.145626575686, 16.7179,15.1955808764324, 14.8427,2,16.68134,2,9.805276,-1.063621,44.4413,1
15.1626031761989, 17.0994,15.2117221755907, 17.6831,2,16.68202,2,12.94988,0.994963,42.5654,1
15.179308376275, 16.4064,15.229065076448, 15.8243,2,16.68157,2,11.4816,0.286178,43.1483,1
15.1955808764324, 16.4241,15.2462534764782, 18.8277,2,16.68115,2,11.87022,-0.827315,42.568,1
15.2117221755907, 16.5326,15.2629437772557, 15.1179,2,16.68091,2,11.28874,-0.786661,44.9714,1
15.229065076448, 16.2913,15.2788496771827, 17.5731,2,16.68027,2,10.74412,-0.723773,43.5569,1
15.2462534764782, 15.3081,15.2964544771239, 15.8953,2,16.67804,2,9.970515,-0.271545,44.8396,1
15.2629437772557, 17.2277,15.3115712767467, 16.6104,2,16.67893,2,12.58916,-0.020131,45.4274,1
15.2788496771827, 15.1687,15.3288332773373, 15.8356,2,16.67648,2,10.91067,-0.824757,44.8102,1
15.2964544771239, 18.6842,15.3470970774069, 20.071,2,16.67973,2,12.22155,1.198394,45.477,1
15.3115712767467, 16.1596,15.3641645768657, 15.5948,2,16.67889,2,10.21013,-0.935219,46.8644,1
15.3288332773373, 16.9993,15.3790102768689, 16.1325,2,16.67941,2,11.91316,-0.799807,46.2987,1
15.3470970774069, 16.7678,15.3961292766035, 15.4901,2,16.67955,2,11.04491,-0.483199,45.4333,1
15.3641645768657, 16.1666,15.4130279757082, 18.4608,2,16.67872,2,10.57432,0.152176,44.1547,1
15.3790102768689, 16.784,15.4293874762952, 14.8889,2,16.6789,2,11.25691,-0.117388,46.4496,1
15.3961292766035, 16.8761,15.445957776159, 17.9345,2,16.67921,2,10.7945,-0.771428,44.555,1
15.4130279757082, 17.9088,15.4619488753378, 14.4659,2,16.68118,2,12.24202,0.077854,45.6137,1
15.4293874762952, 15.7033,15.4796280749142, 19.5243,2,16.67962,2,10.12019,-0.147864,42.1716,1
15.445957776159, 16.2965,15.4959498755634, 16.2164,2,16.679,2,11.91233,-0.585362,45.9922,1
15.4619488753378, 16.7831,15.5128569751978, 15.3193,2,16.67917,2,11.03705,0.356811,45.9122,1
15.4796280749142, 16.5682,15.5299636758864, 18.7275,2,16.67899,2,11.73346,-0.283131,44.4492,1
15.4959498755634, 16.6314,15.5463496763259, 14.8073,2,16.67892,2,10.14816,0.165257,46.6083,1
15.5128569751978, 17.244,15.5619532763958, 17.6343,2,16.67982,2,12.47039,-0.222698,44.7841,1
15.5299636758864, 16.1008,15.5786967761815, 14.6091,2,16.6789,2,9.861931,1.020755,45.1751,1
15.5463496763259, 17.5525,15.5972285754979, 20.1526,2,16.68028,2,12.14444,0.182924,43.6833,1
15.5619532763958, 15.6998,15.6136680748314, 14.8531,2,16.67873,2,9.903498,0.081622,46.2844,1
15.5786967761815, 17.2201,15.6301663741469, 18.0738,2,16.67958,2,12.03704,-0.966754,45.4383,1
15.5972285754979, 16.518,15.6469700746238, 15.2559,2,16.67933,2,9.064576,-0.135674,46.2922,1
15.6136680748314, 17.3155,15.6626984737813, 17.023,2,16.68033,2,11.53948,-1.447659,45.0307,1
15.6301663741469, 16.0519,15.679995873943, 15.8761,2,16.67934,2,9.962254,0.845952,44.7375,1
15.6469700746238, 16.9139,15.697539974004, 19.0971,2,16.67971,2,12.65867,-0.311822,44.5629,1
15.6626984737813, 16.7162,15.7128917742521, 13.7443,2,16.67977,2,9.974859,0.375143,46.7459,1
15.679995873943, 16.5669,15.7300259750336, 18.6344,2,16.67959,2,13.20635,-1.033854,43.7733,1
15.697539974004, 16.6021,15.7464841753244, 15.2956,2,16.67947,2,8.878322,-0.043736,45.8418,1
15.7128917742521, 16.6901,15.7628724761307, 18.3024,2,16.67949,2,12.16456,-0.352486,44.5361,1
15.7300259750336, 15.995,15.7796652764082, 14.5216,2,16.67842,2,9.951354,-1.384085,46.1486,1
15.7464841753244, 17.4034,15.7969048768282, 18.9628,2,16.67955,2,11.09254,0.192653,44.6758,1
15.7628724761307, 16.2362,15.8141599763185, 15.6591,2,16.67886,2,11.96129,-0.632716,46.235,1
15.7796652764082, 18.3032,15.8305095769465, 18.1548,2,16.68138,2,10.71159,0.706738,45.6581,1
15.7969048768282, 16.3583,15.8470289763063, 14.7591,2,16.68088,2,13.30625,-0.762005,45.5093,1
15.8141599763185, 16.673,15.8637347761542, 18.2472,2,16.68086,2,10.15162,-0.675705,43.9107,1
15.8305095769465, 16.6785,15.8798837754875, 15.1048,2,16.68086,2,12.42276,-0.410349,45.4855,1
15.8470289763063, 16.6573,15.8961046747863, 17.1469,2,16.68082,2,9.551005,0.157526,43.9117,1
15.8637347761542, 15.7179,15.9145233742893, 16.9179,2,16.67935,2,12.6635,-0.517356,44.4012,1
15.8798837754875, 17.0608,15.9291983740404, 16.2717,2,16.67993,2,10.89445,0.009301,45.6025,1
15.8961046747863, 15.9758,15.9472689749673, 16.6776,2,16.67885,2,12.13267,-0.29416,44.8137,1
15.9145233742893, 17.235,15.9636569758877, 17.9864,2,16.6797,2,10.03786,0.343435,45.5152,1
15.9291983740404, 16.3187,15.9794205753133, 13.8482,2,16.67915,2,12.4627,-0.463348,46.2672,1
15.9472689749673, 16.8136,15.9968791762367, 18.826,2,16.67936,2,10.29796,-1.160203,43.7969,1
15.9636569758877, 17.2388,16.0137540763244, 15.5899,2,16.68021,2,12.15366,-0.221673,45.8094,1
15.9794205753133, 18.1236,16.030242475681, 18.1821,2,16.6824,2,10.01715,-0.388021,44.161,1
15.9968791762367, 15.7776,16.0469314763322, 15.0017,2,16.68103,2,10.54,-0.858394,44.1924,1
16.0137540763244, 17.933,16.0629235757515, 17.5035,2,16.68293,2,13.05077,-0.694718,43.4441,1
16.030242475681, 15.8697,16.080097774975, 15.7962,2,16.6817,2,10.52482,-0.641396,43.0142,1
16.0469314763322, 17.0256,16.0975371757522, 19.2999,2,16.68221,2,10.52329,-0.829117,42.9406,1
16.0629235757515, 15.7534,16.1137257749215, 16.2304,2,16.68081,2,12.72212,-0.467157,45.2165,1
16.080097774975, 15.4597,16.1299718758091, 14.3646,2,16.67897,2,10.7992,-0.656327,45.6937,1
16.0975371757522, 17.5442,16.1471504764631, 18.9066,2,16.68028,2,10.46422,-1.042788,44.5987,1
16.1137257749215, 16.0436,16.1628654757515, 13.9656,2,16.67932,2,12.66946,-0.711262,45.9613,1
16.1299718758091, 16.6719,16.180209976621, 18.9469,2,16.67931,2,10.92613,-0.558356,43.8841,1
16.1471504764631, 16.352,16.1969404770061, 15.2,2,16.67882,2,10.59879,0.713113,46.1584,1
16.1628654757515, 17.2387,16.2137723779306, 18.2376,2,16.67966,2,12.94506,-0.585248,45.0072,1
16.180209976621, 15.9811,16.2301262775436, 14.7744,2,16.67861,2,10.82796,-1.576038,46.0055,1
16.1969404770061, 17.5823,16.2469661766663, 18.5902,2,16.67996,2,11.01629,-0.411163,44.8005,1
16.2137723779306, 16.1673,16.2637336766347, 14.977,2,16.6792,2,11.24815,0.123615,45.8083,1
16.2301262775436, 16.8701,16.2799303764477, 17.7275,2,16.67948,2,10.85874,0.619026,44.6183,1
16.2469661766663, 16.219,16.2959637762979, 14.4672,2,16.6788,2,11.89076,0.037201,45.4762,1
16.2637336766347, 16.8586,16.3136024763808, 19.5519,2,16.67906,2,12.16838,0.241477,43.7246,1
16.2799303764477, 16.3828,16.3302133763209, 15.1946,2,16.67863,2,10.04937,0.183642,46.4176,1
16.2959637762979, 17.7936,16.3466287767515, 17.8605,2,16.68027,2,11.0718,-1.383583,45.2292,1
16.3136024763808, 16.4743,16.3631353760138, 14.9632,2,16.67997,2,10.08342,1.307324,45.2973,1
16.3302133763209, 17.0867,16.3801536755636, 18.4554,2,16.68057,2,11.55886,-0.764135,43.7863,1
16.3466287767515, 16.6054,16.3972238758579, 15.1278,2,16.68046,2,9.792583,-1.255065,45.1548,1
16.3631353760138, 16.9644,16.4138355767354, 18.0571,2,16.68088,2,13.19368,0.115124,43.6779,1
16.3801536755636, 16.157,16.4305233759806, 15.3729,2,16.68011,2,9.083735,0.471236,44.7706,1
16.3972238758579, 17.0113,16.4471233757213, 18.316,2,16.68059,2,10.89126,-0.999372,43.9863,1
16.4138355767354, 16.4611,16.4641088759527, 15.168,2,16.68027,2,13.15618,-0.780827,45.2923,1
16.4305233759806, 17.1739,16.4804008761421, 18.03,2,16.68099,2,10.04386,-0.348591,43.9991,1
16.4471233757213, 15.8104,16.4975387761369, 15.4462,2,16.67972,2,9.887872,0.249863,44.8545,1
16.4641088759527, 17.5751,16.5131760770455, 17.5126,2,16.68102,2,12.68613,-0.791252,44.4915,1
16.4804008761421, 15.9358,16.5304881772026, 15.6573,2,16.67994,2,10.90349,-0.855225,44.429,1
16.4975387761369, 17.2387,16.5464594764635, 17.5151,2,16.68075,2,10.26284,0.214645,44.151,1
16.5131760770455, 14.2824,16.5662444764748, 18.1389,2,16.67728,2,11.60995,-1.053294,44.427,1
16.5304881772026, 18.9638,16.57981537655, 15.2281,2,16.68059,2,10.86263,-0.924842,48.2837,1
16.5464594764635, 14.5788,16.5967412758619, 15.1738,2,16.67755,2,12.65825,-0.451815,44.5492,1
16.5662444764748, 18.9291,16.6128961760551, 18.1068,2,16.6808,2,9.743494,-0.107556,45.1443,1
16.57981537655, 14.7772,16.6316242758185, 16.8144,2,16.67805,2,12.67934,0.691764,44.3224,1
16.5967412758619, 18.4004,16.6467646760866, 16.9845,2,16.68053,2,11.06561,-0.034132,46.3597,1
16.6128961760551, 15.342,16.6631486760452, 14.6564,2,16.67861,2,12.36436,0.254936,44.9446,1
16.6316242758185, 16.8513,16.6802030755207, 18.6587,2,16.67886,2,10.07894,0.353283,44.2593,1
16.6467646760866, 16.6188,16.6968406746164, 14.7993,2,16.67877,2,11.12393,-0.530917,46.0657,1
16.6631486760452, 17.3988,16.7138767754659, 18.7824,2,16.6798,2,10.18136,0.158809,44.2475,1
16.6802030755207, 16.3719,16.7298905747011, 14.4183,2,16.67936,2,11.49022,-0.41678,45.6308,1
16.6968406746164, 16.7949,16.7471372755244, 19.0646,2,16.67953,2,9.654817,-0.337136,43.6782,1
16.7138767754659, 16.4893,16.7640567747876, 15.1496,2,16.67926,2,12.43429,-0.282117,45.9471,1
16.7298905747011, 17.0756,16.7817759746686, 19.6779,2,16.67982,2,9.94098,-0.955983,44.6088,1
16.7471372755244, 15.8562,16.7979843737558, 14.0968,2,16.67865,2,12.39244,1.305033,47.2111,1
16.7640567747876, 17.6026,16.8138200743124, 17.5274,2,16.67996,2,10.31772,-0.241612,45.4506,1
16.7817759746686, 17.1157,16.8299873741344, 14.5684,2,16.68058,2,11.90978,1.292102,45.3772,1
16.7979843737558, 15.9945,16.8466512737796, 18.1844,2,16.67961,2,11.12097,1.154982,42.8298,1
16.8138200743124, 16.1278,16.8640957744792, 16.1098,2,16.67883,2,10.40211,0.365724,45.0204,1
16.8299873741344, 17.2162,16.880850574933, 18.3513,2,16.67959,2,10.1687,-0.225108,45.0026,1
16.8466512737796, 16.389,16.8979744752869, 15.2629,2,16.67918,2,10.07702,-0.393099,46.1378,1
16.8640957744792, 17.41,16.9137539761141, 17.3805,2,16.6802,2,9.023376,-0.193229,45.0125,1
16.880850574933, 15.5776,16.9301659753546, 14.9206,2,16.67866,2,11.50161,-0.078099,44.9814,1
16.8979744752869, 17.0037,16.9478065753356, 19.4435,2,16.67911,2,10.4466,0.751674,44.3255,1
16.9137539761141, 16.4238,16.9633155753836, 13.5779,2,16.67875,2,12.18713,-0.578173,46.7657,1
16.9301659753546, 17.5552,16.9835378760472, 20.3638,2,16.67998,2,10.2961,0.356921,43.9196,1
16.9478065753356, 15.925,16.9971454758197, 15.0663,2,16.67892,2,12.06373,-0.355073,46.7286,1
16.9633155753836, 16.937,17.0148707758635, 16.0437,2,16.67929,2,9.371673,-0.315779,45.8706,1
16.9835378760472, 16.3725,17.0299119763076, 16.8647,2,16.67886,2,12.26328,-0.061764,44.9776,1
16.9971454758197, 17.4289,17.04703537561, 17.0279,2,16.6799,2,9.603873,1.086581,45.4691,1
17.0148707758635, 16.2305,17.0648216754198, 16.2266,2,16.67928,2,12.21618,-0.512584,45.0682,1
17.0299119763076, 17.395,17.0826627761126, 19.4038,2,16.68027,2,10.16926,-0.140427,45.0658,1
17.04703537561, 14.8278,17.0966574763879, 12.3807,2,16.6777,2,12.01172,-0.996782,47.0749,1
17.0648216754198, 19.0861,17.1140916766599, 18.9936,2,16.68103,2,8.959684,0.294269,44.628,1
17.0826627761126, 16.3072,17.1302472772077, 14.7374,2,16.68052,2,12.18873,-0.849446,44.5357,1
17.0966574763879, 16.3888,17.1467853775248, 18.1843,2,16.68012,2,10.37988,1.484757,42.9668,1
17.1140916766599, 16.4505,17.1647230768576, 16.1711,2,16.6798,2,11.16903,-0.678639,44.7625,1
17.1302472772077, 16.9005,17.1797375772148, 16.4728,2,16.6801,2,11.65965,-0.339668,44.4822,1
17.1467853775248, 16.6069,17.1975743770599, 16.2673,2,16.68,2,11.30594,-0.678092,44.0555,1
17.1647230768576, 16.7127,17.2151861768216, 19.2904,2,16.68005,2,8.165339,-0.050732,43.7155,1
17.1797375772148, 16.9133,17.2314678765833, 14.6683,2,16.68037,2,12.62077,-0.063527,46.2948,1
17.1975743770599, 16.7612,17.2467794762924, 16.9444,2,16.68048,2,10.54079,-0.300896,44.0499,1
17.2151861768216, 16.5252,17.264831575565, 16.3809,2,16.68027,2,12.44733,-0.63969,44.2328,1
17.2314678765833, 17.2512,17.2804829748347, 17.1613,2,16.68105,2,10.10873,-0.58923,44.0891,1
17.2467794762924, 16.349,17.2991476757452, 17.3793,2,16.68059,2,11.7782,-0.888224,43.9993,1
17.264831575565, 16.7779,17.3139257756993, 16.1929,2,16.68073,2,10.69199,-0.509604,45.029,1
17.2804829748347, 16.0708,17.331454676576, 16.2749,2,16.6799,2,10.40413,-1.463739,44.4441,1
17.2991476757452, 17.0616,17.3495499761775, 19.5016,2,16.68041,2,11.44712,0.657981,44.6486,1
17.3139257756993, 15.423,17.3646088764071, 15.3895,2,16.67871,2,10.6339,-0.052835,47.0903,1
17.331454676576, 16.9118,17.380803976208, 14.0591,2,16.67903,2,11.94554,-1.087779,47.0568,1
17.3495499761775, 18.0221,17.3971163760871, 18.0117,2,16.68084,2,11.18762,-0.089744,44.2048,1
17.3646088764071, 16.098,17.4141731765121, 15.3586,2,16.68005,2,9.642835,-0.142281,44.1882,1
17.380803976208, 16.8698,17.4325431771576, 19.9225,2,16.68031,2,11.90638,0.582292,43.4551,1
17.3971163760871, 16.2722,17.4478512769565, 15.5931,2,16.67976,2,11.51614,0.825511,46.5082,1
17.4141731765121, 16.7934,17.4650229765102, 15.3144,2,16.67991,2,10.29198,-0.591544,45.8287,1
17.4325431771576, 16.818,17.4806764768437, 17.2987,2,16.6801,2,12.00731,0.498302,44.3504,1
17.4478512769565, 16.8424,17.4976636776701, 17.223,2,16.68032,2,9.389289,-0.420182,44.8316,1
17.4650229765102, 16.6846,17.5145832775161, 15.0946,2,16.68032,2,9.365344,-0.705942,45.2122,1
17.4806764768437, 16.3021,17.5305747771636, 18.2737,2,16.67982,2,12.3132,-0.481518,43.6227,1
17.4976636776701, 16.779,17.5476185763255, 16.7334,2,16.67995,2,9.525782,0.677747,45.5952,1
17.5145832775161, 17.2008,17.564492075704, 15.1405,2,16.68064,2,9.828942,-0.143126,45.5494,1
17.5305747771636, 16.2534,17.5818524761125, 18.4277,2,16.68007,2,12.38932,0.048839,43.4888,1
17.5476185763255, 16.9922,17.5983244767413, 15.1762,2,16.68049,2,8.419553,-0.587705,45.6631,1
17.564492075704, 16.3067,17.6140614775941, 17.1818,2,16.67999,2,10.94213,1.409892,43.8479,1
17.5818524761125, 16.7987,17.6311926776543, 15.8013,2,16.68015,2,10.10446,-0.215589,44.7231,1
17.5983244767413, 16.7163,17.6481094779447, 18.2896,2,16.6802,2,11.61341,0.103376,43.7252,1
17.6140614775941, 15.5545,17.6638283776119, 14.2321,2,16.67871,2,8.254008,0.47182,45.2988,1
17.6311926776543, 17.579,17.6817937782034, 19.4589,2,16.6799,2,7.109089,-0.169963,43.9778,1
17.6481094779447, 16.5721,17.6978884777054, 14.6508,2,16.67976,2,7.140724,0.185545,45.8576,1
17.6638283776119, 16.5515,17.7152494778857, 19.1664,2,16.67959,2,8.15058,-0.978013,43.9356,1
17.6817937782034, 16.0772,17.7318968782201, 15.105,2,16.67879,2,7.589163,-0.615459,46.5524,1
17.6978884777054, 17.332,17.7488216785714, 18.1847,2,16.67965,2,8.226755,-0.773583,45.5801,1
17.7152494778857, 15.0687,17.7646969789639, 14.3958,2,16.67754,2,6.643813,-0.889267,46.4333,1
17.7318968782201, 18.5424,17.7818240793422, 18.7458,2,16.67998,2,7.960859,-0.537621,45.7607,1
17.7488216785714, 14.692,17.7993027800694, 15.854,2,16.67738,2,8.404183,-0.710454,45.9635,1
17.7646969789639, 18.4987,17.8149592792615, 17.2413,2,16.67976,2,9.639367,-0.122198,47.127,1
17.7818240793422, 15.0144,17.831714679487, 15.2174,2,16.67759,2,7.984521,-0.282735,45.8706,1
17.7993027800694, 18.3155,17.8490320788696, 19.0257,2,16.67972,2,8.030454,-0.417821,46.0721,1
17.8149592792615, 16.7453,17.8662855783477, 15.5142,2,16.67981,2,8.398198,-0.049506,46.7836,1
17.831714679487, 16.4543,17.8807544782758, 15.7709,2,16.67952,2,0.923261,-0.213431,45.5526,1
17.8490320788696, 16.7065,17.8980026785284, 15.8254,2,16.67955,2,7.899335,0.14271,44.8707,1
17.8662855783477, 17.8554,17.9165315777063, 20.3962,2,16.68107,2,7.591221,-0.501784,43.9883,1
17.8807544782758, 14.8878,17.9307440780103, 12.4843,2,16.67875,2,7.419706,-0.644427,46.5302,1
17.8980026785284, 17.0326,17.9500154778361, 21.0007,2,16.67921,2,8.894331,-0.805546,44.1265,1
17.9165315777063, 16.5837,17.9646890778095, 12.876,2,16.67909,2,7.32609,-0.444956,48.0955,1
17.9307440780103, 16.9349,17.9810143783689, 17.8814,2,16.67942,2,6.521684,-0.601797,44.3882,1
17.9500154778361, 16.1136,17.9984062779695, 15.809,2,16.67869,2,8.612327,0.272101,45.3349,1
17.9646890778095, 16.7965,18.0150136779994, 18.198,2,16.67884,2,7.718946,-0.365041,45.0297,1
17.9810143783689, 17.0034,18.0317303780466, 15.2469,2,16.67926,2,7.935356,0.471659,46.4327,1
17.9984062779695, 16.5396,18.0493014771491, 19.813,2,16.67908,2,8.505097,-0.160241,44.6748,1
18.0150136779994, 16.3884,18.064638976939, 12.9807,2,16.67871,2,8.138899,0.202363,47.9498,1
18.0317303780466, 17.0125,18.0808504773304, 17.6224,2,16.67913,2,5.482341,0.548894,44.5424,1
18.0493014771491, 16.9452,18.0984052764252, 16.2027,2,16.67947,2,8.770841,-0.601796,45.1524,1
18.064638976939, 17.8477,18.1149593768641, 18.2692,2,16.68096,2,5.605341,-1.246745,44.4106,1
18.0808504773304, 15.6939,18.1307781776413, 14.2365,2,16.6797,2,8.521937,-1.398611,44.822,1
18.0984052764252, 17.0464,18.1498615769669, 20.6682,2,16.68017,2,5.916206,-0.900161,43.3749,1
18.1149593768641, 16.1027,18.1648376770318, 13.1863,2,16.67944,2,5.987996,0.307588,46.9957,1
18.1307781776413, 17.41,18.1817338764668, 18.5616,2,16.68037,2,6.794745,0.651607,44.0809,1
18.1498615769669, 16.8079,18.1984642762691, 15.0298,2,16.68053,2,7.791911,-0.500935,45.2316,1
18.1648376770318, 16.338,18.2146628759801, 17.8618,2,16.68009,2,9.670261,-0.146396,43.4552,1
18.1817338764668, 15.7997,18.2320862766355, 15.9135,2,16.67898,2,8.203512,-1.325657,44.9784,1
18.1984642762691, 16.6018,18.2488082759082, 18.2965,2,16.67888,2,7.486893,0.047582,45.0928,1
18.2146628759801, 16.468,18.2654480766505, 14.9458,2,16.67862,2,7.464335,-0.618698,46.7882,1
18.2320862766355, 17.1359,18.2820183765143, 18.4376,2,16.67919,2,8.385496,-0.779124,45.2566,1
18.2488082759082, 16.6227,18.298881676048, 15.1618,2,16.67912,2,7.941357,-0.418339,46.5676,1
18.2654480766505, 17.3005,18.3161151763052, 19.1547,2,16.6799,2,11.20922,-0.077327,45.1073,1
18.2820183765143, 15.8667,18.3320023771375, 14.1179,2,16.67888,2,6.272598,0.268497,46.9619,1
18.298881676048, 16.9768,18.3479757774621, 17.3223,2,16.67925,2,7.977124,0.617579,45.2126,1
18.3161151763052, 17.2402,18.3661991767585, 16.8456,2,16.67996,2,9.779739,-1.038979,45.5594,1
18.3320023771375, 15.8764,18.3829834759235, 18.3031,2,16.67895,2,7.638127,0.306821,45.1644,1
18.3479757774621, 16.5056,18.3988603763282, 14.1398,2,16.67874,2,7.384103,0.137901,47.5916,1
18.3661991767585, 17.1523,18.4157985765487, 18.4531,2,16.67933,2,7.876721,-0.509702,45.2262,1
18.3829834759235, 16.9948,18.4329598769546, 15.6481,2,16.67972,2,6.608679,-1.684605,46.5264,1
18.3988603763282, 16.5146,18.4500163774937, 18.8455,2,16.67951,2,9.246379,-0.779634,45.1808,1
18.4157985765487, 16.2314,18.4658902771771, 14.0124,2,16.67896,2,7.099399,0.515345,47.5122,1
18.4329598769546, 16.8678,18.4831061773002, 18.8823,2,16.67919,2,8.735402,-0.138515,45.2926,1
18.4500163774937, 16.3856,18.4987714774907, 16.3162,2,16.67883,2,7.907305,-0.288227,47.3082,1
18.4658902771771, 16.9322,18.5152257774025, 14.2314,2,16.67914,2,10.67763,0.071612,47.2377,1
18.4831061773002, 17.183,18.5322021767497, 18.7427,2,16.67977,2,8.014855,-0.085408,44.5376,1
18.4987714774907, 15.7478,18.5490476768464, 15.2215,2,16.67861,2,8.293215,0.253816,46.098,1
18.5152257774025, 17.5021,18.5646508764476, 17.1139,2,16.67963,2,7.342927,-0.386311,45.5714,1
18.5322021767497, 16.2227,18.5823783762753, 16.1686,2,16.67907,2,8.210088,-0.018395,45.1833,1
18.5490476768464, 17.6188,18.598934777081, 18.1612,2,16.68022,2,8.504008,-1.191418,45.1306,1
18.5646508764476, 16.2465,18.6149977762252, 14.2309,2,16.67969,2,6.501484,-0.839396,45.6731,1
18.5823783762753, 17.5685,18.6330535765737, 19.9041,2,16.68078,2,8.687911,-1.001774,43.6565,1
18.598934777081, 16.5684,18.6498379763216, 15.013,2,16.68064,2,9.348895,-0.645252,45.994,1
18.6149977762252, 17.2903,18.6657434757799, 17.2929,2,16.68139,2,9.931318,-0.357373,44.4383,1
18.6330535765737, 15.9237,18.6825611758977, 15.32,2,16.68046,2,12.9283,-0.01897,44.4407,1
18.6498379763216, 17.259,18.6980202756822, 17.0152,2,16.68117,2,8.690774,-0.229358,43.838,1
18.6657434757799, 16.2617,18.7150262761861, 15.6867,2,16.68066,2,17.34845,0.121199,43.5944,1
18.6825611758977, 16.8862,18.7322107758373, 18.995,2,16.68091,2,9.031573,-1.061856,43.0193,1
18.6980202756822, 15.9122,18.7486095763743, 14.4841,2,16.67997,2,10.88547,-0.714916,45.1289,1
18.7150262761861, 16.4359,18.7651787772775, 17.9837,2,16.67968,2,9.560758,-0.332617,43.7016,1
18.7322107758373, 15.9788,18.7819508779794, 15.3731,2,16.67882,2,10.2608,0.018745,45.2469,1
18.7486095763743, 17.3168,18.8000260777771, 19.8536,2,16.6796,2,10.26456,-1.154777,44.6439,1
18.7651787772775, 15.9111,18.8159220777452, 14.1217,2,16.67867,2,8.655616,-0.736948,47.1802,1
18.7819508779794, 17.1612,18.8318752776831, 17.5855,2,16.67925,2,10.83352,-0.248134,45.3913,1
18.8000260777771, 16.9558,18.8479050770402, 14.3693,2,16.67959,2,12.00266,-0.797121,45.8166,1
18.8159220777452, 16.1689,18.8660918772221, 19.6044,2,16.67897,2,10.97188,0.215351,43.2294,1
18.8318752776831, 16.6313,18.8815656770021, 13.904,2,16.67891,2,12.91935,-0.450968,46.6663,1
18.8479050770402, 17.3536,18.8997675776482, 18.3677,2,16.67972,2,11.30413,-0.059768,43.9392,1
18.8660918772221, 16.6992,18.9166789781302, 18.8234,2,16.67975,2,12.10452,0.374256,44.9531,1
18.8815656770021, 16.8268,18.9326993785799, 14.0944,2,16.67993,2,11.25955,-0.224052,47.0782,1
18.8997675776482, 16.0963,18.9500126782805, 17.368,2,16.67922,2,9.801368,-0.781673,44.3453,1
18.9166789781302, 17.5769,18.9659971781075, 17.4902,2,16.6803,2,11.10707,0.211372,45.6176,1
18.9326993785799, 15.5265,18.9818674772978, 14.436,2,16.67892,2,10.23704,-0.619549,45.5315,1
18.9500126782805, 16.6111,19.0007975772023, 18.8406,2,16.67884,2,11.37805,-0.589395,44.4371,1
18.9659971781075, 17.0558,19.016011477448, 15.1717,2,16.67929,2,10.19167,-0.071985,46.6706,1
18.9818674772978, 16.6516,19.0336550781503, 19.0322,2,16.67925,2,11.03493,-0.073011,44.7863,1
19.0007975772023, 16.4551,19.050131178461, 14.9831,2,16.67899,2,11.57965,-0.483335,47.1677,1
19.016011477448, 17.2996,19.0675280792639, 17.3709,2,16.67973,2,10.78119,-0.581979,45.6949,1
19.0336550781503, 16.7936,19.0819916790351, 16.8894,2,16.67986,2,12.38078,0.045639,45.7667,1
19.050131178461, 16.4476,19.0993199786171, 15.1372,2,16.67959,2,10.22481,0.411504,45.856,1
19.0675280792639, 16.8103,19.1162174781784, 18.6095,2,16.67974,2,11.76843,-0.178861,44.5532,1
19.0819916790351, 14.669,19.1329278787598, 15.0127,2,16.67736,2,8.938879,-0.615537,46.352,1
19.0993199786171, 18.3124,19.1493727779016, 18.0191,2,16.67929,2,12.49956,-0.65556,46.6966,1
19.1162174781784, 16.8722,19.165934077464, 14.9332,2,16.67952,2,10.0873,0.483003,46.4038,1
19.1329278787598, 16.8048,19.1833152780309, 19.0657,2,16.67967,2,9.668961,-1.492085,44.4652,1
19.1493727779016, 16.646,19.2002407787368, 15.1317,2,16.67963,2,11.84884,0.050343,46.7248,1
19.165934077464, 16.2261,19.2160167796537, 17.3129,2,16.67909,2,10.77196,-0.424601,45.2122,1
19.1833152780309, 17.843,19.2316290792078, 14.1896,2,16.68047,2,12.1462,0.124925,46.2993,1
19.2002407787368, 15.5569,19.2496357783675, 19.6834,2,16.67915,2,9.926085,-0.41313,42.6453,1
19.2160167796537, 17.2071,19.26678397879, 15.7301,2,16.67976,2,13.22866,-0.438056,46.7732,1
19.2316290792078, 16.7344,19.2830974794924, 17.7213,2,16.67983,2,10.1127,0.350623,45.2963,1
19.2496357783675, 16.2103,19.3003510795534, 15.8224,2,16.67928,2,12.16568,-0.796355,46.2921,1
19.26678397879, 16.9513,19.3157856799662, 16.5099,2,16.6796,2,9.97483,-0.602891,45.904,1
19.2830974794924, 16.5349,19.3329937793314, 15.9166,2,16.67943,2,12.36386,-0.796354,45.4636,1
19.3003510795534, 16.6078,19.3497456796467, 18.3784,2,16.67934,2,10.65238,-1.379054,44.8453,1
19.3157856799662, 16.4762,19.3656538799405, 14.1264,2,16.67911,2,11.51886,-0.879157,46.6171,1
19.3329937793314, 16.7602,19.3818169794977, 18.0151,2,16.6792,2,11.13519,-0.458559,44.2679,1
19.3497456796467, 17.0997,19.3990652803332, 15.5308,2,16.67969,2,10.87085,0.276662,45.5221,1
19.3656538799405, 16.2915,19.4157483801246, 18.1434,2,16.67924,2,12.66765,-0.585271,43.954,1
19.3818169794977, 17.7133,19.433582380414, 16.3173,2,16.68044,2,11.79826,-1.721499,45.8062,1
19.3990652803332, 16.8047,19.4489456806332, 17.0035,2,16.68058,2,12.52896,-0.47816,44.4104,1
19.4157483801246, 16.6287,19.4665226805955, 15.8024,2,16.68052,2,10.38094,-1.023228,44.6102,1
19.433582380414, 17.175,19.482559479773, 17.8608,2,16.6811,2,11.36387,-0.713032,43.7838,1
19.4489456806332, 15.8797,19.4986740797758, 14.3558,2,16.68017,2,10.9464,0.068977,44.469,1
19.4665226805955, 16.8212,19.5167723800987, 19.8623,2,16.68033,2,13.53936,0.236495,42.9455,1
19.482559479773, 16.9607,19.5327062793076, 14.3674,2,16.68065,2,12.37663,-0.652304,45.9873,1
19.4986740797758, 16.7478,19.550176680088, 18.9,2,16.68073,2,11.19483,-0.968977,43.3937,1
19.5167723800987, 16.406,19.5667153801769, 14.917,2,16.68042,2,11.07872,-0.222269,45.5466,1
19.5327062793076, 16.8104,19.5818690797314, 16.705,2,16.68057,2,11.89071,-0.719196,44.0586,1
19.550176680088, 16.7016,19.5997277805582, 16.3845,2,16.68059,2,9.812704,0.206672,43.9529,1
19.5667153801769, 16.9865,19.616987480782, 18.9151,2,16.68094,2,10.96658,-0.889015,43.6368,1
19.5818690797314, 16.0115,19.6325519811362, 13.7573,2,16.68017,2,12.69597,0.161591,45.5642,1
19.5997277805582, 16.912,19.6490794811398, 18.4486,2,16.68044,2,10.5128,-1.100906,43.3109,1
19.616987480782, 15.9466,19.6666289810091, 15.6669,2,16.6796,2,12.22313,0.126207,44.8485,1
19.6325519811362, 16.2197,19.6837403811514, 18.7825,2,16.67908,2,9.970315,-0.784489,44.568,1
19.6490794811398, 16.5833,19.6992281815037, 13.8225,2,16.67897,2,12.59541,0.645904,47.1324,1
19.6666289810091, 16.8649,19.7160172807053, 18.6848,2,16.67918,2,9.981206,0.244483,44.3718,1
19.6837403811514, 16.9912,19.732790379785, 15.29,2,16.67953,2,13.00069,0.165468,46.1918,1
19.6992281815037, 16.166,19.7503098798916, 18.9628,2,16.67895,2,9.929989,-1.399414,44.4905,1
19.7160172807053, 16.6489,19.7665479807183, 14.4411,2,16.67892,2,12.2508,-0.364452,47.2862,1
19.732790379785, 17.636,19.7833383800462, 18.4943,2,16.68,2,9.533017,-0.023153,45.0802,1
19.7503098798916, 16.2831,19.7997559802607, 14.7468,2,16.67955,2,11.54333,-1.729023,45.939,1
19.7665479807183, 16.9656,19.8165986808017, 18.0186,2,16.67987,2,9.987214,-0.02499,44.4025,1
19.7833383800462, 16.5226,19.8327634809539, 15.008,2,16.6797,2,13.30385,-0.973223,45.4561,1
19.7997559802607, 16.8038,19.8500335803255, 18.7935,2,16.67984,2,10.61825,-0.047471,43.9252,1
19.8165986808017, 16.7967,19.8660494806245, 14.4063,2,16.67997,2,11.97462,-1.20702,45.9319,1
19.8327634809539, 17.1703,19.8835095809773, 19.0483,2,16.68052,2,12.13399,-0.035716,43.5414,1
19.8500335803255, 16.1209,19.8997359806672, 14.5728,2,16.67989,2,11.53452,-0.273778,45.4126,1
19.8660494806245, 17.7699,19.9165324801579, 18.3878,2,16.68112,2,11.12397,0.115331,43.8723,1
19.8835095809773, 15.7788,19.9330598795786, 15.1145,2,16.6801,2,11.80852,-0.678613,44.4905,1
19.8997359806672, 16.5736,19.9501974796876, 18.6969,2,16.67999,2,11.52632,0.15514,43.8262,1
19.9165324801579, 16.8781,19.9669887805358, 15.1877,2,16.68021,2,11.49598,-0.029767,45.95,1
19.9330598795786, 16.8649,19.9826315799728, 17.2007,2,16.68041,2,10.40767,0.233584,44.2597,1
19.9501974796876, 16.5012,19.9997774800286, 15.4706,2,16.68021,2,11.68851,-0.677287,44.5894,1
19.9669887805358, 16.3415,20.0167512791231, 18.5895,2,16.67983,2,10.68716,-0.193157,43.5659,1
19.9826315799728, 16.3115,20.0336989788339, 15.4277,2,16.67942,2,11.60737,-0.250497,45.8138,1
19.9997774800286, 16.9954,20.0499543780461, 17.7338,2,16.67978,2,10.28362,-0.019391,44.9312,1
20.0167512791231, 16.374,20.0657989783213, 14.1608,2,16.67944,2,11.70279,-0.656491,45.6695,1
20.0336989788339, 17.3245,20.0827410789207, 18.4693,2,16.68015,2,11.13666,-0.353067,43.4562,1
20.0499543780461, 16.1969,20.1007181787863, 16.6008,2,16.67962,2,11.9875,-0.387104,44.602,1
20.0657989783213, 16.878,20.1168785793707, 17.7676,2,16.67984,2,10.54989,-0.806027,45.0061,1
20.0827410789207, 16.5179,20.1340055791661, 15.6704,2,16.67966,2,11.74569,-1.301198,45.8957,1
20.1007181787863, 16.8949,20.1501672798768, 17.8428,2,16.6799,2,10.80077,-0.632148,45.0486,1
20.1168785793707, 16.8191,20.1668508807197, 14.7403,2,16.68005,2,11.9268,-0.154955,45.9966,1
20.1340055791661, 16.7274,20.1829069806263, 17.735,2,16.6801,2,10.81743,-0.146226,43.9186,1
20.1501672798768, 16.4217,20.2007193798199, 16.2155,2,16.67982,2,12.6655,-0.928563,44.9262,1
20.1668508807197, 16.8731,20.21655627992, 17.5216,2,16.68003,2,11.66185,0.062007,44.7203,1
20.1829069806263, 15.9796,20.2337245801464, 15.5719,2,16.67926,2,12.52135,-1.508272,45.3691,1
20.2007193798199, 16.4031,20.250224580057, 18.0025,2,16.67896,2,10.36783,-0.970505,44.9613,1
20.21655627992, 16.6551,20.2672061799094, 17.2281,2,16.67893,2,11.92956,0.617104,46.5613,1
20.2337245801464, 17.0158,20.2837936794385, 16.2946,2,16.6793,2,11.03539,0.987795,47.1343,1
20.250224580057, 16.7902,20.2997000785545, 14.3235,2,16.67942,2,11.82447,-0.828856,46.4136,1
20.2672061799094, 16.8984,20.316867779009, 18.9265,2,16.67966,2,11.8855,-0.403181,43.9472,1
20.2837936794385, 15.7147,20.3339831782505, 15.5661,2,16.67861,2,12.7309,-0.174476,45.9307,1
20.2997000785545, 17.4398,20.3505734773353, 18.0636,2,16.67944,2,9.341005,-0.521087,45.8257,1
20.316867779009, 16.7722,20.3676128769293, 15.5657,2,16.67954,2,10.42576,-0.646869,46.4498,1
20.3339831782505, 16.0436,20.3836159771308, 17.4155,2,16.67884,2,10.97268,-1.305986,45.2442,1
20.3505734773353, 16.7491,20.3998637767509, 14.6052,2,16.67892,2,12.16318,-0.300691,46.6169,1
20.3676128769293, 17.094,20.416682976298, 18.4173,2,16.67937,2,10.37749,-0.618562,44.4731,1
20.3836159771308, 16.7234,20.4337945757434, 15.487,2,16.67942,2,12.17557,-0.424456,45.7969,1
20.3998637767509, 16.726,20.4498707754537, 17.7118,2,16.67947,2,10.92099,-0.016375,44.5609,1
20.416682976298, 16.3187,20.4669325752184, 15.6708,2,16.67908,2,13.13519,-0.294391,45.5471,1
20.4337945757434, 16.9598,20.4845333760604, 19.1845,2,16.67938,2,10.29016,-1.379889,44.8994,1
20.4498707754537, 16.3557,20.5007768766955, 14.5183,2,16.67903,2,10.75686,-1.319969,47.1248,1
20.4669325752184, 17.2497,20.5185148762539, 19.3388,2,16.67965,2,12.11448,0.5117,45.2862,1
20.4845333760604, 16.7139,20.5340671762824, 14.0626,2,16.67969,2,10.06769,0.288315,47.3758,1
20.5007768766955, 16.4928,20.5497578755021, 17.0321,2,16.67949,2,11.94049,0.098784,44.726,1
20.5185148762539, 17.1359,20.5676432754844, 16.27,2,16.67998,2,10.98587,0.153053,45.2651,1
20.5340671762824, 16.41,20.5837195757776, 17.6754,2,16.67969,2,13.0566,-0.744891,44.3993,1
20.5497578755021, 15.9523,20.5996927749366, 14.3779,2,16.67891,2,9.585385,-0.101003,45.665,1
20.5676432754844, 16.9684,20.617896175012, 19.8255,2,16.67922,2,11.41242,0.799228,44.0917,1
20.5837195757776, 16.7149,20.6337874755263, 14.4105,2,16.67925,2,10.01785,-0.546765,46.9471,1
20.5996927749366, 17.1824,20.6517779752612, 19.7033,2,16.67979,2,11.44409,-0.062937,44.6446,1
20.617896175012, 16.4395,20.668098974973, 14.7697,2,16.67954,2,11.1054,-0.352425,47.1661,1
20.6337874755263, 16.7205,20.6844796743244, 18.0769,2,16.67958,2,11.90817,-0.605849,45.4943,1
20.6517779752612, 16.4081,20.6997466739267, 13.497,2,16.67929,2,9.491165,-0.472899,46.8508,1
20.668098974973, 16.023,20.7179515734315, 19.8565,2,16.67859,2,12.43264,0.040339,43.9406,1
20.6844796743244, 17.8277,20.734072573483, 14.4518,2,16.67981,2,10.47402,0.625362,47.7759,1
20.6997466739267, 16.4288,20.7511009741575, 18.9652,2,16.67955,2,11.85325,0.278885,44.3993,1
20.7179515734315, 15.404,20.7671596743166, 14.1023,2,16.67819,2,10.2297,0.11762,46.9361,1
20.734072573483, 18.0458,20.7839495744556, 18.4988,2,16.67964,2,12.39536,0.188258,45.635,1
20.7511009741575, 15.2441,20.7997241746634, 14.0662,2,16.67812,2,10.10844,-0.413867,46.0888,1
20.7671596743166, 18.6122,20.8192043751478, 21.2637,2,16.68017,2,11.13192,-0.825613,44.9107,1
20.7839495744556, 15.5051,20.8336673751473, 12.523,2,16.67893,2,9.65748,0.870256,47.5626,1
20.7997241746634, 17.31,20.8503385744989, 18.3351,2,16.67959,2,11.58214,-1.124797,44.5815,1
20.8192043751478, 16.2959,20.8692380748689, 17.5081,2,16.67919,2,10.01917,0.2625,45.6055,1
20.8336673751473, 17.0145,20.8836498744786, 15.6731,2,16.67954,2,11.59011,-0.025652,46.8108,1
20.8503385744989, 16.6477,20.9021801743656, 17.1807,2,16.67951,2,11.12484,-0.926409,45.4625,1
20.8692380748689, 17.9335,20.9172831745818, 16.7921,2,16.68083,2,10.8882,-0.083018,45.9976,1
20.8836498744786, 15.271,20.9339771745726, 14.9796,2,16.67935,2,11.2903,0.10078,44.8684,1
20.9021801743656, 16.315,20.951200674288, 19.5782,2,16.67896,2,11.29795,-0.154349,44.5789,1
20.9172831745818, 16.4866,20.9672078741714, 13.6602,2,16.67876,2,9.992209,-0.143175,47.8426,1
20.9339771745726, 17.2596,20.9840540746227, 18.6937,2,16.67937,2,12.83112,-0.812471,45.0166,1
20.951200674288, 17.296,21.0019622752443, 16.0601,2,16.68002,2,10.68372,-0.306186,46.4501,1
20.9672078741714, 16.4757,21.0176775744185, 17.2439,2,16.6798,2,11.77865,0.4978,45.2153,1
20.9840540746227, 15.9672,21.0338565735146, 14.51,2,16.67906,2,10.27427,-0.046175,45.9823,1
21.0019622752443, 17.7197,21.0517927734181, 19.506,2,16.68014,2,11.95707,-0.528351,44.5271,1
21.0176775744185, 15.8871,21.0677936738357, 14.3927,2,16.67932,2,11.13739,-0.048472,46.3113,1
21.0338565735146, 17.8046,21.0850811740384, 19.1839,2,16.68049,2,12.0233,-1.037181,44.8196,1
21.0517927734181, 15.7397,21.1019596746191, 15.264,2,16.67951,2,9.402375,-0.2841,46.1967,1
21.0677936738357, 17.7339,21.1188451750204, 18.1736,2,16.6806,2,9.853551,-0.242756,45.7233,1
21.0850811740384, 15.8385,21.1348750749603, 14.6135,2,16.67973,2,12.17067,-0.13557,46.1614,1
21.1019596746191, 17.512,21.1514628743753, 18.549,2,16.68059,2,9.941881,-0.45293,44.9374,1
21.1188451750204, 14.8311,21.1672205748037, 13.8357,2,16.67868,2,12.6576,-0.250228,45.9762,1
21.1348750749603, 18.5529,21.1840477744117, 18.2337,2,16.68062,2,10.38906,-0.174609,44.9806,1
21.1514628743753, 16.0655,21.2018246753141, 16.5142,2,16.67998,2,11.87917,-0.646407,44.6601,1
21.1672205748037, 17.1152,21.2181419758126, 17.8737,2,16.68043,2,10.31283,-1.327971,45.1112,1
21.1840477744117, 16.2507,21.2363664759323, 16.5092,2,16.67999,2,12.22663,-0.325197,45.8692,1
21.2018246753141, 16.9415,21.2519136760384, 17.2821,2,16.68026,2,10.31341,-0.38127,46.1285,1
21.2181419758126, 16.0877,21.2678007762879, 14.07,2,16.67965,2,12.01841,-0.684639,46.4618,1
21.2363664759323, 17.8033,21.2851669769734, 19.0509,2,16.6808,2,10.96767,-0.873507,44.4522,1
21.2519136760384, 15.8189,21.3020967766643, 15.4971,2,16.67992,2,13.1827,-0.522865,45.6999,1
21.2678007762879, 17.2297,21.3189349770546, 18.368,2,16.68048,2,10.30727,-0.17024,45.3786,1
21.2851669769734, 15.8741,21.334041477181, 13.4958,2,16.67966,2,11.79414,-0.194847,46.5169,1
21.3020967766643, 17.6711,21.351805777289, 19.7487,2,16.68067,2,10.61401,-0.201238,44.1379,1
21.3189349770546, 16.3538,21.3679683776572, 13.9681,2,16.68034,2,12.33397,-0.257009,46.2151,1
21.334041477181, 16.646,21.3848906783387, 18.8529,2,16.6803,2,10.55724,0.0324,43.8322,1
21.351805777289, 16.0326,21.4019993776456, 15.3152,2,16.67964,2,12.11325,-0.341122,46.0389,1
21.3679683776572, 17.735,21.4190018782392, 19.8627,2,16.68072,2,10.73404,0.109653,45.3139,1
21.3848906783387, 16.0239,21.4353003790602, 13.4754,2,16.68005,2,12.04471,-0.951289,47.4467,1
21.4019993776456, 17.5394,21.4522797791287, 18.6162,2,16.68092,2,10.4072,-0.313342,44.9016,1
21.4190018782392, 15.7456,21.4684686800465, 14.4859,2,16.67997,2,11.92242,-0.988219,45.9783,1
21.4353003790602, 17.0132,21.4840850802138, 17.466,2,16.68031,2,10.57095,0.487995,44.719,1
21.4522797791287, 16.3431,21.5015190793201, 15.5534,2,16.67997,2,11.80789,-0.999654,45.1721,1
21.4684686800465, 17.2738,21.517307379283, 17.4773,2,16.68057,2,10.97334,-0.757152,44.3826,1
21.4840850802138, 16.2013,21.5349250799045, 16.1823,2,16.68008,2,11.99492,-1.281707,44.5865,1
21.5015190793201, 17.0578,21.5518637793139, 18.6244,2,16.68047,2,11.15901,0.72856,44.5666,1
21.517307379283, 16.3795,21.5677539790049, 14.0106,2,16.68016,2,9.699954,-0.79325,46.1347,1
21.5349250799045, 16.5542,21.5854262793437, 19.1074,2,16.68003,2,11.15135,-1.196208,43.7661,1
21.5518637793139, 15.4123,21.6017514793202, 14.8216,2,16.67876,2,12.66111,-0.72568,46.3194,1
21.5677539790049, 17.5008,21.6185543788597, 18.6144,2,16.67958,2,11.22874,-0.758682,45.7246,1
21.5854262793437, 16.7857,21.6341436784714, 13.8765,2,16.67969,2,11.09645,-0.402544,46.8416,1
21.6017514793202, 16.8066,21.6515013780445, 18.9836,2,16.67982,2,10.78881,-1.076671,43.9342,1
21.6185543788597, 16.4742,21.667857978493, 14.719,2,16.67961,2,12.81538,-0.484327,46.1113,1
21.6341436784714, 16.0755,21.6847417782992, 18.5256,2,16.67901,2,10.83418,-0.251047,44.3568,1
21.6515013780445, 16.8493,21.701091978699, 16.61,2,16.67918,2,12.71814,0.750903,46.8062,1
21.667857978493, 16.6045,21.7179148793221, 14.8177,2,16.6791,2,10.61277,0.328443,46.5675,1
21.6847417782992, 16.6596,21.7361800801009, 20.1719,2,16.67908,2,12.87543,-0.526735,44.7808,1
21.701091978699, 16.2467,21.7522622793913, 14.6966,2,16.67865,2,10.48975,-1.081542,48.2924,1
21.7179148793221, 17.4664,21.7683100793511, 17.2293,2,16.67944,2,12.0217,-1.04887,46.7429,1
21.7361800801009, 16.0739,21.7855827789754, 15.4615,2,16.67883,2,9.020657,-0.295956,46.5074,1
21.7522622793913, 17.8762,21.8010059790686, 17.2627,2,16.68003,2,11.60754,-0.209932,45.8989,1
21.7683100793511, 15.6976,21.8189498791471, 16.2952,2,16.67905,2,10.75594,0.229664,45.2864,1
21.7855827789754, 16.9536,21.8349559800699, 17.5913,2,16.67932,2,12.86987,-0.666492,45.8843,1
21.8010059790686, 15.9747,21.8506278796121, 13.9195,2,16.67862,2,11.36416,-0.928604,46.5216,1
21.8189498791471, 17.4312,21.8681988799945, 19.5658,2,16.67937,2,11.93503,0.006442,44.4667,1
21.8349559800699, 15.961,21.8849575808272, 14.9056,2,16.67866,2,10.26254,-1.151238,46.6014,1
21.8506278796121, 17.76,21.9017382813618, 18.553,2,16.67973,2,11.68079,0.797137,45.5471,1
21.8681988799945, 17.0701,21.9188968809322, 15.4609,2,16.68011,2,10.9737,-0.671048,46.3404,1
21.8849575808272, 15.9749,21.9354313807562, 18.3422,2,16.67942,2,12.73906,0.367494,44.73,1
21.9017382813618, 16.5449,21.9509346811101, 14.0293,2,16.67928,2,9.973038,-1.277407,47.0982,1
21.9188968809322, 16.8488,21.968499080278, 18.7133,2,16.67945,2,13.07796,-0.798484,44.5839,1
21.9354313807562, 16.9706,21.9858067808673, 15.6927,2,16.67974,2,9.387648,0.279046,46.4485,1
21.9509346811101, 16.5209,22.0021068817005, 18.0368,2,16.67958,2,11.00441,1.328642,45.1568,1
21.968499080278, 16.0612,22.0199102824554, 16.0877,2,16.67897,2,11.64311,-1.211493,46.6868,1
21.9858067808673, 17.8112,22.0352471824735, 16.8906,2,16.68008,2,11.45258,-0.506112,46.7135,1
22.0021068817005, 16.062,22.0531164817512, 16.2294,2,16.67948,2,11.10505,-1.047328,45.793,1
22.0199102824554, 16.7408,22.0685647819191, 17.2057,2,16.67954,2,11.55456,-1.156028,45.9612,1
22.0352471824735, 16.0072,22.0852660816163, 14.9574,2,16.67888,2,8.835893,0.096468,46.4266,1
22.0531164817512, 17.1288,22.1016546823084, 18.2066,2,16.67932,2,13.13891,-1.576135,45.3764,1
22.0685647819191, 16.653,22.1183643825352, 16.8542,2,16.67929,2,10.82323,-0.413283,46.4545,1
22.0852660816163, 16.9677,22.1360113825649, 17.5356,2,16.67958,2,12.76863,0.50615,46.6564,1
22.1016546823084, 16.0155,22.1516920831054, 14.2513,2,16.67893,2,11.25713,0.118772,47.2217,1
22.1183643825352, 17.1347,22.1688092835248, 22.0888,2,16.67937,2,11.77913,-1.270294,45.4537,1
22.1360113825649, 17.6323,22.1856181826442, 11.4573,2,16.6803,2,11.98258,0.114661,50.4239,1
22.1516920831054, 16.441,22.2016924824566, 17.6576,2,16.68007,2,12.39905,-0.917231,44.2485,1
22.1688092835248, 16.3672,22.2181219831109, 14.8853,2,16.67976,2,9.786328,1.057344,45.4656,1
22.1856181826442, 16.1664,22.2347798831761, 18.36,2,16.67926,2,11.80449,-0.834652,43.9841,1
22.2016924824566, 16.9862,22.2537945825607, 17.2826,2,16.67956,2,11.53864,-0.001066,46.1779,1
22.2181219831109, 16.9391,22.2689941823483, 16.8652,2,16.67981,2,11.84303,1.420524,46.4742,1
22.2347798831761, 15.221,22.2877624817193, 17.0916,2,16.6784,2,11.35886,-0.240602,46.3994,1
22.2537945825607, 18.7314,22.3028248818591, 16.7259,2,16.68039,2,10.66725,-0.711743,48.2713,1
22.2689941823483, 14.5376,22.3201198810712, 15.6792,2,16.67832,2,11.15487,-1.052897,46.2656,1
22.2877624817193, 18.41,22.3361389813945, 16.4308,2,16.67999,2,11.55928,-0.677207,47.407,1
22.3028248818591, 15.0716,22.3515721810982, 16.8955,2,16.67844,2,8.736602,1.011133,45.4279,1
22.3201198810712, 18.6071,22.3677369812503, 14.359,2,16.6803,2,10.02724,-0.32338,47.2519,1
22.3361389813945, 16.3652,22.3859951803461, 20.8726,2,16.67999,2,12.6472,0.126421,43.0055,1
22.3515721810982, 16.5452,22.4043748797849, 15.8237,2,16.67986,2,11.31821,-0.905295,47.5133,1
22.3677369812503, 16.8329,22.4185495795682, 15.7101,2,16.68001,2,12.64277,-0.590817,46.7923,1
22.3859951803461, 14.9026,22.437410579063, 17.3328,2,16.6783,2,9.39678,-0.355233,45.6692,1
22.4043748797849, 18.5967,22.4528635786846, 16.9805,2,16.68014,2,10.48458,-1.029582,48.0999,1
22.4185495795682, 15.0008,22.4695911789313, 15.2199,2,16.67854,2,11.854,-0.668725,46.4828,1
22.437410579063, 18.2485,22.4863170785829, 16.5482,2,16.68004,2,11.23342,-0.550799,46.7035,1
22.4528635786846, 15.0789,22.5017847782001, 17.0322,2,16.67851,2,10.68903,0.139312,45.0024,1
22.4695911789313, 17.9717,22.518657178618, 15.3192,2,16.67974,2,12.27928,-0.083881,46.957,1
22.4863170785829, 16.5107,22.5352301793173, 18.3017,2,16.67958,2,10.67852,-0.992731,44.3046,1
22.5017847782001, 17.0861,22.5542104793712, 17.4319,2,16.67997,2,10.63,-0.565529,46.0961,1
22.518657178618, 16.4836,22.5685640797019, 15.7135,2,16.67978,2,12.17319,-0.281938,46.4414,1
22.5352301793173, 15.2821,22.5867153797299, 16.5346,2,16.67845,2,10.42028,-1.282936,45.6709,1
22.5542104793712, 18.3139,22.6026447806507, 17.8818,2,16.68,2,11.92763,-0.006692,46.9244,1
22.5685640797019, 14.8515,22.6193118803203, 14.8682,2,16.67827,2,11.42923,-0.600879,46.4925,1
22.5867153797299, 18.2214,22.635629080236, 18.0755,2,16.67973,2,12.30514,0.081526,46.5101,1
22.6026447806507, 15.423,22.6543727796525, 17.1403,2,16.67854,2,10.69904,0.060773,46.363,1
22.6193118803203, 18.2161,22.6678315792233, 14.9804,2,16.68,2,13.14409,0.348934,48.0819,1
22.635629080236, 14.6429,22.6858772784472, 16.5154,2,16.67807,2,10.37088,-0.504449,44.8463,1
22.6543727796525, 19.0464,22.7027169782668, 18.2936,2,16.68031,2,12.39557,-0.05803,46.7114,1
22.6678315792233, 14.6912,22.7207286786288, 16.4284,2,16.67843,2,9.908127,0.721908,45.9657,1
22.6858772784472, 18.4503,22.7360881790519, 16.8189,2,16.6801,2,11.48227,-0.23338,47.7037,1
22.7027169782668, 14.7723,22.7518603783101, 14.511,2,16.6783,2,9.980549,-0.203803,46.0726,1
22.7207286786288, 18.772,22.7690993789583, 18.6493,2,16.68028,2,12.26143,0.315489,45.8117,1
22.7360881790519, 14.6191,22.7865729797632, 15.6995,2,16.67834,2,10.21049,0.961574,45.6895,1
22.7518603783101, 18.8243,22.80176507961, 16.9517,2,16.68035,2,11.03538,-1.183476,46.77,1
22.7690993789583, 14.5305,22.8206742787734, 17.419,2,16.67834,2,10.4764,-0.645451,44.8976,1
22.7865729797632, 18.3287,22.836345278658, 17.0072,2,16.67988,2,11.93741,1.174597,47.7862,1
22.80176507961, 14.9115,22.8542622784153, 16.63,2,16.67823,2,9.592326,-1.232913,46.4652,1
22.8206742787734, 18.7026,22.8687185784802, 15.7845,2,16.68012,2,10.75958,1.308,48.1827,1
22.836345278658, 14.9086,22.8862811783329, 16.0473,2,16.67846,2,11.67315,-0.618717,45.2665,1
22.8542622784153, 18.6477,22.9018100779504, 17.7149,2,16.6803,2,12.5241,-1.035205,46.4051,1
22.8687185784802, 14.1607,22.9214528780431, 17.5898,2,16.67795,2,8.807913,-0.332844,45.4639,1
22.8862811783329, 19.2547,22.9355238778517, 15.5178,2,16.68036,2,13.0033,-0.356101,48.9012,1
22.9018100779504, 14.6363,22.951788877137, 14.9666,2,16.67845,2,8.684017,-0.372978,45.1651,1
22.9214528780431, 17.5959,22.9696772778407, 18.9833,2,16.6793,2,12.4921,0.526317,45.496,1
22.9355238778517, 14.9359,22.9858438773081, 14.8001,2,16.67768,2,11.28484,-0.762115,46.8836,1
22.951788877137, 18.1922,23.0039147781208, 21.3099,2,16.67909,2,12.1569,-1.251187,46.7478,1
22.9696772778407, 15.701,23.0187718784437, 11.5393,2,16.67818,3,10.63878,-0.434051,49.866,1
22.9858438773081, 17.6894,23.0358139788732, 18.648,2,16.67912,2,12.07018,-0.535556,45.7041,1
23.0039147781208, 16.3772,23.0524243796244, 14.8856,2,16.67884,2,8.932515,-1.414128,46.6632,1
23.0187718784437, 17.0168,23.0689097801223, 18.1309,2,16.67915,2,12.63989,0.978834,45.172,1
23.0358139788732, 15.1923,23.0860803807154, 15.5758,2,16.67778,2,11.69855,-0.655632,46.2866,1
23.0524243796244, 17.9213,23.1028032815084, 18.1891,2,16.67893,2,12.17426,-0.50506,46.6698,1
23.0689097801223, 14.9528,23.1191104808822, 14.8365,2,16.67733,2,10.58033,-0.437154,46.9381,1
23.0860803807154, 18.7244,23.1357089811936, 18.3028,2,16.67922,2,13.03097,-0.929433,46.8212,1
23.1028032815084, 16.693,23.1527156820521, 15.5959,2,16.67924,2,9.041532,-0.174015,46.3987,1
23.1191104808822, 16.3837,23.1695848824456, 18.1087,2,16.67896,2,12.54366,-0.13333,45.2909,1
23.1357089811936, 16.5283,23.1858071824536, 14.7282,2,16.67882,2,10.65545,-0.171422,47.029,1
23.1527156820521, 16.7922,23.2029162822291, 19.2248,2,16.67893,2,12.30813,-0.296643,45.2283,1
23.1695848824456, 15.5558,23.2196689816192, 14.6756,2,16.6779,2,11.12451,-0.142846,47.6613,1
23.1858071824536, 18.1806,23.2352325813845, 17.0317,2,16.67928,2,11.89173,0.453373,46.7819,1
23.2029162822291, 16.8919,23.2517343806103, 14.9389,2,16.67947,2,10.27432,-0.344382,45.6319,1
23.2196689816192, 16.2062,23.2698536803946, 19.7455,2,16.67904,2,12.00924,-1.06074,43.6806,1
23.2352325813845, 16.5555,23.2856295807287, 14.1125,2,16.67892,2,10.25165,0.481608,47.2204,1
23.2517343806103, 17.1902,23.3017082801089, 17.7281,2,16.67939,2,11.77003,0.600073,44.7772,1
23.2698536803946, 16.6316,23.3188890805468, 15.6652,2,16.67935,2,9.295082,-0.222453,45.3141,1
23.2856295807287, 16.7618,23.3357821805403, 18.6529,2,16.67942,2,11.85724,0.040727,44.3501,1
23.3017082801089, 16.9415,23.3526226812974, 15.0528,2,16.67966,2,11.21529,0.527113,46.2395,1
23.3188890805468, 16.9843,23.3691996810958, 18.2356,2,16.67994,2,11.04963,0.905956,44.3527,1
23.3357821805403, 16.3142,23.3866211818531, 15.7248,2,16.67961,2,9.426653,0.108265,45.6044,1
23.3526226812974, 17.1523,23.4028300819919, 18.2411,2,16.68004,2,11.96887,0.646338,45.0145,1
23.3691996810958, 15.9758,23.4202623823658, 15.4524,2,16.6794,2,10.19509,-0.383703,46.1045,1
23.3866211818531, 17.3643,23.4360315827653, 17.3017,2,16.68002,2,11.22764,-0.614168,45.5814,1
23.4028300819919, 16.5081,23.4525731829926, 14.8621,2,16.67986,2,9.035335,-0.290381,45.5175,1
23.4202623823658, 16.8196,23.4695147825405, 18.721,2,16.67999,2,11.72876,-0.15791,43.8723,1
23.4360315827653, 16.2415,23.4866912821308, 15.4292,2,16.67959,2,9.520503,-1.246576,45.7749,1
23.4525731829926, 17.5116,23.5026234826073, 17.5556,2,16.68034,2,9.889968,-0.215299,44.9618,1
23.4695147825405, 15.8904,23.519907281734, 15.7763,2,16.67963,2,12.33388,-0.313589,45.0064,1
23.4866912821308, 16.7725,23.535669782199, 17.3952,2,16.67971,2,10.27711,-0.954271,44.8932,1
23.5026234826073, 16.1119,23.5528357820585, 15.6172,2,16.6792,2,11.73528,0.440385,45.5161,1
23.519907281734, 17.7905,23.5699761817232, 18.6911,2,16.6802,2,11.3035,0.558894,45.0199,1
23.535669782199, 15.9741,23.5856767809018, 13.9491,2,16.67957,2,11.81579,-0.18507,45.921,1
23.5528357820585, 17.0767,23.6017440808937, 17.8018,2,16.67993,2,10.33597,-0.002641,43.8977,1
23.5699761817232, 16.5059,23.6197931813076, 16.4089,2,16.67977,2,12.79212,-1.2585,44.6205,1
23.5856767809018, 16.5629,23.6369056804106, 18.2236,2,16.67966,2,9.563606,-0.975909,44.5262,1
23.6017440808937, 16.4165,23.6536225797608, 15.6077,2,16.67943,2,11.23247,-0.482282,46.1871,1
23.6197931813076, 16.5438,23.6697941804305, 17.667,2,16.67931,2,10.62514,-0.718158,45.3787,1
23.6369056804106, 16.4278,23.6856689797714, 14.2282,2,16.67908,2,11.9895,-0.830182,46.5003,1
23.6536225797608, 16.6986,23.7036966802552, 19.7539,2,16.6791,2,11.65051,-0.778781,44.3026,1
23.6697941804305, 16.8363,23.7196172801778, 14.259,2,16.67924,2,12.64218,0.661352,47.3566,1
23.6856689797714, 16.8731,23.7361122807488, 18.1361,2,16.67941,2,10.32716,-0.190399,44.7796,1
23.7036966802552, 16.9185,23.7535225814208, 16.0999,2,16.67962,2,12.52888,-0.900885,46.0443,1
23.7196172801778, 16.1924,23.7703882819042, 18.0923,2,16.67919,2,11.22248,-1.543654,45.2258,1
23.7361122807488, 16.8731,23.7872314816341, 15.3548,2,16.67936,2,12.52425,0.003935,47.1247,1
23.7535225814208, 16.6922,23.8028928814456, 17.3442,2,16.67937,2,9.354999,-1.159889,45.6077,1
23.7703882819042, 16.9679,23.8193029807881, 14.8331,2,16.67963,2,11.91088,0.290263,46.2605,1
23.7872314816341, 16.7468,23.8371577812359, 19.5339,2,16.67969,2,10.99895,0.510238,44.1092,1
23.8028928814456, 16.1376,23.8526328811422, 13.6134,2,16.67921,2,13.31717,-0.109786,46.9105,1
23.8193029807881, 17.6728,23.868812081404, 17.8547,2,16.68009,2,10.39489,-1.405286,44.3887,1
23.8371577812359, 16.1428,23.8858963819221, 15.5867,2,16.67962,2,13.17454,-0.157104,44.5696,1
23.8526328811422, 17.1465,23.9030530815944, 18.7113,2,16.68003,2,11.48176,-1.039541,44.0148,1
23.868812081404, 16.1406,23.9217288820073, 17.044,2,16.67955,2,9.337386,-0.425229,45.5774,1
23.8858963819221, 17.3527,23.936870181933, 15.2424,2,16.68015,2,11.93089,-0.245084,46.4841,1
23.9030530815944, 13.9366,23.9535493813455, 18.2554,2,16.67772,2,11.2425,0.713829,44.3736,1
23.9217288820073, 18.6674,23.9701678808779, 14.9133,2,16.67948,2,10.42784,0.525203,48.6926,1
23.936870181933, 16.4185,23.9879190810025, 19.589,2,16.67925,2,12.66813,-0.240659,44.939,1
23.9535493813455, 16.9676,24.0041539818048, 14.5198,2,16.6795,2,10.51358,-1.083945,48.1098,1
23.9701678808779, 16.9043,24.0207194816321, 17.8807,2,16.6797,2,12.01687,-0.335886,45.6614,1
23.9879190810025, 15.7124,24.0385754816234, 16.3618,2,16.67885,2,9.665997,-0.115045,46.639,1
24.0041539818048, 17.9959,24.053429281339, 16.6685,2,16.68001,2,11.36726,-0.084738,47.289,1
24.0207194816321, 14.7816,24.0708368811756, 15.8295,2,16.67834,2,10.67914,-0.319359,45.961,1
24.0385754816234, 18.2411,24.0872768815607, 17.979,2,16.67971,2,10.46109,-0.437628,47.0098,1
24.053429281339, 14.7477,24.1046465821564, 15.6091,2,16.67802,2,12.00315,0.278042,46.7473,1
24.0708368811756, 18.9037,24.1218385826796, 18.9899,2,16.67997,2,10.07524,0.552447,47.6097,1
24.0872768815607, 14.9224,24.1367316823453, 13.184,2,16.67843,3,11.74266,-0.365018,47.6955,1
24.1046465821564, 18.3374,24.1540523823351, 19.33,2,16.67988,2,10.40503,-1.445163,45.958,1
24.1218385826796, 14.4227,24.1708272825927, 14.8188,2,16.67791,2,12.15286,-0.112427,46.9507,1
24.1367316823453, 19.3025,24.1868431828916, 17.7071,2,16.6802,2,9.771053,0.368045,47.3466,1
24.1540523823351, 15.2236,24.2027745824307, 14.1677,2,16.67893,2,11.32252,-0.017533,45.7519,1
24.1708272825927, 17.0496,24.2195931822062, 18.2383,2,16.67925,2,10.68726,0.50067,44.6957,1
24.1868431828916, 16.9328,24.2367099821568, 15.6544,2,16.67947,2,13.17943,-0.698658,45.8852,1
24.2027745824307, 17.2441,24.2540111821145, 19.578,2,16.67996,2,10.17276,-0.112002,44.6073,1
24.2195931822062, 16.4979,24.269815582782, 13.4212,2,16.67981,2,11.11583,-0.076209,46.9396,1
24.2367099821568, 16.4636,24.2865460831672, 18.535,2,16.67962,2,10.07333,-0.872211,43.8629,1
24.2540111821145, 17.0366,24.3040821831673, 15.9109,2,16.67993,2,10.93056,-1.322902,45.9345,1
24.269815582782, 16.8752,24.3202142827213, 17.5287,2,16.6801,2,11.1003,-0.794542,44.8111,1
24.2865460831672, 16.51,24.3359175827354, 14.4021,2,16.67995,2,11.86541,-0.776481,45.4651,1
24.3040821831673, 17.0639,24.3537986818701, 19.4164,2,16.68028,2,10.16351,0.378536,43.3568,1
24.3202142827213, 15.1255,24.369705080986, 15.0353,2,16.67894,2,12.7176,-0.921787,45.7092,1
24.3359175827354, 17.6109,24.3882134817541, 19.265,2,16.67974,2,11.38334,-0.074482,45.618,1
24.3537986818701, 16.7232,24.4058137815446, 15.9454,2,16.67978,2,12.53638,-0.724151,47.2733,1
24.369705080986, 16.4859,24.4219817817211, 19.3458,2,16.67961,2,11.07336,-1.267783,46.4952,1
24.3882134817541, 15.883,24.4366968814284, 11.5199,2,16.67893,3,11.43859,0.144762,49.3573,1
24.4058137815446, 17.4098,24.4536341819912, 18.4102,2,16.67956,2,11.11368,-0.62227,44.9923,1
24.4219817817211, 14.6007,24.470332281664, 15.2899,2,16.67777,2,11.99385,0.181413,45.9953,1
24.4366968814284, 22.4569,24.4872878808528, 18.7506,2,16.68273,2,10.80978,0.040447,46.6997,1
24.4536341819912, 11.351,24.5043096803129, 15.7942,2,16.67816,2,13.13894,-1.495143,42.9923,1
24.470332281664, 18.4224,24.5221562795341, 20.8746,2,16.67965,2,9.95437,-0.330883,47.4374,1
24.4872878808528, 16.4099,24.5365470796824, 10.7614,2,16.67942,3,12.27009,0.261443,49.8905,1
24.5043096803129, 17.0364,24.5531695801765, 18.3413,2,16.67973,2,10.04925,-0.839896,44.2408,1
24.5221562795341, 14.5518,24.5715806800872, 16.7476,2,16.67791,2,11.81564,-1.001898,45.5474,1
24.5365470796824, 19.0911,24.5869032796472, 16.9902,2,16.67997,2,11.78528,-0.154075,47.7434,1
24.5531695801765, 16.5231,24.6045731790364, 15.9209,2,16.67983,2,12.08716,0.334357,45.6427,1
24.5715806800872, 16.958,24.620043579489, 17.2228,2,16.68007,2,9.849896,-0.907223,45.0399,1
24.5869032796472, 14.0551,24.6379502788186, 16.3221,2,16.67784,2,12.7778,-0.805457,45.3041,1
24.6045731790364, 18.5371,24.6545531786978, 18.3041,2,16.67942,2,11.00348,-0.708808,47.5733,1
24.620043579489, 17.2418,24.6706349793822, 14.3068,2,16.6799,2,12.02074,0.136775,47.3405,1
24.6379502788186, 17.4941,24.6880989801139, 19.1087,2,16.68059,2,9.915423,-0.309026,44.406,1
24.6545531786978, 16.1452,24.7048506792635, 15.1327,2,16.68013,2,12.77506,-0.187878,46.0202,1
24.6706349793822, 16.7613,24.7208591792732, 17.9503,2,16.6802,2,10.76741,-0.555453,45.0079,1
24.6880989801139, 16.452,24.7368884794414, 14.3663,2,16.68001,2,12.15722,-0.245251,46.198,1
24.7048506792635, 17.1077,24.7544341795146, 18.9554,2,16.68037,2,9.874226,-0.898789,44.1123,1
24.7208591792732, 16.0763,24.7716995794326, 15.6495,2,16.67986,2,12.11548,-0.202058,45.9577,1
24.7368884794414, 17.8292,24.7888484802097, 18.6741,2,16.68083,2,10.29795,-0.893279,45.5339,1
24.7544341795146, 16.1592,24.8043167805299, 13.8029,2,16.68039,2,12.23435,-0.123871,46.3769,1
24.7716995794326, 17.0469,24.8202725807205, 17.6179,2,16.6807,2,10.89129,-0.553487,44.0212,1
24.7888484802097, 16.5351,24.8376569813117, 15.6153,2,16.68058,2,12.56846,-0.432691,44.5922,1
24.8043167805299, 16.6442,24.8549204813316, 18.9263,2,16.68055,2,10.45388,-0.581676,43.6755,1
24.8202725807205, 14.8752,24.870298281312, 13.8589,2,16.67903,2,12.73057,-0.122982,45.9565,1
24.8376569813117, 19.274,24.8878064807504, 19.3043,2,16.68121,2,10.36099,-0.012895,44.9404,1
24.8549204813316, 15.1506,24.9043076802045, 14.7304,2,16.67992,2,12.47079,-1.061908,44.9721,1
24.870298281312, 16.4193,24.921566279605, 18.8189,2,16.6797,2,10.76208,-0.586143,44.552,1
24.8878064807504, 17.0915,24.936984279193, 14.0164,2,16.68005,2,12.33038,-0.300468,46.9515,1
24.9043076802045, 16.3816,24.9541190797463, 18.7894,2,16.6798,2,10.30659,-0.032144,43.8761,1
24.921566279605, 16.5786,24.9711894793436, 15.3265,2,16.67971,2,11.80701,-0.457081,46.2838,1
24.936984279193, 16.1729,24.9871696801856, 17.406,2,16.67929,2,11.28524,-1.358234,45.0334,1
24.9541190797463, 16.3688,25.0043430803344, 15.6831,2,16.67903,2,12.49447,-1.052251,46.2669,1
24.9711894793436, 17.2565,25.0218232804909, 19.2131,2,16.67951,2,10.58164,0.244913,45.5782,1
24.9871696801856, 16.1149,25.0381921799853, 14.5177,2,16.67904,2,11.83758,-0.365244,47.5229,1
25.0043430803344, 17.0988,25.0538684790954, 17.2865,2,16.67939,2,10.78173,0.163861,45.9411,1
25.0218232804909, 16.5295,25.0709969783202, 15.6792,2,16.67927,2,13.33315,-0.361288,46.1294,1
25.0381921799853, 16.6473,25.088192277588, 18.9855,2,16.67924,2,11.54099,-0.347489,45.2788,1
25.0538684790954, 16.5473,25.1042841775343, 14.2878,2,16.67913,2,11.62194,-0.971005,47.6182,1
25.0709969783202, 17.1518,25.1218652771786, 19.3373,2,16.67953,2,10.52994,0.151866,45.3591,1
25.088192277588, 17.0354,25.1371766775846, 13.5752,2,16.67982,2,11.54539,-0.679193,47.5437,1
25.1042841775343, 16.3133,25.1539889778942, 18.5295,2,16.67952,2,10.37919,-0.201949,44.0845,1
25.1218652771786, 17.5958,25.1707526780665, 14.9825,2,16.68028,2,12.32401,-0.385679,46.2946,1
25.1371766775846, 16.4658,25.1881585773081, 18.7707,2,16.6801,2,11.26803,-0.176378,43.6879,1
25.1539889778942, 16.6501,25.204412477091, 14.8362,2,16.68007,2,11.73349,-0.215398,45.9928,1
25.1707526780665, 16.8114,25.2214688770473, 18.9754,2,16.68018,2,10.88135,-0.948558,44.1771,1
25.1881585773081, 16.3509,25.2369403773919, 13.5874,2,16.67991,2,11.99758,-0.447264,46.3431,1
25.204412477091, 17.2126,25.2546998774633, 19.6129,2,16.68035,2,10.66858,-0.0269,43.5806,1
25.2214688770473, 16.0794,25.2708410779014, 14.287,2,16.67985,2,10.119,-0.114337,45.9789,1
25.2369403773919, 17.1808,25.2891409778967, 20.0627,2,16.68027,2,10.51076,0.257418,44.1883,1
25.2546998774633, 16.3423,25.3062904784456, 15.4165,2,16.67999,2,12.86766,-0.419804,47.0549,1
25.2708410779014, 16.3264,25.3219619775191, 17.6827,2,16.6797,2,10.6184,-0.855976,46.1463,1
25.2891409778967, 14.6325,25.3392221769318, 15.3708,2,16.67801,2,11.73614,-0.721596,47.5024,1
25.3062904784456, 18.8619,25.3550617760047, 17.5784,2,16.67981,2,10.34998,-0.243867,48.2408,1
25.3219619775191, 15.5288,25.3706776760519, 13.6963,2,16.67886,2,11.4632,-0.887547,46.9578,1
25.3392221769318, 17.6065,25.387697275728, 18.7712,2,16.67962,2,10.72308,-0.520931,45.1254,1
25.3550617760047, 14.6726,25.4066247753799, 17.3436,2,16.67798,2,12.8061,0.427535,46.2892,1
25.3706776760519, 19.0659,25.421624975279, 16.6913,2,16.67994,2,11.06527,-0.062015,48.937,1
25.387697275728, 14.4513,25.4396292753518, 16.1844,2,16.67811,2,12.26015,1.033998,46.5861,1
25.4066247753799, 18.9234,25.454878475517, 16.9015,2,16.67995,2,11.22473,-0.099188,48.3203,1
25.421624975279, 15.1622,25.4732053764164, 16.7218,2,16.67871,2,12.22896,-1.092964,46.2993,1
25.4396292753518, 17.9437,25.4883649768308, 16.6776,2,16.67974,2,9.729215,0.11805,47.8588,1
25.454878475517, 15.1334,25.5065957764164, 16.668,2,16.67848,2,11.8935,-0.493056,46.5913,1
25.4732053764164, 18.4421,25.5207853764296, 16.0341,2,16.67992,2,9.231588,-1.173672,48.1279,1
25.4883649768308, 15.0288,25.5385574772954, 16.0484,2,16.67857,2,11.85286,0.334274,45.7179,1
25.5065957764164, 18.7284,25.5545142777264, 17.3628,2,16.68024,2,11.49705,-0.464518,46.7317,1
25.5207853764296, 14.3023,25.573538178578, 17.4943,2,16.67831,2,11.91036,0.820846,45.3731,1
25.5385574772954, 18.66,25.5889182789251, 17.0131,2,16.67992,2,10.90567,0.442767,48.5669,1
25.5545142777264, 14.6646,25.6055043796077, 15.2359,2,16.67828,2,13.21543,0.148877,46.9202,1
25.573538178578, 18.8938,25.6226462787017, 16.7953,2,16.68008,2,10.06762,-1.254314,47.4915,1
25.5889182789251, 15.2468,25.6376824788749, 16.8156,2,16.67892,2,12.33965,0.254872,45.3926,1
25.6055043796077, 17.6234,25.6540326792747, 14.7059,2,16.67968,2,9.308833,-0.321675,46.9624,1
25.6226462787017, 15.9108,25.6715309787542, 19.2132,2,16.67906,2,11.21992,0.033432,44.0449,1
25.6376824788749, 16.4706,25.6880508791655, 14.6491,2,16.67889,2,9.821914,-0.560811,47.348,1
25.6540326792747, 17.1897,25.7065968792886, 22.1576,2,16.6793,2,13.00563,-0.467333,45.5099,1
25.6715309787542, 15.5772,25.7226958796382, 12.6612,2,16.67841,3,9.820275,-1.357902,50.4884,1
25.6880508791655, 17.898,25.7378007797524, 16.7767,2,16.6794,2,12.05817,1.421271,47.5788,1
25.7065968792886, 14.9493,25.756709379144, 17.2002,2,16.678,2,9.777111,-0.742822,46.4587,1
25.7226958796382, 18.5373,25.7726003797725, 17.7311,2,16.6795,2,12.35103,-0.76301,48.7089,1
25.7378007797524, 14.7458,25.7893780795857, 15.0429,2,16.67794,3,10.534,1.429948,47.903,1
25.756709379144, 19.4563,25.8044746797532, 16.5656,2,16.68018,2,13.14733,-0.80146,48.2012,1
25.7726003797725, 13.6564,25.8225115798414, 16.3344,2,16.67775,2,8.564322,0.994013,45.3024,1
25.7893780795857, 18.8502,25.8378139799461, 15.4301,2,16.67949,2,12.72741,-0.586933,47.9878,1
25.8044746797532, 15.0319,25.8549670791253, 18.7181,2,16.67817,2,11.06765,-0.559197,44.5688,1
25.8225115798414, 18.3639,25.8717677788809, 15.4539,2,16.67952,2,10.23726,-0.019559,48.2552,1
25.8378139799461, 16.8278,25.8881571786478, 17.7257,2,16.67964,2,11.24939,-0.694729,45.3459,1
25.8549670791253, 16.9011,25.9048486789688, 15.1249,2,16.67982,2,10.74463,-0.556844,46.2436,1
25.8717677788809, 16.0248,25.9217414790764, 18.9965,2,16.67929,2,10.6316,0.702854,44.4618,1
25.8881571786478, 17.1408,25.9381138784811, 14.388,2,16.67966,2,12.33296,-0.258504,47.4395,1
25.9048486789688, 16.4826,25.9547692788765, 17.8674,2,16.6795,2,9.409129,-0.728047,44.6871,1
25.9217414790764, 17.2246,25.9725394779816, 16.3321,2,16.67994,2,12.45514,0.524936,46.0725,1
25.9381138784811, 16.479,25.9877000777051, 16.7705,2,16.67978,2,10.44455,-0.104452,45.1801,1
25.9547692788765, 16.4149,26.0047893775627, 15.4036,2,16.67957,2,11.0629,0.441338,45.4642,1
25.9725394779816, 16.7269,26.0217826766893, 18.7346,2,16.67961,2,10.50015,0.620133,44.4607,1
25.9877000777051, 16.1341,26.0379918767139, 14.3758,2,16.67917,2,12.67716,0.862402,46.4682,1
26.0047893775627, 16.6888,26.0546028772369, 18.4194,2,16.67918,2,9.848152,0.172508,44.711,1
26.0217826766893, 16.8782,26.0725629767403, 16.2739,2,16.67934,2,12.13956,0.073429,46.44,1
26.0379918767139, 16.4621,26.0880696764216, 17.096,2,16.67916,2,9.629567,-0.806888,45.8373,1
26.0546028772369, 16.4161,26.1071327766404, 17.7803,2,16.67896,2,11.046,-0.66517,46.4701,1
26.0725629767403, 17.1573,26.1218797769397, 16.2771,2,16.67934,2,9.530692,0.392999,47.8363,1
26.0880696764216, 14.7418,26.1388981770724, 15.2188,2,16.6778,2,11.61987,-0.037689,46.9554,1
26.1071327766404, 18.3088,26.1546364761889, 17.2669,2,16.67909,2,9.753088,1.540954,47.4329,1
26.1218797769397, 16.081,26.1718817763031, 15.6597,2,16.67862,2,12.60127,0.426906,46.3911,1
26.1388981770724, 18.191,26.1890411768109, 18.7516,2,16.67981,2,11.0465,-0.364596,45.9704,1
26.1546364761889, 14.9676,26.2048165760934, 14.1474,2,16.67846,2,11.20989,0.324586,46.5317,1
26.1718817763031, 18.752,26.2217640765011, 18.5069,2,16.6801,2,10.01725,0.563705,45.7118,1
26.1890411768109, 16.1025,26.2388201765716, 15.6543,2,16.67964,2,10.18859,0.72555,45.4647,1
26.2048165760934, 17.0969,26.2547840774059, 17.3633,2,16.67997,2,9.588496,-0.83212,45.0187,1
26.2217640765011, 15.201,26.2726278770715, 16.3547,2,16.67881,2,12.19991,0.281644,45.2863,1
26.2388201765716, 18.7602,26.2883256766945, 17.4015,2,16.68044,2,9.830295,-0.227057,46.4395,1
26.2547840774059, 16.7539,26.3049422763288, 15.0322,2,16.6805,2,11.01165,-0.034997,45.0813,1
26.2726278770715, 16.0095,26.3219998758286, 18.6585,2,16.67997,2,9.32522,0.355287,43.3601,1
26.2883256766945, 17.1719,26.3387745749205, 15.2688,2,16.68036,2,12.51276,0.71084,45.9993,1
26.3049422763288, 16.3112,26.3550160750747, 17.7826,2,16.68007,2,9.445857,0.331319,44.1063,1
26.3219998758286, 16.7215,26.3733892757446, 16.9496,2,16.6801,2,12.1622,0.552849,45.5784,1
26.3387745749205, 17.1725,26.3889125753194, 15.2972,2,16.68049,2,9.979513,0.12674,45.8063,1
26.3550160750747, 14.4078,26.4046440757811, 17.1459,2,16.67871,2,11.35006,-0.944727,43.9321,1
26.3733892757446, 18.688,26.4225473757833, 16.4461,2,16.68028,2,8.170881,-0.185595,46.6705,1
26.3889125753194, 16.2541,26.4379078755155, 16.9135,2,16.67995,2,11.37615,-1.063378,44.4281,1
26.4046440757811, 16.1563,26.4557399759069, 16.1829,2,16.67954,2,9.44146,-0.131543,45.088,1
26.4225473757833, 16.4265,26.4715189756826, 17.2889,2,16.67934,2,11.63703,0.109496,45.1068,1
26.4379078755155, 16.8362,26.4896976752207, 16.8858,2,16.67947,2,10.8463,-0.666138,45.9775,1
26.4557399759069, 16.7065,26.5056973760948, 17.5885,2,16.67949,2,11.98608,0.363506,46.0275,1
26.4715189756826, 17.1043,26.5223031761125, 15.1017,2,16.67982,2,11.18454,-0.023878,46.9104,1
26.4896976752207, 16.6647,26.5387368770316, 17.7235,2,16.67981,2,11.6836,0.077231,44.9077,1
26.5056973760948, 16.8685,26.5547532765195, 14.3852,2,16.67995,2,9.722838,-1.004587,45.9642,1
26.5223031761125, 16.5917,26.5718146758154, 18.7385,2,16.67988,2,12.40949,-0.337799,43.482,1
26.5387368770316, 16.6802,26.5896572759375, 16.4065,2,16.67988,2,9.985478,-0.593405,45.6307,1
26.5547532765195, 17.0088,26.60653037671, 18.1993,2,16.68014,2,11.84137,-0.446782,45.3554,1
26.5718146758154, 16.2495,26.6225546775386, 14.5396,2,16.67981,2,9.907787,-0.768184,46.5483,1
26.5896572759375, 16.8616,26.6376761775464, 16.8483,2,16.67994,2,12.7123,-0.692866,44.8307,1
26.60653037671, 16.8412,26.6565555781126, 17.0597,2,16.68007,2,10.39991,0.946584,44.8254,1
26.6225546775386, 17.2315,26.6718179779127, 16.9255,2,16.68049,2,12.37428,0.337247,45.0439,1
26.6376761775464, 14.4132,26.6886554779485, 16.9804,2,16.67875,2,10.52378,-0.270286,44.7379,1
26.6565555781126, 18.5521,26.7053106771782, 15.144,2,16.68019,2,10.59397,0.367089,47.3049,1
26.6718179779127, 14.5658,26.7227635765448, 18.9967,2,16.67856,2,12.45552,-0.940159,43.8969,1
26.6886554779485, 18.6333,26.7401895774528, 15.8472,2,16.68007,2,8.964753,0.31232,48.328,1
26.7053106771782, 16.5181,26.7547937771305, 15.9765,2,16.67994,2,10.94709,-0.353501,45.5351,1
26.7227635765448, 16.5907,26.7719833767042, 15.7473,2,16.67987,2,10.39371,-1.317169,44.9919,1
26.7401895774528, 17.3132,26.7892344770953, 18.8417,2,16.68036,2,11.62046,-0.486225,44.1585,1
26.7547937771305, 16.5417,26.8057996770367, 15.0339,2,16.68025,2,11.02938,-0.382551,45.6871,1
26.7719833767042, 16.0663,26.8218613779172, 16.2459,2,16.67978,2,11.4145,-0.291163,44.1793,1
26.7892344770953, 16.3557,26.8394168773666, 19.0084,2,16.67953,2,10.50207,0.179821,44.3597,1
26.8057996770367, 17.8577,26.8560379771516, 14.958,2,16.68044,2,13.27003,0.030438,47.0126,1
26.8218613779172, 15.6083,26.8717512777075, 17.0813,2,16.67962,2,10.37645,-1.153412,44.1127,1
26.8394168773666, 16.9635,26.8911970769987, 18.0792,2,16.67983,2,12.14016,-0.260449,45.5864,1
26.8560379771516, 17.3237,26.906256577, 15.1261,2,16.68032,2,10.28378,0.35457,46.702,1
26.8717512777075, 14.8755,26.9227843768895, 18.4341,2,16.67895,2,11.50566,-0.020902,44.5046,1
26.8911970769987, 17.8962,26.939270876348, 16.4117,2,16.67988,2,9.839812,1.081413,48.063,1
26.906256577, 15.8656,26.956927375868, 15.7685,2,16.67925,2,12.49545,-0.243665,46.5793,1
26.9227843768895, 15.8392,26.972976975143, 17.8333,2,16.67862,2,10.46163,0.944497,46.4827,1
26.939270876348, 18.123,26.9920822754502, 18.7785,2,16.67971,2,11.4513,-0.287483,48.4777,1
26.956927375868, 15.7345,27.006108475849, 14.5277,2,16.679,3,10.09489,-0.251803,49.1332,1
26.972976975143, 16.0967,27.0220546759665, 15.4085,2,16.67855,2,10.68676,-0.545397,47.9261,1
26.9920822754502, 17.2098,27.0391936767846, 15.739,2,16.67896,2,10.4769,-0.513173,47.2383,1
27.006108475849, 15.3421,27.0570013765246, 19.4197,2,16.67794,2,10.92928,0.449499,45.7681,1
27.0220546759665, 18.2603,27.0729783773422, 14.4576,2,16.67914,2,10.4018,-0.510473,49.8465,1
27.0391936767846, 16.7784,27.0895599778742, 18.1005,2,16.67922,2,12.1246,-0.114373,46.0431,1
27.0570013765246, 17.7733,27.1082725785673, 17.2877,2,16.68004,2,10.59737,0.056064,47.3647,1
27.0729783773422, 16.0086,27.1222493788227, 15.3056,2,16.67954,2,10.4248,-0.555999,46.8813,1
27.0895599778742, 15.4582,27.1424326794222, 20.0879,2,16.67862,2,9.569873,-0.793864,46.1778,1
27.1082725785673, 17.2464,27.1558981798589, 13.3393,2,16.67904,3,11.99027,-0.834327,50.8084,1
27.1222493788227, 15.2869,27.1735153794289, 16.3022,2,16.67799,2,6.583236,-0.283341,46.901,1
27.1424326794222, 17.9525,27.1891842801124, 17.122,2,16.67895,2,11.8076,0.021057,47.9166,1
27.1558981798589, 15.6002,27.2080984804779, 17.2007,2,16.67814,2,10.82966,0.41907,47.085,1
27.1735153794289, 17.8316,27.222875780426, 16.8115,2,16.67901,2,12.62513,0.463753,48.6873,1
27.1891842801124, 15.4821,27.2437799805775, 20.6458,2,16.67811,2,10.94304,-0.519435,47.6676,1
27.2080984804779, 18.8442,27.2567861806601, 13.2624,2,16.67974,3,10.34684,0.335528,52.831,1
27.222875780426, 15.3158,27.2729636803269, 16.4574,2,16.67871,2,10.15563,-0.847468,47.2448,1
27.2437799805775, 17.3032,27.2891592811793, 14.2644,2,16.67918,2,9.751847,-1.32976,48.3919,1
27.2567861806601, 14.9187,27.3063072804362, 19.6557,2,16.67786,2,9.699235,0.240077,45.351,1
27.2729636803269, 18.2973,27.3227626811713, 13.8107,2,16.67908,2,10.70337,0.181967,50.0885,1
27.2891592811793, 17.1256,27.3399087805301, 18.8318,2,16.67941,2,10.96717,-0.546037,45.6042,1
27.3063072804362, 16.5098,27.3559525813907, 14.6869,2,16.67928,2,10.75086,-0.06988,47.31,1
27.3227626811713, 16.5117,27.3727859817445, 17.9744,2,16.67916,2,13.07552,0.384485,45.4881,1
27.3399087805301, 17.2616,27.389421781525, 15.0528,2,16.67959,2,8.852333,-1.120952,46.9503,1
27.3559525813907, 16.2717,27.405977781862, 18.2715,2,16.67929,2,9.741537,0.489242,44.7405,1
27.3727859817445, 16.9414,27.4227414820343, 14.9533,2,16.67948,2,10.70768,-0.721099,46.7425,1
27.389421781525, 16.192,27.4390203822404, 17.7337,2,16.67912,2,10.05822,-0.539479,44.7524,1
27.405977781862, 17.0591,27.4559152815491, 15.6833,2,16.6794,2,9.754552,-0.636847,46.2963,1
27.4227414820343, 16.275,27.4731092806906, 18.9295,2,16.6791,2,11.21546,-0.002428,44.9204,1
27.4390203822404, 16.563,27.4898752812296, 15.0258,2,16.67902,2,11.3483,-0.673479,47.5758,1
27.4559152815491, 16.3456,27.5058913808316, 17.6529,2,16.67877,2,10.99348,-0.820784,46.0387,1
27.4731092806906, 18.2397,27.5228942800313, 15.5482,2,16.67993,2,12.35545,0.045547,47.3456,1
27.4898752812296, 15.5737,27.5392945799977, 17.7868,2,16.67911,2,10.70163,-1.544986,44.6553,1
27.5058913808316, 16.8851,27.5585940796882, 17.5575,2,16.67926,2,9.982579,-0.321828,46.868,1
27.5228942800313, 17.0979,27.5728556793183, 15.8938,2,16.67957,2,10.94418,-0.019826,47.5392,1
27.5392945799977, 14.821,27.5892011784017, 14.7153,2,16.67819,2,11.09495,-1.499697,46.3377,1
27.5585940796882, 19.0097,27.6070229783654, 19.619,2,16.67992,2,9.889286,-0.126206,46.2315,1
27.5728556793183, 16.0073,27.6228849776089, 14.1753,2,16.67942,2,11.70173,-0.032637,46.8416,1
27.5892011784017, 16.2954,27.6403230782598, 19.064,2,16.67914,2,10.30293,-0.253439,45.0099,1
27.6070229783654, 17.9968,27.6562463790178, 14.2025,2,16.68011,2,9.844897,0.054557,47.778,1
27.6228849776089, 15.5866,27.6730143781751, 18.3279,2,16.6793,2,11.54331,-0.877219,43.985,1
27.6403230782598, 16.8262,27.6893067788333, 14.9537,2,16.67941,2,11.70504,-0.300256,46.7249,1
27.6562463790178, 16.5292,27.7059854790568, 18.2811,2,16.6793,2,10.09284,0.47469,44.8539,1
27.6730143781751, 16.9252,27.7234731782228, 15.8604,2,16.67948,2,10.35354,-0.988145,46.6059,1
27.6893067788333, 16.3703,27.7401350773871, 18.1676,2,16.67925,2,10.21202,-0.354728,45.5421,1
27.7059854790568, 17.0995,27.7573331780732, 15.7572,2,16.67956,2,12.38276,0.241746,47.33,1
27.7234731782228, 16.3655,27.7729572784156, 17.0142,2,16.67933,2,10.41101,-0.208475,45.9972,1
27.7401350773871, 17.4601,27.789345279336, 14.8726,2,16.6799,2,11.39404,-0.757639,46.6461,1
27.7573331780732, 16.3704,27.8063257802278, 18.4895,2,16.67968,2,11.12023,-1.517143,44.0575,1
27.7729572784156, 16.6277,27.8248332794756, 16.8332,2,16.67964,2,10.38185,-1.027895,46.1784,1
27.789345279336, 16.0652,27.840109879151, 17.0182,2,16.67919,2,10.05427,0.307649,46.3846,1
27.8063257802278, 15.4389,27.8572824783623, 15.4374,2,16.67828,2,10.10514,-0.696302,47.3374,1
27.8248332794756, 18.1598,27.874114478007, 18.6398,2,16.67937,2,10.99744,-1.059907,47.3357,1
27.840109879151, 15.6485,27.8905043788254, 14.6418,2,16.67861,2,11.6327,0.13011,47.8161,1
27.8572824783623, 19.1468,27.9061452783644, 17.4275,2,16.68041,2,10.59415,-0.407381,46.8098,1
27.874114478007, 16.7003,27.923108978197, 15.2398,2,16.68043,2,9.683602,1.003737,45.0886,1
27.8905043788254, 16.5859,27.9417448788881, 22.0554,2,16.68036,2,10.84621,-0.818104,43.6306,1
27.9061452783644, 15.3831,27.9561842791736, 10.9485,2,16.67942,3,12.56039,-0.462145,49.0998,1
27.923108978197, 16.0075,27.9742148797959, 19.7757,2,16.67893,2,10.25538,-0.565199,44.6639,1
27.9417448788881, 17.6603,27.990160278976, 14.2283,2,16.67964,2,12.13606,-0.710877,48.434,1
27.9561842791736, 16.5431,28.0076589789242, 19.4159,2,16.67954,2,7.501404,-0.233104,44.995,1
27.9742148797959, 17.544,28.0257016792893, 16.2447,2,16.68017,2,12.64524,-0.176638,47.8735,1
27.990160278976, 15.5212,28.0401411792263, 17.0885,2,16.67933,2,10.6742,-0.55646,46.5759,1
28.0076589789242, 15.076,28.0584355788305, 15.501,2,16.67817,2,12.46498,-0.632295,48.143,1
28.0257016792893, 18.6478,28.073088278994, 16.1846,2,16.67959,2,11.0139,-0.307358,48.5696,1
28.0401411792263, 14.6634,28.0909545794129, 16.4485,2,16.67813,2,12.11864,-0.109082,46.106,1
28.0584355788305, 18.9553,28.1070939786732, 17.7843,2,16.67978,2,10.60796,-0.58581,47.8922,1
28.073088278994, 15.1841,28.1252490784973, 16.4586,2,16.6787,2,12.4537,-0.254007,46.7217,1
28.0909545794129, 17.9959,28.1414884775877, 18.0568,2,16.67965,2,10.82746,-0.088682,47.996,1
28.1070939786732, 15.4299,28.1579058784992, 14.4451,2,16.67875,3,11.91298,-1.196152,48.0576,1
28.1252490784973, 17.3966,28.1742782779038, 17.9434,2,16.67927,2,10.48121,-1.364089,47.0728,1
28.1414884775877, 15.1781,28.1915637776256, 15.8531,2,16.67818,2,12.43311,0.070887,47.6199,1
28.1579058784992, 18.2761,28.2059890776873, 15.7485,2,16.67933,2,9.880882,-0.829304,48.2945,1
28.1742782779038, 15.0037,28.2246659770608, 17.3761,2,16.67813,2,11.89175,-1.437052,45.7677,1
28.1915637776256, 18.5402,28.2418027762324, 18.8555,2,16.67947,2,11.53979,-0.933675,48.1404,1
28.2059890776873, 15.1145,28.2585239764303, 14.908,2,16.67834,3,13.28231,-0.727237,48.4542,1
28.2246659770608, 18.3082,28.2729848762974, 16.0748,2,16.67951,2,10.2129,-0.557776,48.2492,1
28.2418027762324, 14.7876,28.2927512759343, 18.3812,2,16.67816,2,12.78465,-0.670882,46.0145,1
28.2585239764303, 18.5001,28.307279875502, 14.7434,2,16.67946,2,11.73267,0.081382,49.6099,1
28.2729848762974, 14.9401,28.3237019758672, 18.5475,2,16.67822,2,12.74874,-0.393115,45.8539,1
28.2927512759343, 18.2166,28.3404877763242, 14.295,2,16.67932,2,10.77388,0.281367,49.4616,1
28.307279875502, 16.5497,28.3568721767515, 17.8735,2,16.67923,2,12.40358,-0.574595,45.5387,1
28.3237019758672, 17.0463,28.3732241764665, 14.907,2,16.67949,2,10.84682,-0.718684,46.8646,1
28.3404877763242, 16.5057,28.3917552772909, 20.0911,2,16.67936,2,11.80422,-0.441276,44.7257,1
28.3568721767515, 17.0363,28.4068755777553, 13.3768,2,16.67962,2,10.23833,0.06688,48.3109,1
28.3732241764665, 16.1677,28.423738877289, 18.6825,2,16.67925,2,11.4698,-0.714651,44.6525,1
28.3917552772909, 17.155,28.4404709776863, 15.1474,2,16.67959,2,10.84748,-0.069665,47.167,1
28.4068755777553, 16.6167,28.45604937803, 16.8501,2,16.67955,2,12.66878,-1.000267,45.1592,1
28.423738877289, 16.8862,28.4727781778201, 15.3932,2,16.6797,2,10.62532,-0.519171,45.3924,1
28.4404709776863, 15.6388,28.4915824783966, 20.3071,2,16.67895,2,11.87855,-0.055939,43.8987,1
28.45604937803, 17.3951,28.506691978313, 15.4859,2,16.67946,2,11.00107,-1.042464,48.5683,1
28.4727781778201, 17.5439,28.5238562775776, 15.5771,2,16.68008,2,11.90637,-1.657833,46.6608,1
28.4915824783966, 15.5877,28.5407635783777, 18.3108,2,16.6793,2,11.18927,-0.275697,44.6931,1
28.506691978313, 17.5834,28.5570287788287, 16.7498,2,16.67994,2,12.25424,0.159575,47.4172,1
28.5238562775776, 16.9823,28.5746125793085, 15.4887,2,16.68016,2,10.24056,0.169169,46.5842,1
28.5407635783777, 14.7694,28.5918983789161, 19.0712,2,16.6788,2,12.97493,-0.312912,45.0903,1
28.5570287788287, 18.3234,28.6071558790281, 13.1938,2,16.67997,2,11.8493,-1.110311,49.3927,1
28.5746125793085, 16.1954,28.6241431785747, 19.0857,2,16.67963,2,12.12282,0.23215,44.2623,1
28.5918983789161, 17.1681,28.6401583785191, 14.0308,2,16.67997,2,10.57523,-0.544862,47.1539,1
28.6071558790281, 16.3427,28.6575353788212, 19.4913,2,16.67973,2,11.65061,-0.715087,44.017,1
28.6241431785747, 17.2764,28.6737648779526, 14.1791,2,16.68015,2,10.66231,0.007022,47.1651,1
28.6401583785191, 15.8462,28.6916549773887, 19.6663,2,16.67957,2,13.11685,0.203058,44.0683,1
28.6575353788212, 17.1222,28.7068015774712, 13.3423,2,16.67988,2,10.03966,0.373783,47.8873,1
28.6737648779526, 16.0922,28.724652278237, 20.1508,2,16.67946,2,12.46249,-0.698949,44.1095,1
28.6916549773887, 16.1627,28.7409082790837, 14.3007,2,16.6791,2,11.00398,-0.98274,48.1685,1
28.7068015774712, 16.9503,28.7566379783675, 17.5611,2,16.67929,2,11.58534,0.19415,46.3064,1
28.724652278237, 15.138,28.7740599783137, 15.4637,2,16.67821,2,10.16522,-0.960241,46.9152,1
28.7409082790837, 18.6198,28.7915349779651, 17.6511,2,16.67957,2,11.49875,-1.462756,47.2434,1
28.7566379783675, 15.0568,28.8070966778323, 16.8211,2,16.67843,2,10.82794,-1.112085,46.2759,1
28.7740599783137, 17.7197,28.823645378463, 15.2064,2,16.67916,2,12.67055,-0.630637,48.0398,1
28.7915349779651, 17.1863,28.8414969788864, 19.324,2,16.67952,2,9.821841,-0.369283,45.5269,1
28.8070966778323, 16.4686,28.8567273784429, 13.7724,2,16.67937,2,12.89506,-0.176808,47.6646,1
28.823645378463, 17.638,28.87426927872, 18.9728,2,16.68004,2,11.71548,-0.128787,44.9691,1
28.8414969788864, 17.0956,28.8918484784663, 15.8941,2,16.68033,2,12.80784,-0.227036,46.304,1
28.8567273784429, 16.1259,28.9075333792716, 17.3966,2,16.67994,2,10.77858,0.852861,45.0862,1
28.87426927872, 16.4819,28.9264226797968, 17.8211,2,16.67981,2,10.41941,0.39696,46.3739,1
28.8918484784663, 17.1394,28.9415934793651, 16.1928,2,16.68013,2,11.85139,0.312009,47.7125,1
28.9075333792716, 14.7241,28.9586339797825, 15.1865,2,16.67876,2,10.28054,-0.179398,46.7653,1
28.9264226797968, 17.9335,28.9747252799571, 16.1865,2,16.67964,2,12.04294,-0.36704,47.2269,1
28.9415934793651, 14.4863,28.9914827793837, 18.5018,2,16.67811,2,9.13484,0.359548,45.4806,1
28.9586339797825, 19.0257,29.0066378796473, 13.3413,2,16.67974,2,11.29469,0.112228,49.4961,1
28.9747252799571, 16.12,29.0240162787959, 18.9958,2,16.67935,2,10.0972,-0.813439,43.8145,1
28.9914827793837, 16.9256,29.0414480781183, 16.015,2,16.67953,2,10.41774,1.26523,46.6898,1
29.0066378796473, 16.2809,29.0579995783046, 17.9996,2,16.67925,2,10.42425,-0.48208,45.7792,1
29.0240162787959, 16.8458,29.0746106775478, 15.8995,2,16.67936,2,11.27247,0.16521,47.4971,1
29.0414480781183, 16.7124,29.0902818767354, 16.4572,2,16.67939,2,9.973939,0.245212,46.5462,1
29.0579995783046, 17.3071,29.108047076501, 16.1188,2,16.67982,2,11.05257,-0.422717,46.2958,1
29.0746106775478, 16.292,29.1237731771544, 17.4899,2,16.67955,2,8.73528,-1.173469,45.1087,1
29.0902818767354, 16.1345,29.139964976348, 14.4425,2,16.67918,2,12.22919,-0.981641,46.308,1
29.108047076501, 17.1762,29.1580822756514, 19.6586,2,16.67952,2,9.594688,-0.603504,44.6155,1
29.1237731771544, 16.3184,29.1746508749202, 15.0496,2,16.67927,2,11.45652,0.004891,47.0993,1
29.139964976348, 17.0745,29.1925615752116, 19.2673,2,16.67954,2,10.42767,-0.806326,45.8308,1
29.1580822756514, 17.0251,29.2084518754855, 14.4058,2,16.67978,2,12.94154,-0.753353,48.0216,1
29.1746508749202, 16.0944,29.2238205755129, 16.6855,2,16.67938,2,11.3864,0.066351,45.4045,1
29.1925615752116, 16.8319,29.2413532761857, 16.2822,2,16.67948,2,12.41661,-0.455798,45.9959,1
29.2084518754855, 16.562,29.2585226753727, 19.0871,2,16.6794,2,9.511526,-1.416679,45.444,1
29.2238205755129, 16.4544,29.2738039754331, 13.3475,2,16.67925,2,12.77945,-0.257217,47.9717,1
29.2413532761857, 17.5182,29.2914617750794, 19.2502,2,16.67982,2,10.91845,-1.022059,44.8639,1
29.2585226753727, 15.749,29.3086915742606, 15.9387,2,16.67918,2,11.6852,0.749061,46.5958,1
29.2738039754331, 17.2473,29.3238914739341, 16.4453,2,16.67957,2,10.84348,0.120848,46.7868,1
29.2914617750794, 16.8164,29.3418452739716, 16.4491,2,16.67967,2,13.12342,1.176521,45.9858,1
29.3086915742606, 16.7947,29.3586055748165, 18.3809,2,16.67975,2,10.37616,-0.724748,45.6163,1
29.3238914739341, 16.4915,29.3741288743913, 13.8451,2,16.67962,2,12.02814,-0.471617,47.2036,1
29.3418452739716, 16.8329,29.3916208744049, 19.0332,2,16.67972,2,9.442252,-0.509547,44.5578,1
29.3586055748165, 15.9861,29.4079300742596, 14.733,2,16.67925,2,10.18408,-0.220004,46.7585,1
29.3741288743913, 17.1979,29.425626674667, 19.185,2,16.6796,2,7.509948,0.112044,45.5058,1
29.3916208744049, 17.0456,29.4416789747775, 14.6101,2,16.67985,2,12.67552,1.234423,47.4942,1
29.4079300742596, 16.2443,29.4575361739844, 17.2997,2,16.67956,2,10.92795,-0.961185,45.0579,1
29.425626674667, 17.2717,29.474658973515, 15.674,2,16.67996,2,12.3142,-1.063793,46.1138,1
29.4416789747775, 16.0348,29.4908275734633, 17.6182,2,16.67952,2,10.24406,0.660338,44.5167,1
29.4575361739844, 16.7557,29.5076044742018, 15.5315,2,16.67957,2,11.12878,-0.693897,46.0992,1
29.474658973515, 16.459,29.524721974507, 18.5003,2,16.67942,2,6.935685,-1.409169,44.8749,1
29.4908275734633, 16.7554,29.5414805747569, 15.3436,2,16.67947,2,12.85979,-0.915305,46.9159,1
29.5076044742018, 17.1047,29.5574193745852, 17.4213,2,16.67976,2,11.19216,0.306777,45.5047,1
29.524721974507, 16.5604,29.5756899751723, 16.5197,2,16.67968,2,11.1249,0.248781,45.8233,1
29.5414805747569, 17.0124,29.5915223751217, 17.5759,2,16.67991,2,10.81547,-0.352207,45.7824,1
29.5574193745852, 16.5522,29.6075843758881, 14.3226,2,16.67982,2,11.5815,0.417259,46.345,1
29.5756899751723, 17.1951,29.6249471753836, 18.8671,2,16.68017,2,11.03182,0.496456,44.1159,1
29.5915223751217, 15.9737,29.641062175855, 14.6307,2,16.67969,2,11.39092,-0.176353,45.7904,1
29.6075843758881, 16.8963,29.657877875492, 18.1843,2,16.67984,2,9.768307,-0.808124,44.4472,1
29.6249471753836, 16.2776,29.6763406749815, 17.1103,2,16.67957,2,12.14364,0.025516,45.7356,1
29.641062175855, 16.3356,29.6916601751, 16.7935,2,16.67933,2,9.715144,0.585184,46.5683,1
29.657877875492, 16.2127,29.7102812752128, 17.5409,2,16.67902,2,11.26405,1.070093,47.0252,1
29.6763406749815, 17.3649,29.7246631756425, 15.6331,2,16.67948,2,9.994024,-0.165208,48.3552,1
29.6916601751, 15.3009,29.740725075826, 16.2643,2,16.67855,2,12.30718,-0.886486,46.6217,1
29.7102812752128, 17.8739,29.7585268765688, 17.6314,2,16.67936,2,10.03592,-0.145733,47.5869,1
29.7246631756425, 15.4339,29.7764259763062, 16.1708,2,16.67852,2,11.09541,0.45444,47.3449,1
29.740725075826, 18.2367,29.7907454762608, 14.318,2,16.67957,2,9.098408,-0.90847,48.0802,1
29.7585268765688, 15.513,29.8080726768821, 18.9822,2,16.67878,2,11.97769,-0.065394,44.1638,1
29.7764259763062, 18.0905,29.8248214777559, 15.0979,2,16.67973,2,11.03973,-0.257399,47.6326,1
29.7907454762608, 16.3883,29.8409914784133, 17.7911,2,16.67954,2,12.11046,0.376651,44.6387,1
29.8080726768821, 16.6723,29.8579402789474, 15.3463,2,16.67953,2,9.86477,-0.951049,46.0438,1
29.8248214777559, 16.7096,29.8754552789032, 19.0269,2,16.67955,2,12.68149,-0.475164,44.7173,1
29.8409914784133, 17.2325,29.8916401788592, 14.7425,2,16.67992,2,10.0575,-0.098655,47.0355,1
29.8579402789474, 17.4896,29.9087109789252, 18.9357,2,16.68047,2,12.00965,-0.749587,44.5451,1
29.8754552789032, 16.7536,29.9246907792985, 14.2602,2,16.68052,2,9.872349,-0.312101,45.9922,1
29.8916401788592, 15.8285,29.941629178822, 18.3014,2,16.67994,2,12.52816,0.452056,43.4989,1
29.9087109789252, 16.044,29.95839907974, 15.4115,2,16.67952,2,10.42435,0.239963,45.972,1
29.9246907792985, 16.2286,29.9741512797773, 15.7764,2,16.67922,2,11.77599,-0.823505,45.3372,1
29.941629178822, 16.8207,29.9921969790012, 19.3528,2,16.67931,2,11.0527,-0.375246,44.8852,1
29.95839907974, 16.4236,30.0095502790064, 15.872,2,16.67914,2,12.04714,0.148122,47.4204,1
29.9741512797773, 16.7313,30.0252735782415, 17.4575,2,16.67917,2,9.516237,-0.448503,46.8684,1
29.9921969790012, 17.2974,30.0422269776464, 17.0079,2,16.67959,2,11.68431,0.471377,47.5956,1
30.0095502790064, 16.5571,30.0582071784884, 14.1925,2,16.6795,2,11.07245,-0.902639,47.3048,1
30.0252735782415, 14.5722,30.0747868791223, 18.0315,2,16.6781,2,12.07308,-0.792715,44.941,1
30.0422269776464, 19.685,30.0919834785163, 15.8076,2,16.6801,2,9.762803,-0.701813,48.4017,1
30.0582071784884, 15.5554,30.1077565792948, 17.371,2,16.67936,2,12.16042,0.070114,44.5253,1
30.0747868791223, 16.9257,30.1257693786174, 16.5859,2,16.67952,2,9.502939,-0.437668,46.3403,1
30.0919834785163, 16.2088,30.1418224778026, 17.7185,2,16.67921,2,12.61121,-0.044778,46.0011,1
30.1077565792948, 16.6039,30.1604351773858, 16.9352,2,16.67916,2,10.76161,-1.167728,47.5087,1
30.1257693786174, 16.9075,30.1745945774019, 15.3248,2,16.67931,2,12.46089,-0.129082,47.8423,1
30.1418224778026, 15.8431,30.1932890769094, 17.3088,2,16.67875,2,10.37387,-0.687549,46.2599,1
30.1604351773858, 17.0477,30.2088529765606, 17.2715,2,16.679,2,12.21468,0.901663,47.7265,1
30.1745945774019, 15.1728,30.2278184760362, 19.12,2,16.678,2,9.921228,-0.215634,47.9502,1
30.1932890769094, 19.2285,30.2420978760347, 14.1307,2,16.67969,3,13.01808,0.365852,51.8984,1
30.2088529765606, 15.1077,30.2593593755737, 17.2976,2,16.67865,2,10.08125,-0.575856,46.8002,1
30.2278184760362, 17.357,30.2749590752646, 14.0045,2,16.6791,2,12.48114,0.171481,48.9906,1
30.2420978760347, 16.1447,30.2927311761305, 19.2728,2,16.67874,2,9.081634,-0.890043,45.6359,1
30.2593593755737, 17.3862,30.3082588762045, 14.0404,2,16.67921,2,10.36425,-0.575922,48.7642,1
30.2749590752646, 17.3009,30.3251254763454, 18.5234,2,16.67962,2,9.355356,0.046343,45.4213,1
30.2927311761305, 15.8964,30.343772277236, 16.7504,2,16.6791,2,10.66772,0.015532,46.6437,1
30.3082588762045, 17.2331,30.3588208770379, 15.1488,2,16.67947,2,9.744643,-0.390515,47.4984,1
30.3251254763454, 15.2997,30.3755891779438, 18.2106,2,16.67856,2,12.74772,-0.161122,45.4114,1
30.343772277236, 17.9809,30.391710777767, 14.6083,2,16.67942,2,10.65756,-0.153562,48.3174,1
30.3588208770379, 16.3527,30.4084457783028, 18.0718,2,16.6792,2,9.997468,0.02496,44.9525,1
30.3755891779438, 17.6627,30.4263429781422, 18.6738,2,16.67985,2,9.982915,-0.138356,46.672,1
30.391710777767, 15.5741,30.4420027779415, 15.5293,2,16.67912,2,10.48192,-0.917727,47.6816,1
30.4084457783028, 15.1328,30.461058578454, 17.3121,2,16.67811,2,10.25506,-1.435666,47.6392,1
30.4263429781422, 18.5682,30.4751628786325, 15.6582,2,16.67935,2,10.21574,-0.503772,49.8187,1
30.4420027779415, 15.7455,30.4919528793544, 15.3442,2,16.67874,2,10.21496,0.074112,46.9091,1
30.461058578454, 18.4418,30.5099881794304, 19.5105,2,16.67989,2,10.23063,0.511732,46.5074,1
30.4751628786325, 16.2286,30.5258627794683, 14.4079,2,16.6796,2,10.87437,-1.207645,47.5766,1
30.4919528793544, 16.9304,30.5423059798777, 17.7999,2,16.67976,2,11.50547,0.87994,45.7534,1
30.5099881794304, 16.354,30.561782579869, 17.804,2,16.67955,2,10.82199,-0.76684,46.6244,1
30.5258627794683, 16.9469,30.5761261796579, 14.3994,2,16.67972,2,10.00847,-1.068298,48.0761,1
30.5423059798777, 15.2095,30.5922448793426, 17.7691,2,16.67876,2,9.673145,-0.280887,45.5284,1
30.561782579869, 19.5084,30.609083279036, 15.2263,2,16.68061,2,11.11506,-0.544889,48.0887,1
30.5761261796579, 15.5081,30.6255233781412, 17.9651,2,16.67984,2,11.00354,1.363299,43.807,1
30.5922448793426, 16.2068,30.6426027780399, 15.5017,2,16.67953,2,10.8638,-0.735403,46.2557,1
30.609083279036, 17.3979,30.6580737782642, 17.0236,2,16.68,2,12.82399,-0.731105,45.5641,1
30.6255233781412, 16.1516,30.675457178615, 15.8382,2,16.67966,2,10.30339,-0.124604,45.1895,1
30.6426027780399, 16.8152,30.691930978559, 18.161,2,16.67975,2,12.3378,0.673353,44.8752,1
30.6580737782642, 17.1748,30.7086504781619, 15.0851,2,16.68007,2,6.818403,-0.828695,46.223,1
30.675457178615, 16.7914,30.7260708780959, 19.0331,2,16.68014,2,10.87531,-0.780143,44.1313,1
30.691930978559, 15.66,30.743532278575, 15.9949,2,16.67948,2,10.7747,-1.111634,46.3751,1
30.7086504781619, 17.1871,30.7594433790073, 17.2621,2,16.67981,2,10.25465,-0.845804,46.7106,1
30.7260708780959, 17.2005,30.7764152782038, 15.4358,2,16.68015,2,9.200295,-0.309725,46.7863,1
30.743532278575, 16.9855,30.7917679781094, 16.8224,2,16.68034,2,10.83954,-0.216965,45.0221,1
30.7594433790073, 14.4478,30.8109368784353, 17.5643,2,16.6789,2,10.95153,-0.490782,44.8567,1
30.7764152782038, 18.3616,30.825879978016, 16.7387,2,16.67999,2,11.2999,-0.497875,47.9758,1
30.7917679781094, 14.8073,30.843561578542, 15.8606,2,16.67878,2,12.54873,-0.226437,46.3532,1
30.8109368784353, 17.9481,30.8601863794029, 16.7571,2,16.6796,2,10.50797,-0.645541,47.403,1
30.825879978016, 15.5826,30.8758338801563, 17.2177,2,16.67889,2,11.73548,-0.56308,46.2162,1
30.843561578542, 18.5337,30.8927924800664, 15.5383,2,16.68008,2,10.68538,0.506641,47.8512,1
30.8601863794029, 15.5536,30.9091124795377, 17.853,2,16.67936,2,12.24534,-1.027127,44.856,1
30.8758338801563, 17.2196,30.9270404800773, 16.4028,2,16.67971,2,9.923841,-0.628733,47.1554,1
30.8927924800664, 16.7687,30.9428084809333, 17.4882,2,16.67976,2,12.22128,-0.304005,46.3394,1
30.9091124795377, 16.4032,30.9598499815911, 15.461,2,16.67959,2,11.03266,-0.776985,47.0586,1
30.9270404800773, 16.8289,30.9756710808724, 17.0068,2,16.67968,2,11.38303,-0.838623,46.1168,1
30.9428084809333, 16.8414,30.9927557799965, 15.7604,2,16.67979,2,11.28803,0.437212,46.2959,1
30.9598499815911, 16.1224,31.0089513808489, 17.4477,2,16.67943,2,12.56791,-0.737845,45.2138,1
30.9756710808724, 17.5098,31.0262572802603, 15.9132,2,16.67996,2,10.50918,0.098719,46.5405,1
30.9927557799965, 16.5371,31.0419539809227, 17.3368,2,16.67987,2,12.81762,-0.290884,44.9437,1
31.0089513808489, 16.0662,31.0601706802845, 16.5057,2,16.67948,2,11.07519,0.066224,45.7439,1
31.0262572802603, 17.2898,31.076260080561, 17.7691,2,16.67987,2,11.48295,-0.927196,46.1752,1
31.0419539809227, 16.6345,31.0929300803691, 15.0372,2,16.67984,2,11.06218,-0.342409,46.6607,1
31.0601706802845, 16.5006,31.1093635801226, 18.2436,2,16.67972,2,9.964384,0.153628,45.0658,1
31.076260080561, 16.7626,31.1259339805692, 14.9258,2,16.67978,2,10.36438,-0.752869,46.8088,1
31.0929300803691, 16.8744,31.1428545806557, 18.3043,2,16.6799,2,11.8254,-0.480811,44.9729,1
31.1093635801226, 16.3825,31.1591037809849, 14.6486,2,16.67971,2,11.23941,-0.094482,46.4025,1
31.1259339805692, 16.8595,31.1762063801289, 18.6896,2,16.67982,2,12.26227,-0.82359,44.669,1
31.1428545806557, 16.1529,31.1945482809097, 16.8096,2,16.67949,2,10.18757,0.371967,46.4998,1
31.1591037809849, 17.0857,31.2097550807521, 16.6884,2,16.67975,2,12.72341,-0.666534,47.157,1
31.1762063801289, 15.1698,31.2263521803543, 16.8177,2,16.67879,2,10.88838,-0.707108,46.7596,1
31.1945482809097, 18.5678,31.2439090805128, 15.902,2,16.67999,2,11.92119,-0.330368,48.4052,1
31.2097550807521, 14.981,31.2590133808553, 16.6508,2,16.67891,2,11.23653,-0.229139,45.7394,1
31.2263521803543, 18.4963,31.2763340808451, 15.7373,2,16.68006,2,11.56383,-0.643642,47.4127,1
31.2439090805128, 15.8829,31.29271338135, 16.363,2,16.67956,2,10.83641,-0.56643,44.6535,1
31.2590133808553, 17.2593,31.3098821807653, 18.7787,2,16.67993,2,12.49167,-0.123543,45.1342,1
31.2763340808451, 16.4668,31.3257231805474, 14.1974,2,16.67979,2,10.49594,-1.095024,46.654,1
31.29271338135, 16.3977,31.3431746810675, 17.4337,2,16.67961,2,11.92134,0.146227,44.3849,1
31.3098821807653, 17.2539,31.3601185809821, 18.5897,2,16.67998,2,10.81803,-1.174614,45.4199,1
31.3257231805474, 16.3503,31.3760004807264, 14.3123,2,16.67977,2,10.55294,-0.017658,46.7568,1
31.3431746810675, 16.5722,31.3931465800852, 17.073,2,16.6797,2,11.93552,-0.929624,44.7184,1
31.3601185809821, 17.2763,31.409665280953, 18.2251,2,16.68007,2,11.46897,0.569589,45.2203,1
31.3760004807264, 16.5656,31.4262606818229, 15.0344,2,16.68,2,11.70421,-0.122428,46.1674,1
31.3931465800852, 15.7367,31.4428211823106, 16.6052,2,16.67941,2,11.46926,-0.214333,44.6357,1
31.409665280953, 16.9455,31.4597371816635, 18.4494,2,16.67957,2,11.96892,-0.437384,45.5076,1
31.4262606818229, 17.2587,31.4771582819521, 15.9403,2,16.67994,2,11.35591,-1.101567,47.0123,1
31.4428211823106, 16.1818,31.4942397810519, 20.4545,2,16.67963,2,11.15173,-0.71995,45.6921,1
31.4597371816635, 16.9304,31.5098212808371, 11.9696,2,16.67978,2,10.24223,0.442912,49.967,1
31.4771582819521, 16.7029,31.5271641816944, 17.5551,2,16.6798,2,11.82378,0.632707,45.0068,1
31.4942397810519, 16.3738,31.5440123807639, 18.8111,2,16.67961,2,10.77847,-0.057238,45.858,1
31.5098212808371, 16.5126,31.5596623811871, 13.5646,2,16.6795,2,13.07725,-1.537208,48.2962,1
31.5271641816944, 16.4222,31.5771469809115, 17.4143,2,16.67934,2,11.01509,-1.005003,45.3485,1
31.5440123807639, 17.0485,31.5929922815412, 17.3265,2,16.67957,2,11.29149,-0.80655,46.3383,1
31.5596623811871, 16.8099,31.6093304809183, 14.8703,2,16.67965,2,9.771638,-0.63764,46.6114,1
31.5771469809115, 17.2837,31.625755680725, 17.7877,2,16.68003,2,11.91461,-0.728603,44.6797,1
31.5929922815412, 15.4824,31.6427035816014, 15.4649,2,16.67928,2,11.7438,0.080531,45.1845,1
31.6093304809183, 17.767,31.6591432821006, 18.0403,2,16.67996,2,11.36745,0.778989,45.1675,1
31.625755680725, 15.4877,31.6762759815902, 15.7427,2,16.67922,2,11.11994,-1.238784,45.4399,1
31.6427035816014, 17.4739,31.6936714816839, 19.2673,2,16.67971,2,10.819,-0.722943,45.6939,1
31.6591432821006, 15.9414,31.7091609816998, 14.0655,2,16.67925,2,12.35137,-0.206096,47.4898,1
31.6762759815902, 17.1584,31.7274752818048, 21.0346,2,16.67955,2,10.03691,-0.314178,45.614,1
31.6936714816839, 16.9657,31.742710981518, 12.0985,2,16.67973,3,10.86708,-0.938612,49.4909,1
31.7091609816998, 16.4024,31.7607167810202, 21.6108,2,16.67956,2,11.57674,-0.066748,44.6229,1
31.7274752818048, 16.057,31.7767299804837, 12.4136,2,16.67917,3,12.5111,-0.115464,49.8325,1
31.742710981518, 16.8781,31.7926691807806, 17.418,2,16.67929,2,10.31108,-1.075997,46.1874,1
31.7607167810202, 16.5178,31.8101427815855, 16.0161,2,16.67919,2,11.99091,0.042579,46.7295,1
31.7767299804837, 17.1334,31.8263744823635, 17.713,2,16.67947,2,12.42625,0.086831,46.2273,1
31.7926691807806, 16.6384,31.8430728819221, 15.0453,2,16.67945,2,10.09746,-0.117945,46.8079,1
31.8101427815855, 16.2025,31.8614312820137, 21.8434,2,16.67915,2,11.8211,-0.2925,45.2129,1
31.8263744823635, 16.9652,31.876660682261, 11.8798,2,16.67933,3,11.42032,0.647584,50.8562,1
31.8430728819221, 16.6111,31.8929639831185, 18.0286,2,16.67929,2,10.02907,0.04687,45.7714,1
31.8614312820137, 16.3789,31.909633083269, 14.9382,2,16.6791,2,11.58504,0.780674,47.1879,1
31.876660682261, 17.0584,31.9274129830301, 20.9396,2,16.67934,2,9.807,-0.183683,45.7486,1
31.8929639831185, 17.458,31.9437559824437, 13.2644,2,16.67982,2,10.09202,-0.91564,49.6298,1
31.909633083269, 16.1332,31.9606454819441, 18.9742,2,16.67948,2,11.00353,-0.464184,45.4364,1
31.9274129830301, 16.0695,31.9777136817575, 14.8738,2,16.6791,2,9.851326,0.662374,48.2779,1
31.9437559824437, 17.2865,31.9940543826669, 19.4819,2,16.67948,2,7.757183,-0.021344,47.0817,1
31.9606454819441, 17.371,32.0106048826128, 13.4253,2,16.67991,3,9.90564,-0.083289,49.2781,1
31.9777136817575, 16.0417,32.0271006822586, 18.3718,2,16.67951,2,11.17488,0.222873,45.3331,1
31.9940543826669, 15.7325,32.0436415821314, 14.6013,2,16.67893,2,12.11623,-0.817742,47.6633,1
32.0106048826128, 17.0921,32.059803282842, 17.8575,2,16.67918,2,9.376644,0.897314,46.5325,1
32.0271006822586, 16.8322,32.0776239819825, 16.112,2,16.67928,2,11.60009,-0.43644,47.2974,1
32.0436415821314, 16.9371,32.0937904827297, 16.2611,2,16.67944,2,10.17633,-1.166294,46.5756,1
32.059803282842, 15.4578,32.1098145823926, 17.5998,2,16.67868,2,9.578542,-0.567036,45.9015,1
32.0776239819825, 17.9693,32.1266738828272, 15.3788,2,16.67948,2,10.94479,0.001954,48.0446,1
32.0937904827297, 17.025,32.1438019834459, 18.7849,2,16.67969,2,7.54214,-0.225256,45.4547,1
32.1098145823926, 16.5688,32.1587159838527, 13.2065,2,16.67962,2,10.88249,2.292207,47.2149,1
32.1266738828272, 17.2469,32.1776138842106, 20.3233,2,16.67997,2,11.26004,0.289825,43.853,1
32.1438019834459, 16.8485,32.1939835846424, 15.0261,2,16.68007,2,10.81235,-0.195857,46.9288,1
32.1587159838527, 16.5778,32.2108580842614, 18.2644,2,16.68001,2,10.29956,-0.636919,45.1046,1
32.1776138842106, 16.9081,32.2259363839403, 15.1831,2,16.68015,2,10.16019,-0.213494,46.7935,1
32.1939835846424, 16.4216,32.2429245831445, 15.3168,2,16.67999,2,6.199275,-0.395503,45.0696,1
32.2108580842614, 15.4423,32.2600634833798, 18.7287,2,16.67923,2,9.612257,-0.082686,43.9649,1
32.2259363839403, 17.8794,32.2774630831555, 15.8864,2,16.67997,2,9.835919,-0.633143,47.2506,1
32.2429245831445, 16.6417,32.2935606827959, 17.6745,2,16.67995,2,12.25219,-0.455635,45.2572,1
32.2600634833798, 16.4609,32.3102571824566, 15.0124,2,16.67981,2,9.233503,-0.516223,46.2918,1
32.2774630831555, 15.8225,32.3277933830395, 19.5751,2,16.67929,2,12.14399,-0.642306,44.8433,1
32.2935606827959, 18.0922,32.3461270825937, 18.2674,2,16.68015,3,9.990443,-0.501026,48.5964,1
32.3102571824566, 15.2302,32.3598159821704, 13.7406,2,16.67927,2,11.98464,-0.914329,48.7717,1
32.3277933830395, 15.164,32.3768430827186, 15.1818,2,16.67834,2,10.69072,-0.725431,47.2816,1
32.3461270825937, 18.4818,32.3938106829301, 18.9436,2,16.67944,2,12.31891,-0.219047,47.3002,1
32.3598159821704, 16.0585,32.4113974822685, 15.531,2,16.67906,2,10.72543,-0.095215,47.7601,1
32.3768430827186, 17.4103,32.4260082822293, 16.4016,2,16.67951,2,12.45973,-0.800242,47.235,1
32.3938106829301, 15.0309,32.4440750814974, 16.1571,2,16.6785,2,11.40233,-0.464148,46.2269,1
32.4113974822685, 18.858,32.4607035815716, 18.6351,2,16.67983,2,12.39555,-0.762507,47.3505,1
32.4260082822293, 14.3604,32.4770523812622, 14.4424,2,16.67842,3,10.14701,-0.113576,47.1282,1
32.4440750814974, 18.2521,32.4937821812928, 18.3242,2,16.67938,2,11.80534,-0.542269,47.2127,1
32.4607035815716, 14.4326,32.5097076818347, 14.1426,2,16.67801,2,10.82775,-0.914287,47.285,1
32.4770523812622, 18.6053,32.5269415825605, 19.3277,2,16.67918,2,11.96001,0.258992,46.993,1
32.4937821812928, 16.1939,32.5438940823078, 14.9165,2,16.67889,2,10.85308,-0.577845,47.7056,1
32.5097076818347, 17.4776,32.5609616823494, 19.0571,2,16.67937,2,9.978769,0.184345,46.4416,1
32.5269415825605, 15.7954,32.5768389832228, 13.9069,2,16.67884,2,10.76139,-0.516358,48.0209,1
32.5438940823078, 17.5838,32.5946910828352, 17.717,2,16.67938,2,12.72971,-0.473769,46.133,1
32.5609616823494, 16.1796,32.6098549831659, 16.6396,2,16.67908,2,9.772345,-0.85627,46.2659,1
32.5768389832228, 17.3038,32.626954684034, 15.7638,2,16.67946,2,12.29626,-0.860752,46.7264,1
32.5946910828352, 17.5886,32.6436007842422, 18.2584,2,16.68001,2,9.909958,-0.016106,45.1869,1
32.6098549831659, 16.0131,32.6599230840802, 14.7076,2,16.67961,2,12.39837,-0.076869,45.8566,1
32.626954684034, 17.4207,32.6766936834902, 19.3292,2,16.68005,2,10.74397,0.429698,44.5522,1
32.6436007842422, 16.7798,32.6943394839764, 15.4557,2,16.68011,2,12.46895,-0.620207,46.461,1
32.6599230840802, 16.904,32.7114348839968, 16.7507,2,16.68025,2,10.87041,-0.927985,45.137,1
32.6766936834902, 16.4825,32.7267361842096, 16.6518,2,16.68013,2,11.69517,-0.610025,44.9846,1
32.6943394839764, 15.263,32.7437359839678, 15.5035,2,16.67928,2,10.2008,-0.782516,45.1515,1
32.7114348839968, 16.81,32.7598531842232, 17.6988,2,16.67935,2,11.12531,-0.167999,45.3946,1
32.7267361842096, 16.6283,32.7765715848655, 15.1842,2,16.67932,2,10.79128,0.296635,46.2837,1
32.7437359839678, 16.6394,32.7931274846196, 17.976,2,16.6793,2,12.60122,0.467422,44.8394,1
32.7598531842232, 16.9427,32.8101547844708, 15.6021,2,16.67946,2,10.78952,0.141007,46.1766,1
32.7765715848655, 17.2045,32.8268504850566, 18.3435,2,16.67977,2,10.6424,-0.870522,44.8334,1
32.7931274846196, 17.1103,32.8438586853445, 15.3968,2,16.68003,2,10.29387,-0.551882,45.9754,1
32.8101547844708, 16.2276,32.8607158847153, 18.3673,2,16.67976,2,11.54178,1.349202,44.2599,1
32.8268504850566, 16.6624,32.8771136850119, 14.9169,2,16.67975,2,9.582193,-0.898038,46.4017,1
32.8438586853445, 16.5191,32.8937969841063, 18.2972,2,16.67965,2,11.62262,0.466722,44.6544,1
32.8607158847153, 16.8505,32.9104692842811, 15.153,2,16.67976,2,10.87448,-0.263419,46.435,1
32.8771136850119, 16.6607,32.927027983591, 18.1612,2,16.67974,2,12.3226,0.547812,44.7355,1
32.8937969841063, 17.157,32.9444807842374, 17.4181,2,16.68003,2,6.941738,0.231084,46.2387,1
32.9104692842811, 16.443,32.9616624843329, 15.5728,2,16.67989,2,12.67218,-0.278081,46.4917,1
32.927027983591, 15.1655,32.9783931840211, 18.418,2,16.67898,2,9.575919,-0.257373,45.6301,1
32.9444807842374, 17.9679,32.9946892838925, 14.536,2,16.67975,2,12.02999,-0.763305,48.8801,1
32.9616624843329, 16.4398,33.0102439839393, 15.5215,2,16.67961,2,9.274316,-1.136585,45.4505,1
32.9783931840211, 17.5372,33.0277363844216, 19.313,2,16.68012,2,9.733081,-0.199484,44.5198,1
32.9946892838925, 16.1658,33.0446747839451, 15.0029,2,16.67982,2,9.291073,-0.197234,46.3086,1
33.0102439839393, 16.4573,33.0605255831033, 17.6451,2,16.67968,2,10.50311,0.934418,45.1467,1
33.0277363844216, 17.2315,33.0768279824406, 14.5127,2,16.68001,2,10.99358,-0.993866,46.3262,1
33.0446747839451, 16.3909,33.0946315824986, 19.6912,2,16.67984,2,11.23058,0.35765,43.6139,1
33.0605255831033, 16.3946,33.1114440821111, 15.0822,2,16.67967,2,10.12203,-0.659385,46.9161,1
33.0768279824406, 16.9406,33.1278963815421, 18.0833,2,16.67982,2,10.34928,-1.228114,45.6036,1
33.0946315824986, 16.9551,33.145352082327, 17.7634,2,16.67999,2,8.965966,-0.879982,46.7476,1
33.1114440821111, 16.4236,33.1620518825948, 14.9666,2,16.67983,2,11.20625,1.160675,47.5557,1
33.1278963815421, 15.1746,33.1773214824498, 16.6771,2,16.67894,2,9.934985,-0.369581,46.099,1
33.145352082327, 18.2021,33.1941697821021, 15.3977,2,16.67985,2,10.76791,-0.996837,47.6018,1
33.1620518825948, 16.2828,33.2116936817765, 19.1316,2,16.67961,2,11.69598,0.4325,44.7954,1
33.1773214824498, 16.4964,33.2271710820496, 13.8378,2,16.6795,2,11.00303,-0.069716,47.6442,1
33.1941697821021, 17.1757,33.2441572826356, 18.5086,2,16.67979,2,8.821581,-0.333634,44.9886,1
33.2116936817765, 16.6623,33.2619602829218, 19.5327,2,16.67978,2,10.59714,-0.167659,46.3217,1
33.2271710820496, 16.9526,33.2776914834976, 12.3519,2,16.67995,3,11.1976,-0.515147,49.1931,1
33.2441572826356, 14.5808,33.2954563833773, 21.0734,2,16.67871,2,9.499516,-0.847711,44.5919,1
33.2619602829218, 17.3862,33.3119033835828, 13.3982,2,16.67912,3,11.42493,0.99427,51.0847,1
33.2776914834976, 17.1117,33.3288235832006, 18.5354,2,16.67938,2,9.537259,-0.571983,47.0968,1
33.2954563833773, 16.2107,33.3458759840578, 15.2359,2,16.6791,2,11.95325,-0.352075,48.5213,1
33.3119033835828, 17.6171,33.3620435837656, 17.9387,2,16.67966,2,10.75561,-0.321023,47.5432,1
33.3288235832006, 15.9639,33.3788505829871, 15.1485,2,16.67923,2,12.52843,-1.410318,47.8688,1
33.3458759840578, 17.0383,33.3941929833964, 16.9712,2,16.67945,2,9.118883,-1.352972,47.053,1
33.3620435837656, 16.6186,33.4123918833211, 18.1578,2,16.67941,2,12.44368,0.758265,46.9869,1
33.3788505829871, 17.1116,33.4291284838691, 15.0276,2,16.67966,2,10.43602,-0.796413,48.5229,1
33.3941929833964, 14.3548,33.4438326843083, 17.1661,2,16.6783,2,11.97362,-0.333415,46.4419,1
33.4123918833211, 18.7831,33.4620352834463, 15.9706,2,16.67953,2,11.80197,-0.097059,49.2458,1
33.4291284838691, 16.7276,33.4788778834045, 18.5484,2,16.67956,2,13.09074,-0.526317,46.4412,1
33.4438326843083, 16.1486,33.4968407843262, 16.0413,2,16.67925,3,9.462613,0.386379,48.2628,1
33.4620352834463, 17.3776,33.5119502842426, 15.1975,2,16.67966,2,10.65701,0.946111,48.1556,1
33.4788778834045, 14.6923,33.5284483842552, 18.0801,2,16.6785,2,11.76106,-0.441715,45.9734,1
33.4968407843262, 18.1467,33.5441985838115, 14.057,2,16.67936,2,10.12922,-0.106286,49.364,1
33.5119502842426, 16.2426,33.5619352832437, 19.4294,2,16.6791,2,10.05542,-0.775019,45.272,1
33.5284483842552, 16.407,33.5786201823503, 15.1495,2,16.67894,2,11.25309,-0.095873,48.4616,1
33.5441985838115, 17.591,33.5957181826234, 18.6938,2,16.67947,2,8.840115,-0.537438,47.2043,1
33.5619352832437, 16.8348,33.6111208824441, 15.0991,2,16.67956,3,12.35079,0.628884,48.3046,1
33.5786201823503, 16.4634,33.6271395822987, 14.657,2,16.67944,2,9.940719,-0.846079,46.5718,1
33.5957181826234, 14.645,33.6438621832058, 18.3963,2,16.67825,2,12.59497,0.310521,44.7656,1
33.6111208824441, 19.0459,33.6621279837564, 16.7685,2,16.67963,2,9.777538,-0.120669,48.5163,1
33.6271395822987, 15.96,33.6784982839599, 17.6697,2,16.67921,2,12.28472,-1.041976,46.2403,1
33.6438621832058, 16.8851,33.6952530844137, 15.1501,2,16.67933,2,9.292479,-0.318847,47.9499,1
33.6621279837564, 16.6388,33.7114381836727, 17.9472,2,16.67931,2,12.63618,0.485322,46.2153,1
33.6784982839599, 17.7231,33.7280857833102, 14.6944,2,16.67992,2,9.129169,-0.63634,47.5242,1
33.6952530844137, 15.5343,33.7449016841128, 18.6528,2,16.67925,2,11.54078,-0.779458,44.4955,1
33.7114381836727, 16.8745,33.7615057835355, 14.8438,2,16.67936,2,10.63685,0.390772,47.6137,1
33.7280857833102, 16.4376,33.7780546834692, 18.2647,2,16.67922,2,11.87458,-1.086269,45.5842,1
33.7449016841128, 18.0887,33.7947121830657, 14.9818,2,16.68004,2,10.90254,-0.199501,47.4116,1
33.7615057835355, 15.5301,33.812102383934, 19.4137,2,16.67937,2,10.75956,0.707655,44.305,1
33.7780546834692, 16.5295,33.8282684842125, 16.1819,2,16.67929,2,12.23553,-0.283151,48.1882,1
33.7947121830657, 16.8799,33.8446280835196, 15.9751,2,16.6794,2,9.587269,0.327322,47.8407,1
33.812102383934, 15.115,33.8615817828104, 17.3567,2,16.6785,2,12.5008,0.40556,46.9359,1
33.8282684842125, 17.6546,33.8777677835897, 15.8247,2,16.67906,2,10.20704,-0.807977,49.1781,1
33.8446280835196, 16.0059,33.895883182995, 16.6832,2,16.67867,2,10.99535,0.190515,47.3493,1
33.8615817828104, 17.0851,33.9121815832332, 17.9039,2,16.67891,2,10.27658,0.240672,48.0264,1
33.8777677835897, 16.076,33.9307694835588, 16.6209,2,16.67856,2,9.13624,-1.261882,48.8384,1
33.895883182995, 18.3899,33.9450331833214, 16.2544,2,16.67955,2,9.621577,-0.560707,49.3906,1
33.9121815832332, 14.5356,33.961953682825, 15.1837,2,16.67831,2,11.11679,0.191845,47.255,1
33.9307694835588, 19.9086,33.9783361833543, 17.9321,2,16.68017,2,11.61163,0.055081,47.9032,1
33.9450331833214, 16.2867,33.9946001842618, 14.5534,2,16.67995,2,9.786582,-0.001306,45.9274,1
33.961953682825, 15.4756,34.0116063840687, 18.5968,2,16.67925,2,13.12861,-1.026928,44.195,1
33.9783361833543, 17.4433,34.0281465835869, 15.1374,2,16.67969,2,10.80766,0.052919,47.3154,1
33.9946001842618, 15.7126,34.0449769832194, 18.4899,2,16.67914,2,11.47612,-0.909357,45.0103,1
34.0116063840687, 17.4011,34.0627332832664, 16.0832,2,16.67955,2,10.15361,-1.375177,47.7874,1
34.0281465835869, 16.408,34.0794168841094, 18.3832,2,16.6794,2,10.93383,0.065653,46.4673,1
34.0449769832194, 16.7808,34.0955588836223, 14.6258,2,16.67945,2,11.15578,-0.01579,48.4456,1
34.0627332832664, 16.6169,34.1117688827217, 17.7169,2,16.67942,2,11.72076,1.181428,46.2909,1
34.0794168841094, 16.9102,34.1278161834925, 15.7781,2,16.67955,2,10.90888,0.39945,47.3886,1
34.0955588836223, 16.2406,34.1450770832598, 15.8508,2,16.6793,2,13.14815,-0.901633,46.2585,1
34.1117688827217, 16.0197,34.1621460840106, 18.6654,2,16.67892,2,10.16629,-0.067535,45.87,1
34.1278161834925, 18.0034,34.1788577847183, 15.0149,2,16.67968,2,11.79937,0.398518,48.516,1
34.1450770832598, 16.0184,34.1948960851878, 17.7022,2,16.6793,2,9.18715,-0.963906,45.5277,1
34.1621460840106, 17.515,34.2123229857534, 17.4071,2,16.67978,2,11.48593,-0.00049,47.2109,1
34.1788577847183, 16.6318,34.2289176862687, 14.8426,2,16.67975,2,11.47793,0.587335,47.104,1
34.1948960851878, 15.4437,34.2447111867368, 17.3745,2,16.67904,2,11.87788,-0.923234,45.3143,1
34.2123229857534, 18.6249,34.2618712875992, 15.7536,2,16.68016,2,9.468306,0.308219,47.2448,1
34.2289176862687, 16.1252,34.2791362870485, 19.0781,2,16.67984,2,12.80259,0.398501,44.3754,1
34.2447111867368, 16.1353,34.2945761866868, 15.3912,2,16.67953,2,10.22917,-0.722222,47.3277,1
34.2618712875992, 17.0456,34.3122451864183, 15.8931,2,16.67974,2,10.97183,0.08613,46.5818,1
34.2791362870485, 15.0499,34.3283707872033, 18.1249,2,16.67881,2,11.20718,-0.283573,45.4313,1
34.2945761866868, 17.9697,34.3458565864712, 15.4982,2,16.67954,2,11.4397,0.725673,48.5068,1
34.3122451864183, 15.7689,34.3621438872069, 18.2006,2,16.67903,2,9.736622,0.105017,46.0354,1
34.3283707872033, 17.7952,34.379804186523, 15.8735,2,16.67966,2,12.57397,-0.716443,48.468,1
34.3458565864712, 16.0381,34.3953438866884, 15.1765,2,16.6793,2,10.21727,-0.283463,46.5464,1
34.3621438872069, 15.0816,34.412843586877, 19.4866,2,16.67839,2,12.16893,-0.782635,45.6858,1
34.379804186523, 18.496,34.4291042871773, 14.4499,2,16.67942,2,9.659883,-0.692857,50.0908,1
34.3953438866884, 16.9334,34.4451032876968, 17.8704,2,16.67956,2,11.73394,-0.25453,46.0448,1
34.412843586877, 16.2767,34.4626723881811, 15.7256,2,16.67934,2,11.11116,-0.143293,46.982,1
34.4291042871773, 16.6688,34.4787578880787, 17.5385,2,16.67933,2,12.11944,-0.911075,46.4317,1
34.4451032876968, 17.5118,34.4961893875152, 18.1461,2,16.6798,2,11.17866,0.674217,47.3009,1
34.4626723881811, 15.9365,34.5130320880562, 15.155,2,16.67938,2,12.32873,-0.186604,47.9351,1
34.4787578880787, 15.8511,34.5283965878189, 14.8347,2,16.67891,2,10.50449,-0.794975,47.154,1
34.4961893875152, 18.69,34.5450729876757, 18.7294,2,16.68005,2,11.84387,-0.111167,46.1383,1
34.5130320880562, 15.4472,34.5628065876663, 15.9431,2,16.67935,2,11.09978,-0.684705,46.1782,1
34.5283965878189, 17.9979,34.5788116883487, 15.7996,2,16.6801,2,11.2664,-0.546171,46.6738,1
34.5450729876757, 14.9641,34.596426287666, 19.3111,2,16.67913,2,10.36557,1.242196,44.4761,1
34.5628065876663, 17.0371,34.6119519872591, 13.9078,2,16.67933,2,12.72707,-0.124521,48.8232,1
34.5788116883487, 17.4085,34.6292983880267, 18.8567,2,16.67974,2,10.5379,0.280998,45.6941,1
34.596426287666, 15.8997,34.6459927884862, 15.12,2,16.6793,2,12.58847,-0.481052,47.1431,1
34.6119519872591, 17.3312,34.6618743883446, 17.5472,2,16.67967,2,11.0825,-1.091809,46.361,1
34.6292983880267, 15.8973,34.6786759877577, 16.772,2,16.67923,2,10.65382,0.024675,46.5795,1
34.6459927884862, 18.1359,34.6948990868405, 14.4305,2,16.68005,2,10.5366,-0.292992,47.4521,1
34.6618743883446, 14.7281,34.7129253866151, 19.9627,2,16.67895,2,9.677452,-1.121573,43.7496,1
34.6786759877577, 19.7559,34.7297708867118, 15.048,2,16.68068,2,10.72271,-0.470005,48.9845,1
34.6948990868405, 15.7781,34.7466726871207, 18.4123,2,16.68017,2,11.13573,-0.395041,44.2762,1
34.7129253866151, 17.1343,34.7618845868856, 13.6786,2,16.68043,2,10.18519,-0.921072,46.9111,1
34.7297708867118, 16.5234,34.7794935870916, 19.4316,2,16.68034,2,10.69727,-0.628323,43.4555,1
34.7466726871207, 16.4504,34.7955335862935, 15.7229,2,16.68021,2,13.06011,0.190355,46.3646,1
34.7618845868856, 16.699,34.8117924854159, 14.6069,2,16.68022,2,10.75484,-0.311111,45.6374,1
34.7794935870916, 13.6479,34.8289573863149, 18.8668,2,16.67852,2,12.34077,0.055974,43.5453,1
34.7955335862935, 18.8848,34.8463664855808, 16.0025,2,16.67976,2,11.22622,-0.60797,48.7543,1
34.8117924854159, 16.372,34.8633001856506, 16.8699,2,16.67959,2,12.56194,-0.345788,45.8822,1
34.8289573863149, 16.8899,34.8796903863549, 18.4108,2,16.6797,2,10.21231,-0.317604,46.3799,1
34.8463664855808, 16.9581,34.8961485866457, 14.3569,2,16.67986,2,12.15373,-1.251414,47.9017,1
34.8633001856506, 16.936,34.9120473861694, 17.8505,2,16.68,2,9.89327,0.107046,45.301,1
34.8796903863549, 16.0165,34.928873386234, 14.8148,2,16.67963,2,12.31879,0.788672,46.2156,1
34.8961485866457, 16.8961,34.9464632868767, 17.6571,2,16.67975,2,10.6897,-0.211615,45.0141,1
34.9120473861694, 16.7167,34.9625383876264, 17.8213,2,16.67977,2,11.95871,0.08118,45.7709,1
34.928873386234, 16.6201,34.9797587879002, 15.4944,2,16.67974,2,12.86195,-0.647221,46.8741,1
34.9464632868767, 15.9006,34.9957233872265, 17.1218,2,16.67931,2,10.18813,-0.685825,45.7485,1
34.9625383876264, 16.44,35.013678887859, 16.6903,2,16.67917,2,11.00031,-0.17868,46.9771,1
34.9797587879002, 17.2658,35.028729188256, 16.7402,2,16.6795,2,10.22402,-1.036699,47.2273,1
34.9957233872265, 16.7678,35.0463185878471, 15.9293,2,16.67955,2,9.885821,0.235695,46.7024,1
35.013678887859, 17.1271,35.0623694872484, 17.9472,2,16.6798,2,12.38363,-0.385961,45.8627,1
35.028729188256, 16.2662,35.0798075878993, 15.643,2,16.67957,2,11.03388,-0.107268,46.6839,1
35.0463185878471, 16.1153,35.0957203870639, 20.4411,2,16.67925,2,11.9035,-0.902521,46.0614,1
35.0623694872484, 16.9418,35.1127641862258, 12.4124,2,16.6794,3,11.2149,-0.401918,50.3879,1
35.0798075878993, 16.9325,35.1315697869286, 22.3345,2,16.67954,2,11.30786,-0.052617,45.8582,1
35.0957203870639, 16.0364,35.1458971872926, 10.8266,2,16.67918,3,10.26797,0.612295,51.2582,1
35.1127641862258, 16.6698,35.162916187197, 18.7447,2,16.67918,2,9.994121,-0.196101,46.0476,1
35.1315697869286, 17.1295,35.1794751863927, 14.8033,2,16.67943,2,11.36292,0.405203,48.124,1
35.1458971872926, 16.8323,35.1969714872539, 19.4939,2,16.67951,2,10.73542,-0.67094,45.8007,1
35.162916187197, 17.6442,35.2130255866796, 15.6786,2,16.68005,2,10.1473,0.452549,48.4617,1
35.1794751863927, 16.2309,35.2290653865784, 14.3793,2,16.6798,2,7.709401,-0.763072,46.4976,1
35.1969714872539, 14.7235,35.2465681862086, 19.2131,2,16.67872,2,10.255,-0.559676,44.6459,1
35.2130255866796, 19.5243,35.2622214853764, 14.0449,2,16.68029,2,9.61534,-0.293345,49.1357,1
35.2290653865784, 15.175,35.2799218855798, 19.3976,2,16.67946,2,12.31325,-0.212806,43.6566,1
35.2465681862086, 18.6061,35.2958248853683, 16.0662,2,16.68052,2,9.724072,-0.122324,47.8794,1
35.2622214853764, 16.8091,35.3145802859217, 17.1468,2,16.68059,2,12.36148,-0.634627,45.34,1
35.2799218855798, 14.5324,35.3298991862684, 16.546,2,16.67941,2,10.51775,-0.641677,45.678,1
35.2958248853683, 17.9732,35.3456598855555, 14.3471,2,16.68012,2,10.45371,0.6064,47.6915,1
35.3145802859217, 16.8742,35.3627676852047, 18.6868,2,16.68023,2,11.97862,-0.435808,44.0664,1
35.3298991862684, 16.4502,35.3795959856361, 17.332,2,16.6801,2,10.45113,-0.085756,45.8788,1
35.3456598855555, 15.1267,35.3959630858153, 14.1224,2,16.67925,2,12.52448,-0.633092,46.7449,1
35.3627676852047, 14.9563,35.4126211851835, 18.5444,2,16.6783,2,11.1281,-0.562883,45.7566,1
35.3795959856361, 18.577,35.42959308438, 15.0481,2,16.67934,2,9.102908,0.773522,49.3456,1
35.3959630858153, 16.3908,35.4459419846535, 16.3733,2,16.67918,2,10.28466,-0.006538,45.8171,1
35.4126211851835, 16.8619,35.4626903850585, 18.605,2,16.67928,2,9.658992,-0.309884,45.8,1
35.42959308438, 16.8034,35.478693285957, 14.1775,2,16.67935,2,10.67468,0.814595,47.5435,1
35.4459419846535, 16.5433,35.496993785724, 21.9036,2,16.67928,2,12.03228,0.215234,44.9177,1
35.4626903850585, 16.4982,35.511770285666, 11.3192,2,16.67918,3,9.201738,-0.390574,50.2683,1
35.478693285957, 16.8182,35.5317806862295, 22.0188,2,16.67925,2,11.46998,-0.188917,45.0993,1
35.496993785724, 16.3392,35.5475419871509, 17.2393,2,16.67907,3,10.3548,-0.444352,50.2994,1
35.511770285666, 17.3726,35.5631581870839, 12.0696,2,16.67945,3,9.237766,0.012745,51.1995,1
35.5317806862295, 14.7887,35.5796081880108, 18.2079,2,16.67841,2,11.51347,-1.246414,45.8948,1
35.5475419871509, 18.9926,35.5966909872368, 18.9702,2,16.67968,2,10.43172,-0.463761,49.3172,1
35.5631581870839, 16.4404,35.6134692868218, 13.4054,2,16.67955,2,11.87935,-0.80173,49.2784,1
35.5796081880108, 14.7362,35.6315918872133, 21.2596,2,16.67849,2,10.59546,-0.666571,46.2433,1
35.5966909872368, 18.1212,35.6466621868312, 11.5707,2,16.67927,3,11.78061,0.03885,52.7838,1
35.6134692868218, 16.8282,35.6630029864609, 17.8486,2,16.67936,2,11.43106,0.782542,46.2331,1
35.6315918872133, 16.602,35.6798878870904, 15.2195,2,16.67931,2,12.27893,0.031996,47.2542,1
35.6466621868312, 17.0734,35.6969464868307, 18.895,2,16.67953,2,10.79227,0.317752,45.8695,1
35.6630029864609, 16.8476,35.7127568870783, 14.089,2,16.67962,2,12.39415,-1.005946,47.6913,1
35.6798878870904, 16.3744,35.7313387878239, 20.2092,2,16.67945,2,10.03456,-0.159533,44.9353,1
35.6969464868307, 16.1155,35.747505588457, 16.293,2,16.67915,3,10.7225,-0.237609,48.7709,1
35.7127568870783, 17.22,35.7631313875318, 13.9042,2,16.67944,2,10.14105,-0.824905,48.9481,1
35.7313387878239, 14.9217,35.7797739878297, 16.6331,2,16.67849,2,11.38835,0.701308,45.6328,1
35.747505588457, 18.5521,35.7968208882958, 19.0529,2,16.6795,2,11.24403,-0.344477,47.3445,1
35.7631313875318, 15.8993,35.8132161889225, 14.431,2,16.67908,2,10.36801,-0.046635,47.8449,1
35.7797739878297, 16.8241,35.8313464894891, 21.6858,2,16.67916,2,10.3012,-0.428241,46.378,1
35.7968208882958, 16.878,35.8476118892431, 12.8193,2,16.67927,3,11.12889,0.834195,51.2399,1
35.8132161889225, 16.2373,35.8626960888505, 16.507,2,16.67903,2,11.04558,-0.065291,47.174,1
35.8313464894891, 17.389,35.8799369893968, 15.6451,2,16.67941,2,10.50823,0.286227,47.4515,1
35.8476118892431, 17.0591,35.8970021884888, 18.6967,2,16.67962,2,11.65024,-0.528159,45.7042,1
35.8626960888505, 16.9509,35.9138580877334, 15.1245,2,16.67976,2,10.47781,-0.186686,47.3453,1
35.8799369893968, 16.501,35.9304439872503, 18.29,2,16.67967,2,10.75699,-0.643847,45.519,1
35.8970021884888, 17.1036,35.946696087718, 16.2488,2,16.6799,2,9.941473,-0.033916,47.3061,1
35.9138580877334, 16.296,35.9632498882711, 14.8381,2,16.67969,2,11.16576,-1.040591,46.4542,1
35.9304439872503, 15.6219,35.9799200873822, 18.3557,2,16.67912,2,10.84449,0.520942,44.996,1
35.946696087718, 18.2318,35.9958449881524, 16.2036,2,16.67995,2,11.75495,-0.071896,47.7303,1
35.9632498882711, 15.9803,36.0137541890144, 15.9619,2,16.67958,2,10.99782,-0.095219,45.699,1
35.9799200873822, 15.3971,36.0289831887931, 17.0301,2,16.67889,2,11.76239,-0.346195,45.684,1
35.9958449881524, 17.9633,36.046951988712, 16.2635,2,16.67958,2,11.10576,-0.456295,47.3176,1
36.0137541890144, 17.0688,36.063066188246, 16.2576,2,16.67979,2,11.2806,-0.221605,45.6178,1
36.0289831887931, 16.1852,36.0804876890033, 19.1495,2,16.67952,2,10.19272,-0.58863,44.8061,1
36.046951988712, 17.3276,36.0966118890792, 14.5817,2,16.67987,2,11.837,-0.232119,47.7687,1
36.063066188246, 16.0382,36.1137977894396, 19.0994,2,16.67953,2,10.27339,-0.202767,45.0235,1
36.0804876890033, 17.9186,36.1301259901375, 14.1487,2,16.68019,2,12.0273,0.024147,48.0597,1
36.0966118890792, 16.0651,36.1467097904533, 17.2565,2,16.67986,2,10.40443,-0.120342,44.3176,1
36.1137977894396, 15.9246,36.1639109905809, 17.9096,2,16.67945,2,12.43672,0.763751,45.5096,1
36.1301259901375, 16.3645,36.179610690102, 15.7829,2,16.67929,2,10.42737,-0.818812,47.4925,1
36.1467097904533, 16.5122,36.1974479909986, 16.3276,2,16.6792,2,10.30355,-0.305369,46.9138,1
36.1639109905809, 16.4414,36.2131575904787, 17.3185,2,16.67907,2,10.29034,-0.445894,46.7288,1
36.179610690102, 17.5809,36.2298265900463, 15.0991,2,16.67955,2,10.15085,0.042916,47.6058,1
36.1974479909986, 15.8264,36.2475219909102, 19.1653,2,16.6791,2,10.93001,-0.739695,45.1244,1
36.2131575904787, 17.5328,36.2637611906976, 16.7039,2,16.67955,2,10.95937,-0.04137,48.4648,1
36.2298265900463, 16.4603,36.281809091568, 16.87,2,16.67944,2,11.90449,0.195464,47.6362,1
36.2475219909102, 16.1568,36.2961605917662, 15.6755,2,16.67916,2,12.22188,-0.597634,48.0462,1
36.2637611906976, 17.0193,36.3137749917805, 15.5029,2,16.67934,2,10.12379,-0.107209,47.5651,1
36.281809091568, 16.9469,36.3303255923092, 16.7386,2,16.67948,2,12.61347,-0.283512,46.0488,1
36.2961605917662, 16.9519,36.347241891548, 18.3888,2,16.67963,2,11.85484,-0.367819,45.8411,1
36.3137749917805, 16.1023,36.3639236912131, 15.0249,2,16.67932,2,9.944134,-0.510894,47.2753,1
36.3303255923092, 16.9062,36.380075590685, 17.9162,2,16.67944,2,12.31281,-0.272134,46.201,1
36.347241891548, 17.5593,36.3969655912369, 15.1546,2,16.67991,2,11.92531,0.45044,47.2114,1
36.3639236912131, 16.2886,36.4142377916723, 19.009,2,16.6797,2,10.37112,0.708356,44.806,1
36.380075590685, 16.825,36.4297184916213, 15.2013,2,16.67978,2,12.02209,-0.210143,47.5274,1
36.3969655912369, 15.8828,36.4475295925513, 16.3736,2,16.67935,2,12.10023,0.388451,45.9038,1
36.4142377916723, 15.3035,36.463169191964, 17.1798,2,16.67862,2,10.32906,0.54795,46.3941,1
36.4297184916213, 18.3365,36.4815387921408, 16.8108,2,16.6795,2,11.06964,-0.433689,48.2688,1
36.4475295925513, 15.9917,36.4979261914268, 16.3634,2,16.67914,2,7.297243,0.37194,46.7464,1
36.463169191964, 17.0982,36.514025892131, 18.1596,2,16.67936,2,12.01365,-0.421613,47.1181,1
36.4815387921408, 17.316,36.5301108928397, 14.0417,2,16.6797,2,11.13295,-0.787245,48.1793,1
36.4979261914268, 15.5224,36.5469317929819, 18.4889,2,16.67908,2,9.002589,-1.018826,44.9028,1
36.514025892131, 17.5294,36.5628859931603, 16.8755,2,16.67953,2,12.11596,-0.736989,47.8724,1
36.5301108928397, 16.1374,36.5808788938448, 15.6703,2,16.67925,2,11.38311,-1.039805,47.2193,1
36.5469317929819, 14.9995,36.5971212936565, 17.9736,2,16.67836,2,10.74104,-0.598718,46.7526,1
36.5628859931603, 18.4803,36.6140864929184, 15.0545,2,16.67931,2,12.54913,0.165131,49.7271,1
36.5808788938448, 16.7139,36.6300413934514, 15.9641,2,16.67933,2,11.44499,-1.01842,46.298,1
36.5971212936565, 16.6258,36.6469744937494, 18.6547,2,16.6793,2,12.6628,0.59845,45.5508,1
36.6140864929184, 16.4324,36.6642905930057, 15.5788,2,16.67917,2,11.29692,-0.809018,47.5804,1
36.6300413934514, 17.3437,36.6803266936913, 17.6167,2,16.67952,2,12.23607,0.466714,46.727,1
36.6469744937494, 17.1007,36.6975598940626, 15.5276,2,16.67974,2,9.64512,-0.204477,46.9999,1
36.6642905930057, 15.7597,36.7131964946166, 17.3782,2,16.67926,2,12.25875,-0.930468,45.4273,1
36.6803266936913, 17.6021,36.7317121950909, 16.9639,2,16.67974,2,7.890218,-0.096442,47.0468,1
36.6975598940626, 15.6573,36.7479056948796, 18.1366,2,16.67921,2,12.49209,-0.552891,46.4074,1
36.7131964946166, 17.072,36.7643474945799, 15.9345,2,16.67941,3,7.553877,-0.585143,48.8879,1
36.7317121950909, 17.5278,36.7816354939714, 15.9063,2,16.67986,2,11.82707,1.119127,47.7506,1
36.7479056948796, 14.2322,36.7973579941317, 17.2018,2,16.67857,2,11.08904,-0.321474,46.1269,1
36.7643474945799, 19.3345,36.814029593952, 15.0458,2,16.67997,2,11.74819,-0.691275,49.0994,1
36.7816354939714, 15.751,36.8314754934981, 19.1279,2,16.67948,2,10.71724,-0.700111,44.8116,1
36.7973579941317, 16.6096,36.8479911936447, 14.897,2,16.67944,2,12.34957,0.41027,48.1888,1
36.814029593952, 16.7417,36.8642762927338, 17.8588,2,16.67948,2,7.186474,0.072089,46.4765,1
36.8314754934981, 16.8263,36.8816815922037, 17.7397,2,16.67955,2,11.98997,0.281486,47.5927,1
36.8479911936447, 17.1437,36.8975649913773, 13.7394,2,16.6798,2,10.64021,0.647907,48.5071,1
36.8642762927338, 15.4924,36.9150429917499, 19.5196,2,16.67917,2,12.38263,0.2916,45.1028,1
36.8816815922037, 17.5255,36.9306171918288, 13.4998,2,16.67962,2,8.119111,0.141473,49.1307,1
36.8975649913773, 16.4035,36.9470449918881, 16.6279,2,16.67947,2,11.53801,-0.034254,45.1029,1
36.9150429917499, 18.4517,36.9638581918553, 18.3351,2,16.6804,2,9.239193,-0.112236,45.3306,1
36.9306171918288, 14.9652,36.9799463925883, 14.5275,2,16.6795,2,11.0524,-0.616612,45.2137,1
36.9470449918881, 17.7009,36.9983455920592, 20.0684,2,16.68004,2,8.244327,-1.142947,44.7769,1
36.9638581918553, 16.0029,37.0137325916439, 13.6994,2,16.67968,2,11.50295,0.018371,47.1445,1
36.9799463925883, 16.436,37.0308364909142, 18.6378,2,16.67956,2,9.802336,-0.683506,44.8409,1
36.9983455920592, 17.8952,37.047948891297, 15.653,2,16.68019,2,11.88861,-0.459296,47.0434,1
37.0137325916439, 16.2222,37.0644995905459, 18.8983,2,16.67995,2,10.70835,-0.066818,44.8006,1
37.0308364909142, 16.3104,37.0806305911392, 13.7937,2,16.67976,2,11.27893,-1.799489,47.4771,1
37.047948891297, 17.3939,37.0982985906303, 19.1354,2,16.68013,2,11.69821,0.397737,44.9608,1
37.0644995905459, 16.9037,37.1148929912597, 18.1408,2,16.68025,2,10.7744,0.053125,46.703,1
37.0806305911392, 14.8663,37.1307730916888, 12.9365,2,16.6793,3,12.07722,0.174873,47.9395,1
37.0982985906303, 20.1629,37.1482041925192, 20.8824,2,16.68111,2,9.970489,-1.33722,46.0102,1
37.1148929912597, 12.8628,37.1637194929644, 11.8932,2,16.67913,3,13.44826,-1.055154,46.7301,1
37.1307730916888, 16.5326,37.1821062928066, 18.3974,2,16.67905,2,9.802575,-0.560824,45.7606,1
37.1482041925192, 15.358,37.1984599931166, 19.725,2,16.67837,2,11.45843,0.17903,47.6257,1
37.1637194929644, 18.3725,37.2147106928751, 12.9244,2,16.67925,3,9.87422,-0.428982,51.9933,1
37.1821062928066, 17.1655,37.2316024927422, 20.0642,2,16.6795,2,11.36995,-0.40787,46.5422,1
37.1984599931166, 16.3449,37.248233593069, 13.3549,2,16.67933,2,12.73122,0.459879,49.4443,1
37.2147106928751, 16.6083,37.2639156924561, 17.3467,2,16.67929,2,10.68617,0.164238,46.4542,1
37.2316024927422, 16.5579,37.2819535927847, 20.1651,2,16.67923,2,11.48118,-0.891903,47.1937,1
37.248233593069, 16.9473,37.2982198921964, 12.5003,2,16.67937,3,10.48437,-0.585744,50.8014,1
37.2639156924561, 15.6025,37.3143846923485, 18.613,2,16.67881,2,12.15562,-0.237206,46.3541,1
37.2819535927847, 17.9805,37.3319699922577, 15.4133,2,16.67948,2,9.256062,0.624586,49.365,1
37.2982198921964, 16.4346,37.3483293922618, 16.2582,2,16.67936,2,7.641103,-1.418718,46.7946,1
37.3143846923485, 16.1374,37.3648963915184, 18.0193,2,16.67908,2,10.60634,-0.010648,46.6183,1
37.3319699922577, 17.7903,37.3818596908823, 15.5282,2,16.67965,2,12.10641,-0.056468,48.5036,1
37.3483293922618, 16.9344,37.3984903907403, 17.9415,2,16.67978,2,9.833914,-0.392879,46.2423,1
37.3648963915184, 17.5057,37.4155228910968, 15.6904,2,16.68021,2,10.98782,-0.35779,47.2495,1
37.3818596908823, 16.0077,37.4325468903407, 16.7531,2,16.67986,2,11.26615,-1.104571,45.4335,1
37.3984903907403, 16.7457,37.447462390177, 16.8319,2,16.67989,2,11.78677,-0.561958,46.1798,1
37.4155228910968, 16.1736,37.4640714908019, 14.8629,2,16.67963,2,9.831479,-0.265629,46.2672,1
37.4325468903407, 16.9073,37.4811798902228, 17.1606,2,16.67975,2,12.06899,0.114835,44.9566,1
37.447462390177, 16.59,37.4982298901305, 19.0114,2,16.6797,2,10.42397,-0.681549,45.2097,1
37.4640714908019, 16.8893,37.5141037898138, 13.7546,2,16.67981,2,12.96186,0.46777,47.6324,1
37.4811798902228, 16.0061,37.5316323889419, 20.5707,2,16.67946,2,10.28543,-1.033789,44.4969,1
37.4982298901305, 16.6936,37.5470243887976, 14.0189,2,16.67947,3,12.07047,-0.614398,49.048,1
37.5141037898138, 17.0406,37.5656601889059, 16.9627,2,16.67966,2,9.696849,-0.651704,46.3875,1
37.5316323889419, 14.9774,37.5822290880606, 16.7277,2,16.67879,2,12.47203,-1.003657,46.3101,1
37.5470243887976, 18.0983,37.5987870888785, 18.1105,2,16.67951,2,11.43789,-0.91117,48.0607,1
37.5656601889059, 16.2865,37.6142767891288, 13.8067,2,16.67931,2,11.4739,0.057082,48.0743,1
37.5822290880606, 17.1381,37.6315554883331, 17.4734,2,16.67955,2,12.3891,0.442353,45.5911,1
37.5987870888785, 15.3874,37.6489284876734, 20.6978,2,16.67888,2,10.81046,-0.916323,45.9297,1
37.6142767891288, 18.2007,37.6643527876586, 12.0278,2,16.67966,3,12.78477,-0.597677,51.2374,1
37.6315554883331, 16.7146,37.6819363869727, 19.1828,2,16.67968,2,10.10612,-1.151401,45.0667,1
37.6489284876734, 16.1405,37.697154186666, 15.4775,2,16.67941,2,11.35955,-1.111501,47.5362,1
37.6643527876586, 16.614,37.715081486851, 15.9814,2,16.67937,2,11.29052,-1.207059,46.8724,1
37.6819363869727, 15.0499,37.7308511864394, 15.721,2,16.67854,2,11.31588,-0.893232,46.2403,1
37.697154186666, 18.643,37.7476763855666, 18.2469,2,16.67954,2,12.4984,-0.878664,46.9096,1
37.715081486851, 16.8734,37.7647591847926, 15.9362,2,16.67964,2,11.4774,-0.573324,46.517,1
37.7308511864394, 16.7097,37.7814886849374, 18.3869,2,16.67966,2,12.97476,-0.379774,45.5797,1
37.7476763855666, 16.4641,37.7981778848916, 14.9611,2,16.67955,2,11.67553,-0.663028,47.2575,1
37.7647591847926, 17.8171,37.8147903848439, 16.6183,2,16.68013,2,12.75606,-0.650784,45.7543,1
37.7814886849374, 16.8175,37.8318998850882, 18.2626,2,16.6802,2,11.08962,-0.652228,44.5556,1
37.7981778848916, 16.8321,37.8488731849939, 15.6341,2,16.68027,2,12.37477,-0.779658,46.0013,1
37.8147903848439, 16.0786,37.8656071852893, 18.4672,2,16.67997,2,10.68513,-0.019546,44.8035,1
37.8318998850882, 16.97,37.8821622859687, 16.5769,2,16.68011,2,12.45068,0.47867,47.1918,1
37.8488731849939, 17.2518,37.8988950867206, 15.1656,2,16.6804,2,10.83133,0.536917,46.7997,1
37.8656071852893, 14.8555,37.9156999867409, 18.3254,2,16.67948,2,12.36036,0.195407,44.7128,1
37.8821622859687, 18.2341,37.9318325873464, 14.6802,2,16.68027,2,10.87605,-0.979914,48.184,1
37.8988950867206, 16.2363,37.9483792874962, 16.3731,2,16.68004,2,10.13963,-0.163829,44.6304,1
37.9156999867409, 17.0501,37.9657579883933, 20.356,2,16.68023,2,11.24988,0.082589,44.7671,1
37.9318325873464, 16.6867,37.9820474889129, 13.3646,2,16.68023,3,9.510993,-0.770222,48.0737,1
37.9483792874962, 14.6348,37.9981311894953, 17.8706,2,16.6792,2,11.65751,-1.105861,44.751,1
37.9657579883933, 16.3226,38.0148962903768, 14.8712,2,16.67902,2,12.81583,0.01477,47.9774,1
37.9820474889129, 17.3544,38.0320383906364, 19.0081,2,16.67936,2,10.17981,0.103546,46.5338,1
37.9981311894953, 17.3455,38.0477710906416, 14.4234,2,16.6797,2,11.86072,-0.087842,48.1902,1
38.0148962903768, 16.0332,38.0656224898994, 17.4202,2,16.67937,2,10.89236,0.623623,45.2674,1
38.0320383906364, 16.2565,38.0818349905312, 17.8726,2,16.67916,2,13.06263,0.61738,46.6538,1
38.0477710906416, 16.9438,38.0981468912214, 14.5127,2,16.67929,2,10.04685,-0.749866,48.2719,1
38.0656224898994, 16.4018,38.1153648905456, 20.5206,2,16.67915,2,11.64854,-0.619676,45.8406,1
38.0818349905312, 16.8339,38.1319315899163, 13.3787,2,16.67923,3,10.24068,0.238722,49.9598,1
38.0981468912214, 16.2368,38.1480957902968, 16.0756,2,16.679,2,9.15862,-0.938873,46.5058,1
38.1153648905456, 16.8319,38.1650985907763, 18.8461,2,16.67908,2,10.87087,-0.635458,46.3444,1
38.1319315899163, 17.0083,38.1823478899896, 15.4613,2,16.67925,2,10.87528,0.490496,48.356,1
38.1480957902968, 16.1998,38.1982868891209, 17.3617,2,16.679,2,12.16398,-0.478228,46.8093,1
38.1650985907763, 18.2756,38.2153080888093, 15.615,2,16.67981,2,9.714173,0.608948,47.9747,1
38.1823478899896, 15.8739,38.2323055882007, 16.9486,2,16.6794,2,12.55096,0.345945,45.3088,1
38.1982868891209, 17.181,38.2485596872866, 17.9456,2,16.67966,2,10.7282,0.641442,46.3859,1
38.2153080888093, 16.1624,38.2649708874524, 14.712,2,16.6794,2,7.877728,0.971386,47.1542,1
38.2323055882007, 16.4925,38.281785286963, 17.1105,2,16.6793,2,12.19925,0.503352,45.7045,1
38.2485596872866, 17.8394,38.2980249878019, 17.427,2,16.67988,2,7.811755,0.580406,46.3217,1
38.2649708874524, 16.2123,38.3156532868743, 16.5025,2,16.67965,2,11.09266,-0.739404,45.9103,1
38.281785286963, 16.1447,38.3325976859778, 20.2865,2,16.67938,2,9.238314,0.612832,46.1972,1
38.2980249878019, 16.9783,38.3477156860754, 11.4411,2,16.67953,3,10.68765,0.786534,50.3403,1
38.3156532868743, 17.1502,38.3665659865364, 20.698,2,16.67977,2,9.409894,-1.0843,44.8056,1
38.3325976859778, 16.0309,38.3827862860635, 16.0588,2,16.67944,3,10.9558,0.397238,48.3547,1
38.3477156860754, 17.006,38.3983332859352, 13.8701,2,16.67961,2,10.66337,0.498687,48.3793,1
38.3665659865364, 14.7422,38.4157723868266, 20.8598,2,16.67864,2,9.189166,0.129391,45.2474,1
38.3827862860635, 18.7234,38.4317019870505, 12.5466,2,16.67966,3,10.8418,0.209595,51.365,1
38.3983332859352, 16.2215,38.4487259862944, 16.9017,2,16.67943,2,10.33916,0.11974,45.1887,1
38.4157723868266, 16.286,38.4659131867811, 20.8782,2,16.67923,2,11.06361,-0.82146,45.8682,1
38.4317019870505, 17.114,38.481746786274, 12.2994,2,16.67945,3,9.195609,0.232199,50.4425,1
38.4487259862944, 16.4529,38.4991764863953, 19.1636,2,16.67934,2,9.840305,0.237225,45.647,1
38.4659131867811, 16.7849,38.5150608858094, 16.1502,2,16.67939,3,11.31616,0.640361,48.3575,1
38.481746786274, 16.4555,38.5318923862651, 15.3411,2,16.67928,2,9.91796,-0.61829,47.7233,1
38.4991764863953, 14.893,38.5486969863996, 18.2266,2,16.67839,2,12.5394,-1.302241,46.6092,1
38.5150608858094, 18.4732,38.5674178870395, 21.2005,2,16.67928,2,9.791275,-1.275373,49.9426,1
38.5318923862651, 17.0818,38.5826618866995, 10.8299,2,16.67948,3,11.32024,0.218115,52.6485,1
38.5486969863996, 14.5427,38.599417087622, 20.0936,2,16.67842,2,9.30819,0.008983,46.4191,1
38.5674178870395, 18.7864,38.6156216869131, 12.7664,2,16.67947,3,10.88664,0.070974,51.9706,1
38.5826618866995, 16.7737,38.6325125871226, 18.5446,2,16.67951,2,12.91037,-0.384942,45.9502,1
38.599417087622, 16.1982,38.6488353880122, 14.7103,2,16.67928,2,11.19359,-0.390092,47.7217,1
38.6156216869131, 16.9594,38.6661075884476, 17.2144,2,16.67941,2,11.10692,-0.314955,46.2311,1
38.6325125871226, 17.8412,38.681624988094, 16.8546,2,16.67999,2,10.11913,-0.336278,46.4892,1
38.6488353880122, 16.5796,38.6988517884165, 15.9585,2,16.67994,2,11.64694,-0.525419,45.5025,1
38.6661075884476, 16.3533,38.7157655879855, 18.53,2,16.67978,2,10.38239,-0.484993,44.8754,1
38.681624988094, 16.7295,38.7325782887638, 16.9137,2,16.6798,2,12.37076,0.12392,47.0591,1
38.6988517884165, 16.5487,38.7486660890281, 14.3646,2,16.67974,2,10.39338,-0.336283,47.2434,1
38.7157655879855, 15.6649,38.7659314889461, 19.0499,2,16.67924,2,12.23022,-0.61478,45.0589,1
38.7325782887638, 18.9653,38.7828794885427, 17.4443,2,16.68037,2,10.64529,-0.403642,48.445,1
38.7486660890281, 15.5806,38.7994450889528, 14.2562,2,16.67982,2,12.34938,-0.905415,46.9242,1
38.7659314889461, 15.8122,38.8156921882182, 18.1183,2,16.6794,2,9.611583,-1.353723,45.5996,1
38.7828794885427, 18.4512,38.8327701874077, 15.1857,2,16.68027,2,10.10928,0.138517,47.9056,1
38.7994450889528, 15.5855,38.8488872870803, 15.9933,2,16.67973,2,10.81414,0.168369,44.638,1
38.8156921882182, 15.7669,38.8665717877448, 19.4913,2,16.67928,2,10.14062,-0.417942,45.0482,1
38.8327701874077, 17.533,38.8818676881492, 13.7624,2,16.6797,2,10.99432,-0.119815,48.7736,1
38.8488872870803, 16.6383,38.8998143877834, 17.6971,2,16.67968,2,10.99718,-0.422662,45.0035,1
38.8665717877448, 18.7123,38.9156548883766, 17.9478,2,16.68068,2,9.770431,-0.776215,46.0592,1
38.8818676881492, 14.78,38.9327346887439, 15.1441,2,16.67974,2,9.834742,-0.437608,45.2978,1
38.8998143877834, 17.0507,38.9488367885351, 16.0119,2,16.67993,2,10.25362,-0.631944,45.6617,1
38.9156548883766, 16.9115,38.9657416883856, 18.8756,2,16.68004,2,11.75136,-0.492696,44.6232,1
38.9327346887439, 17.0888,38.9827134888619, 14.8383,2,16.68024,2,10.50012,0.598009,46.5881,1
38.9488367885351, 16.134,38.9995016884059, 18.622,2,16.67997,2,12.63211,0.565155,44.3384,1
38.9657416883856, 17.0764,39.0158493891358, 14.7493,2,16.68017,2,10.71274,0.050037,46.8258,1
38.9827134888619, 16.426,39.0325771886855, 17.056,2,16.68004,2,12.2534,-0.424313,44.4997,1
38.9995016884059, 16.694,39.0495820883662, 18.5446,2,16.68005,2,10.44339,-1.010112,45.1298,1
39.0158493891358, 16.0583,39.0649573886767, 13.735,2,16.67975,2,11.04134,-0.479233,46.9808,1
39.0325771886855, 16.4428,39.082676188089, 17.3092,2,16.67963,2,9.304163,-0.109112,44.6398,1
39.0495820883662, 17.8024,39.0987548874691, 17.689,2,16.68018,2,11.39361,-0.052213,45.5246,1
39.0649573886767, 15.9676,39.1166505878791, 16.324,2,16.67983,2,10.35631,-0.694192,45.4112,1
39.082676188089, 16.2786,39.1318293875083, 15.2001,2,16.67963,2,11.26043,-0.028043,45.7649,1
39.0987548874691, 15.2884,39.1503996877, 21.9641,2,16.67895,2,12.08861,0.005212,44.6899,1
39.1166505878791, 18.1956,39.1665116874501, 12.6061,2,16.6797,2,10.10411,-0.891044,51.3657,1
39.1318293875083, 16.3075,39.1815668875352, 16.7524,2,16.67951,2,11.76929,-0.464783,45.7761,1
39.1503996877, 16.8744,39.1988076874986, 17.4843,2,16.67961,2,10.74864,0.128088,46.2216,1
39.1665116874501, 17.2222,39.2153394883499, 16.2414,2,16.67987,2,10.02239,-1.05015,46.8315,1
39.1815668875352, 16.3645,39.2335221888497, 16.5787,2,16.67972,2,11.86314,-0.138559,45.8485,1
39.1988076874986, 15.236,39.2486346885562, 13.2705,2,16.67901,2,11.16948,-0.681503,46.0505,1
39.2153394883499, 18.2015,39.2665712889284, 19.6128,2,16.67976,2,12.09801,0.153871,45.9138,1
39.2335221888497, 16.0951,39.2830991894007, 15.1354,2,16.67947,2,9.68415,-0.30729,47.3231,1
39.2486346885562, 17.885,39.2997790891677, 17.9363,2,16.68006,2,10.99126,-0.963386,46.3667,1
39.2665712889284, 16.4212,39.3165832888335, 18.7315,2,16.67993,2,11.7805,-0.356674,46.4184,1
39.2830991894007, 15.972,39.3329923879355, 12.8623,2,16.67959,3,10.33823,0.326206,48.7289,1
39.2997790891677, 15.5159,39.3515233881772, 20.2488,2,16.67902,2,11.52339,-0.038458,45.6193,1
39.3165832888335, 17.0325,39.3663121880963, 15.3394,2,16.6792,2,9.972086,-0.712094,50.3524,1
39.3329923879355, 16.6955,39.3824155880138, 15.5833,2,16.6792,3,10.80207,0.148876,48.6591,1
39.3515233881772, 16.9045,39.4003367880359, 16.3232,2,16.67931,2,12.31429,-0.364026,47.5471,1
39.3663121880963, 14.6599,39.4159692889079, 17.2048,2,16.67833,2,9.503858,0.303793,46.9665,1
39.3824155880138, 19.3872,39.4325630897656, 14.9986,2,16.67965,2,11.73299,0.462781,49.5115,1
39.4003367880359, 16.5342,39.4487664895132, 17.7226,2,16.67958,2,10.54182,-0.819268,45.1238,1
39.4159692889079, 16.3277,39.4656976899132, 17.2097,2,16.67941,2,11.50183,-0.81222,46.3124,1
39.4325630897656, 16.4912,39.4822768894956, 14.7257,2,16.67931,2,10.63911,0.204783,47.1951,1
39.4487664895132, 15.421,39.4987712902948, 16.5401,2,16.67871,2,9.173219,-0.448745,45.4267,1
39.4656976899132, 18.2642,39.5167814893648, 20.0277,2,16.67947,2,10.69937,0.519925,46.549,1
39.4822768894956, 16.1829,39.5351809887215, 16.4719,2,16.67923,3,12.54512,-0.667717,48.3134,1
39.4987712902948, 16.4829,39.5493762884289, 14.2279,2,16.67914,2,10.47862,-0.048419,48.6022,1
39.5167814893648, 15.0206,39.5663877893239, 18.4997,2,16.67834,2,11.21235,-0.001688,46.3473,1
39.5351809887215, 19.1112,39.5838173888624, 16.4972,2,16.67951,2,12.11357,-0.781417,49.8271,1
39.5493762884289, 16.3482,39.5989658888429, 14.4291,2,16.67935,2,9.483317,-0.655466,47.213,1
39.5663877893239, 17.9302,39.6158327888697, 18.3836,2,16.67995,2,12.25042,-1.090317,45.2947,1
39.5838173888624, 16.5536,39.6347951889038, 17.5269,2,16.67989,2,10.07219,0.212903,45.7485,1
39.5989658888429, 15.3606,39.6501474892721, 15.3106,2,16.67926,2,11.64042,0.36333,46.7219,1
39.6158327888697, 15.8022,39.6658997898921, 17.8377,2,16.67883,2,10.77467,0.577802,46.6723,1
39.6347951889038, 17.7284,39.6846072906628, 16.7423,2,16.67934,2,10.68362,-0.867638,48.7086,1
39.6501474892721, 16.6169,39.6996506908908, 16.4594,2,16.67931,2,12.9387,0.016251,47.7227,1
39.6658997898921, 16.4923,39.7160006901249, 14.7559,2,16.67922,2,9.65227,-0.588771,47.5831,1
39.6846072906628, 17.0215,39.7330076908693, 17.0191,2,16.67938,2,11.2841,-0.937494,45.8466,1
39.6996506908908, 15.8336,39.7501278901473, 18.5983,2,16.67898,2,9.553738,-0.507252,45.8449,1
39.7160006901249, 17.7132,39.7666747896001, 17.47,2,16.67948,2,12.55615,0.206862,48.6098,1
39.7330076908693, 16.5601,39.7835660902783, 14.7972,2,16.67942,2,9.789371,0.444458,48.3665,1
39.7501278901473, 16.2319,39.8001526901498, 16.4947,2,16.6792,2,10.76349,0.079399,46.605,1
39.7666747896001, 18.2459,39.816176389344, 17.952,2,16.67995,2,12.84105,-0.066403,46.8639,1
39.7835660902783, 15.847,39.8334445888177, 15.3654,2,16.67956,2,10.64434,-0.838235,46.571,1
39.8001526901498, 16.5183,39.8500607879832, 16.5468,2,16.67948,2,11.32804,-0.690888,46.0917,1
39.816176389344, 17.5248,39.8658546870574, 17.307,2,16.67988,2,11.1395,0.254739,46.1217,1
39.8334445888177, 16.4255,39.8837938876823, 16.5637,2,16.67976,2,9.411503,-0.389401,45.9041,1
39.8500607879832, 17.3271,39.900305188261, 17.9854,2,16.68007,2,11.73454,0.153693,46.0425,1
39.8658546870574, 15.6378,39.9172254884616, 15.3717,2,16.67957,2,10.56499,-0.51968,46.7012,1
39.8837938876823, 17.6686,39.9330203877762, 17.3416,2,16.68005,2,12.42916,0.725121,46.4356,1
39.900305188261, 15.2047,39.9497729884461, 16.6796,2,16.67934,2,11.4587,-0.874727,46.1088,1
39.9172254884616, 17.3471,39.9657225878909, 14.2401,2,16.67966,2,10.29691,0.027976,47.5845,1
39.9330203877762, 15.4305,39.983814987354, 21.405,2,16.67906,2,11.50098,-0.605191,44.4778,1
39.9497729884461, 18.5353,40.0001956867054, 13.2725,2,16.67995,3,11.05228,0.147855,50.4525,1
39.9657225878909, 15.0706,40.0162229863927, 16.0578,2,16.67918,2,11.05303,-0.622845,45.1869,1
39.983814987354, 16.3494,40.0332276867703, 18.4009,2,16.67902,2,10.98802,-0.259228,46.1764,1
40.0001956867054, 17.5898,40.0521956859156, 19.2062,2,16.67946,2,11.74179,1.815889,48.2293,1
40.0162229863927, 15.8268,40.0681589851156, 14.0493,2,16.67905,3,10.46375,-0.468839,49.8456,1
40.0332276867703, 15.5895,40.0830041849986, 16.5757,2,16.67853,2,11.51025,-0.140467,48.0683,1
40.0521956859156, 18.2545,40.0990928849205, 14.4723,2,16.67928,2,7.744028,-0.238979,49.0539,1
40.0681589851156, 17.653,40.1171973841265, 18.2052,2,16.67975,2,12.01471,0.541175,45.2655,1
40.0830041849986, 14.9833,40.1327156843618, 16.9898,2,16.67894,2,6.360039,-0.078123,45.8255,1
40.0990928849205, 17.8745,40.1501662852243, 16.0116,2,16.67951,2,12.21347,-0.71084,47.8247,1
40.1171973841265, 16.5821,40.1662303851917, 15.9764,2,16.67946,2,10.14788,0.113272,45.9666,1
40.1327156843618, 15.2427,40.1830328842625, 18.4848,2,16.67878,2,12.02662,-0.940485,45.3639,1
40.1501662852243, 18.3324,40.2007718840614, 16.1301,2,16.67956,2,9.191423,0.120995,48.607,1
40.1662303851917, 16.125,40.2167896842584, 15.8537,2,16.6793,2,10.21334,-0.680696,46.4044,1
40.1830328842625, 18.1369,40.2339849835262, 19.2313,2,16.67999,2,12.51383,1.407197,46.1343,1
40.2007718840614, 15.1213,40.2521205833182, 16.4451,2,16.67925,3,9.979185,0.039677,47.2295,1
40.2167896842584, 16.4012,40.2658401830122, 13.5479,2,16.67912,2,12.6152,-0.895249,48.5534,1
40.2339849835262, 15.5789,40.2843109825626, 21.821,2,16.6786,2,9.896696,-0.454749,45.6969,1
40.2521205833182, 18.1156,40.3003202816471, 12.5579,2,16.67928,3,10.5116,-0.278095,51.9427,1
40.2658401830122, 16.9565,40.3173389816657, 16.9312,2,16.67941,2,10.04862,-0.622494,46.3852,1
40.2843109825626, 16.8129,40.3329191813245, 17.6184,2,16.67948,2,10.17995,-0.635936,46.3597,1
40.3003202816471, 16.4896,40.3500275807455, 16.5171,2,16.67938,2,12.51495,-0.40502,47.1662,1
40.3173389816657, 16.8476,40.3671511812136, 15.7421,2,16.67946,2,10.50679,-0.660804,47.1907,1
40.3329191813245, 15.5914,40.3829121803865, 17.5452,2,16.67895,2,9.853294,-0.610556,46.0885,1
40.3500275807455, 17.8911,40.4008555812761, 16.21,2,16.67952,2,12.41344,-1.274733,48.043,1
40.3671511812136, 16.3786,40.4167148815468, 15.778,2,16.67938,2,10.54662,0.263989,46.3614,1
40.3829121803865, 16.95,40.4341334821656, 19.4093,2,16.67951,2,12.18,-1.575079,45.7623,1
40.4008555812761, 16.2922,40.4506850829348, 16.023,2,16.67933,3,12.48666,1.762753,48.2212,1
40.4167148815468, 16.9373,40.4671959830448, 15.0396,2,16.67945,2,10.56023,0.812439,47.952,1
40.4341334821656, 14.8197,40.4843765823171, 17.2289,2,16.67857,2,13.06421,-0.197739,46.0572,1
40.4506850829348, 18.6719,40.5008837832138, 18.4843,2,16.67951,2,7.836279,-0.440617,48.4541,1
40.4671959830448, 16.5515,40.5173477837816, 16.4764,2,16.67945,3,13.19705,-0.076864,48.2805,1
40.4843765823171, 16.5871,40.5327459834516, 13.4974,2,16.67941,2,7.857661,0.043962,48.2043,1
40.5008837832138, 14.888,40.5512681826949, 21.6974,2,16.67856,2,7.274139,1.494588,45.1159,1
40.5173477837816, 18.3321,40.5668769823387, 12.268,2,16.67934,3,11.90542,-0.155325,51.9259,1
40.5327459834516, 17.4669,40.5843818830326, 17.5642,2,16.67971,2,10.38066,-0.453338,45.8624,1
40.5512681826949, 14.8042,40.6014132825658, 18.8728,2,16.67883,2,8.091238,-0.242465,45.9592,1
40.5668769823387, 17.1966,40.6178615828976, 16.6227,2,16.67907,3,11.36751,0.082116,50.0255,1
40.5843818830326, 17.1305,40.6344520831481, 14.6794,2,16.67929,2,6.779325,-0.729837,49.4551,1
40.6014132825658, 15.0677,40.6506497832015, 17.8474,2,16.67853,2,11.89944,1.178617,47.004,1
40.6178615828976, 19.1965,40.6673565832898, 16.5168,2,16.67971,2,10.72657,0.692631,49.7839,1
40.6344520831481, 16.1147,40.6839440828189, 15.0155,2,16.67945,2,12.18938,-0.351655,47.1038,1
40.6506497832015, 16.3797,40.7011005831882, 19.0112,2,16.6793,2,9.973037,-0.439058,46.0062,1
40.6673565832898, 18.1275,40.7171471836045, 14.2238,2,16.67998,2,12.56588,-0.054537,48.6378,1
40.6839440828189, 16.0522,40.734299483709, 17.3247,2,16.67969,2,9.033469,-0.344295,44.7342,1
40.7011005831882, 16.5704,40.7506016837433, 17.5393,2,16.67964,2,9.419755,1.104439,46.0074,1
40.7171471836045, 16.547,40.7685876833275, 16.4874,2,16.67958,2,12.19746,0.677328,46.9691,1
40.734299483709, 16.9357,40.7834108835086, 14.9257,2,16.6797,2,12.24244,-0.893983,46.9177,1
40.7506016837433, 15.3044,40.8017107835039, 20.0405,2,16.67905,2,9.866595,-0.360499,44.9076,1
40.7685876833275, 18.3776,40.8174310838804, 15.7816,2,16.67985,2,12.11696,0.026138,49.6407,1
40.7834108835086, 16.0419,40.8343617832288, 15.1388,2,16.67955,2,7.110772,0.235972,47.0454,1
40.8017107835039, 15.4335,40.850625182502, 18.5212,2,16.67897,2,10.97328,0.117377,46.1454,1
40.8174310838804, 18.7256,40.8670360827819, 15.8445,2,16.67992,2,11.1428,-0.322411,49.2339,1
40.8343617832288, 16.0251,40.8843079833314, 15.6574,2,16.67962,2,12.18156,-0.435928,46.3533,1
40.850625182502, 14.7633,40.90057408344, 17.4893,2,16.67872,2,10.16193,-0.457682,45.9854,1
40.8670360827819, 18.976,40.917383284308, 17.0884,2,16.67979,2,11.72282,-1.193359,48.7127,1
40.8843079833314, 16.9462,40.9342229841277, 15.2234,2,16.67992,2,10.10761,0.010254,46.8245,1
40.90057408344, 14.5677,40.9508272847161, 16.3904,2,16.67893,2,10.53883,-1.429124,45.1025,1
40.917383284308, 19.0182,40.9674952840433, 18.8694,2,16.68002,2,12.38578,-0.128011,46.9257,1
40.9342229841277, 17.4216,40.9840452848002, 14.5733,2,16.68037,2,10.70706,-0.697632,46.777,1
40.9508272847161, 15.4886,41.0014071846381, 17.5189,2,16.67981,2,11.18205,0.034098,43.9282,1
40.9674952840433, 17.0007,41.0170901855454, 17.1845,2,16.67996,2,11.90282,-0.534127,45.9592,1
40.9840452848002, 16.4737,41.0341270854697, 15.5036,2,16.67987,2,11.54851,-0.079817,46.1375,1
41.0014071846381, 16.8551,41.0513023855165, 18.851,2,16.67995,2,11.96663,-0.342177,45.1733,1
41.0170901855454, 16.2415,41.0672300858423, 15.748,2,16.67974,2,12.3869,-0.447632,47.1683,1
41.0341270854697, 17.2115,41.0839644866064, 15.0812,2,16.67999,2,9.917727,0.068782,46.6781,1
41.0513023855165, 14.4585,41.1010334873572, 17.2579,2,16.67896,2,12.01222,-0.878115,44.548,1
41.0672300858423, 18.7303,41.1170258866623, 17.4805,2,16.67991,2,9.594077,0.275315,47.3445,1
41.0839644866064, 16.3678,41.1367909861729, 18.1406,2,16.67977,2,12.12713,-0.697437,46.096,1
41.1010334873572, 16.6121,41.1525761866942, 15.6943,2,16.67974,2,11.54962,-0.713133,47.8682,1
41.1170258866623, 15.1952,41.1677127862349, 16.7898,2,16.67905,2,10.32442,0.301615,46.9544,1
41.1367909861729, 18.2589,41.1845926856622, 15.17,2,16.67978,2,11.22198,-0.13352,48.5499,1
41.1525761866942, 17.0045,41.200009085238, 15.5138,2,16.67993,2,11.57864,1.173424,45.4607,1
41.1677127862349, 15.1858,41.2181201856583, 19.7877,2,16.67924,2,10.92973,-1.154814,43.9707,1
41.1845926856622, 17.9406,41.2349883858114, 15.326,2,16.67982,2,12.51779,-0.196894,48.5733,1
41.200009085238, 17.2617,41.251503886655, 16.4073,2,16.68009,2,10.02512,-0.36332,45.9589,1
41.2181201856583, 15.3183,41.2668821867555, 16.8059,2,16.67946,2,10.00698,-0.272238,45.0967,1
41.2349883858114, 17.155,41.2839765865356, 15.8226,2,16.67968,2,9.819014,-0.124477,46.5932,1
41.251503886655, 16.9582,41.3011627867818, 17.0125,2,16.67981,2,10.81859,-0.654984,45.2612,1
41.2668821867555, 17.2415,41.3180079869926, 18.7461,2,16.68007,2,11.99942,-0.446983,45.3157,1
41.2839765865356, 16.2113,41.3370788861066, 18.6358,2,16.67985,2,11.93754,0.120041,46.8207,1
41.3011627867818, 15.4888,41.3511819858104, 12.5282,2,16.6793,3,10.23078,-1.010212,49.2458,1
41.3180079869926, 15.3561,41.3683877866715, 19.254,2,16.6787,2,11.88618,0.054566,46.2855,1
41.3370788861066, 18.2986,41.3841826859862, 13.9581,2,16.67944,2,10.64948,-0.970536,50.1833,1
41.3511819858104, 16.602,41.4018753860146, 17.7705,2,16.67941,2,12.17666,0.678927,45.8425,1
41.3683877866715, 16.8795,41.4181684851646, 18.1937,2,16.6795,2,9.829912,0.412368,47.0117,1
41.3841826859862, 16.9507,41.4340620860457, 13.7261,2,16.67962,2,11.32793,-0.123229,48.3262,1
41.4018753860146, 16.9919,41.4518705867231, 19.7779,2,16.67977,2,11.63294,-0.731513,45.1024,1
41.4181684851646, 15.9323,41.4683493860066, 14.7936,2,16.67942,2,11.13277,-0.652647,47.889,1
41.4340620860457, 17.3402,41.485054185614, 16.6696,2,16.67973,2,11.00113,-1.348394,46.7507,1
41.4518705867231, 16.2343,41.5018688850105, 19.855,2,16.67952,2,11.31963,-0.071253,46.08,1
41.4683493860066, 16.8323,41.5185447856784, 13.4373,2,16.67959,3,9.840413,-0.460864,49.7023,1
41.485054185614, 16.6172,41.5343427862972, 16.0235,2,16.67956,2,12.48105,-0.127593,46.307,1
41.5018688850105, 15.662,41.5518963858485, 20.5444,2,16.6791,2,10.66819,-0.908394,45.7134,1
41.5185447856784, 17.6382,41.5688050854951, 13.6549,2,16.67954,3,10.46815,-0.626265,50.5962,1
41.5343427862972, 16.6964,41.5864277854562, 20.0387,2,16.67954,2,11.48296,0.012614,46.6137,1
41.5518963858485, 16.1492,41.6025814861059, 17.2446,2,16.6793,3,10.18169,-0.640329,49.9558,1
41.5688050854951, 17.4699,41.6178528862074, 11.7677,2,16.67966,3,11.81729,-0.027888,51.0518,1
41.5864277854562, 14.587,41.6354945870116, 17.7471,2,16.67871,2,12.53277,-1.122233,45.3501,1
41.6025814861059, 18.3588,41.6516570867971, 19.9591,2,16.67947,2,10.55849,0.656661,48.5098,1
41.6178528862074, 16.2959,41.6678667860106, 12.3654,2,16.6793,3,11.66073,0.147148,50.1085,1
41.6354945870116, 17.6364,41.6854782858863, 19.4942,2,16.67974,2,10.72419,-0.067225,46.1811,1
41.6516570867971, 16.011,41.7007164862007, 15.0922,2,16.67943,3,11.88093,0.542402,48.0398,1
41.6678667860106, 17.1457,41.7180386856198, 15.6299,2,16.67964,2,11.17834,-0.399766,47.117,1
41.6854782858863, 14.3499,41.7350204847753, 17.2144,2,16.67858,2,10.89545,-0.353246,45.6046,1
41.7007164862007, 19.5215,41.751372884959, 18.0036,2,16.67987,2,9.439425,0.328111,48.4697,1
41.7180386856198, 15.4127,41.7680168841034, 18.7368,2,16.6793,2,10.1842,0.171335,46.953,1
41.7350204847753, 16.8728,41.7856964841485, 13.6989,2,16.67939,2,10.95757,-0.211618,50.277,1
41.751372884959, 15.1135,41.8016848843545, 17.831,2,16.67868,2,10.43405,0.445986,47.1036,1
41.7680168841034, 18.2911,41.8181578852236, 14.4814,2,16.67941,2,12.07289,-0.233589,49.8218,1
41.7856964841485, 17.1833,41.8353896848857, 17.5379,2,16.67964,2,9.600565,0.493294,46.0124,1
41.8016848843545, 14.4104,41.8517423849553, 18.3181,2,16.67861,2,11.42062,-0.585179,46.3642,1
41.8181578852236, 18.3175,41.8702791854739, 16.5703,2,16.67935,2,10.24261,-0.867978,50.2721,1
41.8353896848857, 17.1,41.8838514853269, 13.5337,2,16.67954,2,9.183389,-0.682781,48.5274,1
41.8517423849553, 15.0599,41.9026191849262, 20.6142,2,16.67881,2,12.12811,-1.258718,44.9625,1
41.8702791854739, 18.7768,41.9185590855777, 17.8599,2,16.67976,3,9.286079,0.381399,50.5175,1
41.8838514853269, 15.3244,41.9338982859626, 11.5155,2,16.67914,3,12.47048,-0.882857,49.5997,1
41.9026191849262, 15.4834,41.952494786121, 23.2908,2,16.6786,2,12.51838,-0.458647,45.7767,1
41.9185590855777, 17.9861,41.9678020859137, 10.443,2,16.67919,3,10.86222,-0.034698,53.5764,1
41.9338982859626, 17.7707,41.9866084856912, 19.096,2,16.67969,2,13.0211,-0.169457,46.0562,1
41.952494786121, 15.6724,42.0018038861454, 17.239,2,16.67923,2,9.629757,-0.708088,47.3831,1
41.9678020859137, 17.1462,42.0184124857187, 18.1888,2,16.67944,3,12.61065,0.302265,48.9495,1
41.9866084856912, 16.4433,42.0356032848358, 13.5125,2,16.67934,3,10.6535,0.092661,49.9923,1
42.0018038861454, 14.59,42.0525737851858, 18.6563,2,16.67839,2,11.68116,-0.66017,47.0616,1
42.0184124857187, 18.5003,42.0678112851456, 15.3948,2,16.67922,3,9.462888,0.129599,51.1288,1
42.0356032848358, 17.0347,42.0865602856502, 16.9568,2,16.67938,2,12.35233,-1.02447,48.0233,1
42.0525737851858, 14.7573,42.1025796858594, 15.8348,2,16.67851,2,9.889939,0.645861,47.9455,1
42.0678112851456, 16.9766,42.1179014854133, 17.0299,2,16.67864,2,8.43607,0.329813,49.0198,1
42.0865602856502, 18.3935,42.1366068851203, 17.2055,2,16.67942,2,12.1853,-0.107613,49.0715,1
42.1025796858594, 16.6214,42.151743484661, 15.2493,2,16.67939,2,7.97677,0.123761,47.8893,1
42.1179014854133, 15.9157,42.1681017838418, 18.1855,2,16.67905,2,12.76214,0.056271,46.5142,1
42.1366068851203, 17.9958,42.1846575830132, 14.3689,2,16.67964,2,11.05069,-0.929156,48.7873,1
42.151743484661, 16.3529,42.2017390821129, 17.2916,2,16.67949,2,8.001613,0.439979,45.1613,1
42.1681017838418, 16.2544,42.2190046813339, 20.6328,2,16.6793,2,11.75714,0.083198,46.0829,1
42.1846575830132, 16.8454,42.2357323821634, 13.3298,2,16.67937,3,8.369129,-0.496983,50.4762,1
42.2017390821129, 16.9111,42.2518268823624, 16.0719,2,16.67948,2,11.69216,0.376762,46.9602,1
42.2190046813339, 16.2642,42.269817782566, 19.8262,2,16.67929,2,11.03012,0.119787,46.1211,1
42.2357323821634, 17.7311,42.2853978825733, 15.803,2,16.67976,3,7.547902,-0.095961,49.6871,1
42.2518268823624, 15.6949,42.301799681969, 14.3984,2,16.67932,2,11.73088,0.242559,47.7571,1
42.269817782566, 15.7868,42.3194177811965, 19.554,2,16.67892,2,9.789738,0.253353,46.4544,1
42.2853978825733, 18.4754,42.3350131809711, 14.9435,2,16.67973,3,11.05901,0.545294,50.2308,1
42.301799681969, 16.4862,42.3526484817266, 16.0457,2,16.67964,2,11.48276,0.919901,46.6996,1
42.3194177811965, 14.7213,42.3683214820921, 17.2824,2,16.67877,2,10.14474,-0.859731,46.2583,1
42.3350131809711, 18.7716,42.3851731829345, 15.454,2,16.6797,2,11.29235,-0.924781,48.8206,1
42.3526484817266, 16.6032,42.4021973833442, 16.9208,2,16.67967,2,10.03271,-0.503084,45.5033,1
42.3683214820921, 15.319,42.4175961837173, 17.1262,2,16.67906,2,11.027,-0.174095,45.8205,1
42.3851731829345, 18.0181,42.4348774831742, 15.3762,2,16.67966,2,10.96223,-0.94566,47.6283,1
42.4021973833442, 16.1021,42.4517254829407, 16.9641,2,16.6794,2,10.80198,-0.105832,44.9875,1
42.4175961837173, 15.5515,42.4697901830077, 19.9302,2,16.6789,2,12.62088,-1.298817,45.849,1
42.4348774831742, 18.1771,42.4855851829052, 13.8972,2,16.67956,2,12.14069,0.524898,50.2283,1
42.4517254829407, 16.4117,42.5016350820661, 16.0864,2,16.67945,2,9.81026,0.394786,45.9478,1
42.4697901830077, 15.6961,42.5184129811823, 18.3596,2,16.67901,2,12.73573,0.355475,45.6202,1
42.4855851829052, 18.9484,42.5370265804231, 17.054,2,16.68002,2,8.829017,-0.955571,48.2879,1
42.5016350820661, 16.2342,42.5520853800699, 14.9977,2,16.67982,2,11.5072,-0.257856,46.3933,1
42.5184129811823, 14.9489,42.5688729798421, 18.5884,2,16.67905,2,11.22951,0.434981,45.1572,1
42.5370265804231, 18.5063,42.5854806797579, 16.6671,2,16.67986,2,11.17163,-0.826824,48.7972,1
42.5520853800699, 16.3569,42.6026393799111, 15.3982,2,16.67972,2,9.741671,0.097271,46.9583,1
42.5688729798421, 15.7447,42.619021079503, 18.3858,2,16.6793,2,12.61936,-1.331701,46,1
42.5854806797579, 17.9672,42.6348304795101, 15.2288,2,16.67987,3,11.82702,-0.152441,48.6415,1
42.6026393799111, 15.6221,42.6529676793143, 16.6326,2,16.67941,2,7.809824,-0.987583,45.9035,1
42.619021079503, 14.9566,42.6685881791636, 17.2951,2,16.67864,2,12.46143,-0.851624,46.914,1
42.6348304795101, 17.8229,42.6858557788655, 15.4614,2,16.67915,2,9.960601,-0.482681,49.2528,1
42.6529676793143, 17.8845,42.7044925792143, 20.4068,2,16.67968,2,11.16224,-0.441928,46.8919,1
42.6685881791636, 15.4755,42.7205277783796, 17.9959,2,16.67915,3,11.85978,-0.437954,49.4149,1
42.6858557788655, 16.9837,42.7350100781769, 10.8668,2,16.67928,3,12.82322,-0.50675,51.932,1
42.7044925792143, 16.2586,42.7525337785482, 17.6179,2,16.6791,2,11.25458,-0.091523,45.8184,1
42.7205277783796, 17.0717,42.7685552779585, 17.732,2,16.67927,2,11.99073,0.15111,47.1784,1
42.7350100781769, 16.624,42.7857103776187, 17.3328,2,16.67925,2,10.29005,0.292495,47.839,1
42.7525337785482, 17.7086,42.8022619783878, 14.5994,2,16.6797,2,12.01065,0.13079,48.5439,1
42.7685552779585, 15.3106,42.8186345789582, 18.0814,2,16.6791,2,12.07272,0.192011,45.4315,1
42.7857103776187, 17.8216,42.8355965781957, 15.3912,2,16.6796,2,10.49039,0.323544,48.2107,1
42.8022619783878, 16.6325,42.8536688778549, 17.9927,2,16.67958,2,11.53951,-0.241898,45.7805,1
42.8186345789582, 16.9767,42.8689659778029, 16.899,2,16.67971,2,9.75261,-0.372728,47.141,1
42.8355965781957, 16.2908,42.8856707774103, 16.6711,2,16.67954,2,9.857189,0.325639,47.064,1
42.8536688778549, 17.2197,42.9024587776512, 15.1319,2,16.67978,2,11.37276,-0.081778,47.4443,1
42.8689659778029, 15.3711,42.9186969771981, 18.2707,2,16.6792,2,9.728398,-0.652495,45.3574,1
42.8856707774103, 17.4231,42.9358840771019, 15.0852,2,16.67953,2,11.73003,-0.543954,48.2575,1
42.9024587776512, 16.6993,42.9528670776635, 17.0567,2,16.67954,2,12.03716,-0.125549,45.92,1
42.9186969771981, 17.7156,42.9688461776823, 17.7086,2,16.67999,2,8.346778,-1.047518,46.2742,1
42.9358840771019, 15.7264,42.9859329778701, 15.3336,2,16.67957,2,11.677,0.132927,46.27,1
42.9528670776635, 16.7184,43.0027475785464, 18.5066,2,16.67959,2,10.48765,-0.366462,45.8751,1
42.9688461776823, 15.6757,43.0190697778016, 16.1048,2,16.67915,2,12.30225,-0.726911,47.6666,1
42.9859329778701, 17.3597,43.0347462780774, 14.2239,2,16.67945,2,9.969818,-0.220138,48.0961,1
43.0027475785464, 16.1696,43.0529762785882, 19.8875,2,16.67923,2,12.21487,-0.311419,44.9605,1
43.0190697778016, 18.1803,43.0689353793859, 15.7931,2,16.67988,2,11.48596,-0.8195,48.6785,1
43.0347462780774, 16.006,43.0850037802011, 14.6838,2,16.67959,2,10.28701,-0.486747,46.2913,1
43.0529762785882, 16.1306,43.1022132802755, 17.4199,2,16.67935,2,12.46004,0.027148,44.9669,1
43.0689353793859, 17.7509,43.1196815799922, 18.8191,2,16.67982,2,8.620019,-0.66716,46.26,1
43.0850037802011, 16.1088,43.136130079627, 16.8246,2,16.67957,2,11.9209,-0.339363,47.3289,1
43.1022132802755, 16.8805,43.1516626793891, 13.5229,2,16.67966,2,12.52635,-0.059418,48.0356,1
43.1196815799922, 16.298,43.1691038794816, 17.4909,2,16.67949,2,10.36085,-0.441713,44.6863,1
43.136130079627, 17.1655,43.1859368793666, 18.4749,2,16.6797,2,11.57976,-0.643915,45.8769,1
43.1516626793891, 15.8336,43.2027067802846, 15.1382,2,16.67933,2,10.89736,-0.579199,47.1905,1
43.1691038794816, 17.669,43.2202264796942, 17.4091,2,16.67976,2,11.96382,-1.037448,46.4949,1
43.1859368793666, 15.3783,43.2358081797138, 17.6454,2,16.6792,2,11.69061,-0.036229,46.2356,1
43.2027067802846, 17.3022,43.2547727795318, 17.1161,2,16.67947,2,10.42922,0.17424,48.5034,1
43.2202264796942, 17.1127,43.2693251799792, 14.6466,2,16.67966,2,12.4017,-1.375902,48.3172,1
43.2358081797138, 14.5543,43.2857506796718, 18.0229,2,16.67873,2,11.96745,0.817956,45.8513,1
43.2547727795318, 18.7864,43.3035608790815, 19.1514,2,16.67965,2,11.22333,0.37022,49.3039,1
43.2693251799792, 16.4982,43.3207996785641, 14.0755,2,16.67957,3,11.40246,-0.745216,49.687,1
43.2857506796718, 14.9255,43.3359937788919, 17.0141,2,16.6788,2,7.797502,-0.024774,47.264,1
43.3035608790815, 18.2057,43.3527978779748, 15.169,2,16.67947,2,13.03614,-0.756107,49.3529,1
43.3207996785641, 16.9063,43.3699174774811, 17.1305,2,16.67957,2,9.01808,-0.38634,46.3155,1
43.3359937788919, 17.5023,43.3863052772358, 17.6379,2,16.67993,2,9.609616,0.11011,46.5402,1
43.3527978779748, 16.0089,43.4051751764491, 17.4116,2,16.67963,2,12.44747,-0.72168,46.6769,1
43.3699174774811, 16.292,43.4190905764699, 13.9657,2,16.67947,2,8.265407,-0.02017,48.077,1
43.3863052772358, 16.229,43.4359600767493, 18.4548,2,16.67927,2,12.40334,-0.799058,45.7539,1
43.4051751764491, 17.4597,43.4521808773279, 16.4814,2,16.67961,2,12.17989,-0.688646,47.9813,1
43.4190905764699, 16.3341,43.4689657781273, 14.848,2,16.67946,2,7.97988,-0.594128,47.0022,1
43.4359600767493, 15.9283,43.4866049773991, 17.7739,2,16.67913,2,12.36117,1.37769,45.5195,1
43.4521808773279, 16.6089,43.5035995766521, 18.5764,2,16.6791,2,9.874858,-0.000277,47.3575,1
43.4689657781273, 17.9152,43.5206940770149, 15.3923,2,16.67964,3,10.40395,0.153656,49.3333,1
43.4866049773991, 16.3516,43.5382611770183, 17.7402,2,16.6795,2,11.74063,-0.287019,46.8024,1
43.5035995766521, 14.9092,43.5518231773749, 13.2382,2,16.67873,2,10.17621,-0.066694,48.1931,1
43.5206940770149, 19.2728,43.5689098769799, 17.3407,2,16.67985,2,5.673577,-0.445008,46.5293,1
43.5382611770183, 15.8896,43.587149576284, 21.2963,2,16.67951,2,11.52664,0.149702,44.5972,1
43.5518231773749, 16.5491,43.6028923755512, 12.6296,2,16.67945,3,8.112119,-1.005539,50.0019,1
43.5689098769799, 17.3071,43.6200522752479, 18.9766,2,16.67973,2,12.02609,-0.484418,46.0857,1
43.587149576284, 15.9965,43.635940474458, 14.1297,2,16.67943,2,10.16191,-0.246421,47.7452,1
43.6028923755512, 17.5383,43.6534188752994, 17.8684,2,16.6798,2,12.1333,-0.126859,45.8895,1
43.6200522752479, 15.828,43.6705874754116, 18.602,2,16.67943,2,11.59934,-0.683295,46.2198,1
43.635940474458, 17.3764,43.6886228760704, 17.4423,2,16.67973,3,11.42382,-0.127962,48.9946,1
43.6534188752994, 15.403,43.7029549758881, 12.8835,2,16.67918,3,12.14572,0.131015,49.0604,1
43.6705874754116, 14.9495,43.7198451757431, 18.729,2,16.67844,2,10.29426,0.03782,46.5416,1
43.6886228760704, 18.0783,43.7368661761284, 18.0741,2,16.67904,2,10.06129,-0.43485,50.321,1
43.7029549758881, 17.2847,43.7529877759516, 13.3934,2,16.6793,3,12.37856,-0.110479,50.3175,1
43.7198451757431, 15.0186,43.7704032752663, 20.1523,2,16.67859,2,10.00659,-0.570958,46.4264,1
43.7368661761284, 18.0008,43.7860485743731, 12.9403,2,16.67916,3,9.24278,0.423042,51.5611,1
43.7529877759516, 17.2411,43.8031096737832, 17.0494,2,16.6794,2,11.66905,-0.937337,46.5003,1
43.7704032752663, 16.0797,43.8204815741628, 18.8084,2,16.67914,2,10.22798,0.261682,46.3089,1
43.7860485743731, 17.1312,43.8370317742229, 18.3357,2,16.67933,3,11.69046,-0.529163,49.0387,1
43.8031096737832, 16.6074,43.8526463741437, 12.3746,2,16.6793,3,12.41326,-0.14919,50.2425,1
43.8204815741628, 15.2212,43.8698643734679, 18.8227,2,16.67868,2,9.600937,-0.683131,46.0101,1
43.8370317742229, 18.0698,43.8869183743373, 15.5429,2,16.67927,2,12.52182,-0.477073,49.6117,1
43.8526463741437, 17.6328,43.9029510738328, 15.9495,2,16.67968,2,11.50486,-0.211147,47.0775,1
43.8698643734679, 15.4858,43.9200474740937, 18.3417,2,16.67917,2,10.23319,-0.065516,45.4029,1
43.8869183743373, 17.8402,43.9362637745216, 14.9284,2,16.67967,2,11.77193,-0.40956,48.2595,1
43.9029510738328, 16.7513,43.9530891748145, 16.7924,2,16.6797,2,12.43477,-0.346011,45.3471,1
43.9200474740937, 15.5692,43.9703710740432, 18.9571,2,16.67922,2,10.24255,-0.073557,45.3891,1
43.9362637745216, 18.4996,43.9891862748191, 18.7627,2,16.68,2,12.08892,-1.323487,48.7776,1
43.9530891748145, 15.9532,44.004228875041, 13.4047,2,16.67969,3,10.14336,-0.327767,49.0414,1
43.9703710740432, 14.4927,44.0220256745815, 19.4704,2,16.67876,2,12.07661,-0.945198,46.4926,1
43.9891862748191, 17.6067,44.0369215747342, 16.8826,2,16.67915,3,11.69866,0.315968,51.4712,1
44.004228875041, 17.8133,44.0534212747589, 12.9473,2,16.67964,3,9.834087,-1.185286,50.7454,1
44.0220256745815, 14.0115,44.0705091739073, 19.3567,2,16.6785,2,12.77297,0.707319,45.8811,1
44.0369215747342, 18.4236,44.0869915736839, 15.9688,2,16.67924,2,12.1539,0.13081,51.2267,1
44.0534212747589, 16.587,44.1042367732152, 15.4582,2,16.6792,2,11.14133,-1.471599,48.7693,1
44.0705091739073, 16.9424,44.1203974736854, 16.4218,2,16.67932,2,11.50149,-0.925373,47.6284,1
44.0869915736839, 15.3863,44.1372063728049, 18.2519,2,16.67876,2,12.97898,-1.062993,47.1242,1
44.1042367732152, 18.398,44.1557193724439, 16.9375,2,16.6795,2,7.69409,0.431192,49.9904,1
44.1203974736854, 16.7339,44.1706936722621, 14.704,2,16.67952,2,11.7738,-1.139866,48.5262,1
44.1372063728049, 14.8589,44.1869481718168, 17.9519,2,16.67875,2,11.69487,0.108761,46.5003,1
44.1557193724439, 18.7085,44.2056890716776, 18.6624,2,16.67961,2,10.89119,-0.042599,49.5934,1
44.1706936722621, 16.0848,44.2203404717147, 13.0834,2,16.67936,3,11.33041,-0.034533,49.5483,1
44.1869481718168, 15.5473,44.2374982722104, 19.3751,2,16.67887,2,9.614866,0.049578,46.5469,1
44.2056890716776, 17.6602,44.2542347721756, 16.1804,2,16.67929,3,13.02424,-0.179617,50.3753,1
44.2203404717147, 16.5196,44.2705957721919, 15.0114,2,16.67922,2,10.0922,1.651288,48.8914,1
44.2374982722104, 15.3279,44.2869790717959, 18.1424,2,16.67865,2,11.64053,-0.177715,47.3864,1
44.2542347721756, 18.565,44.3041226714849, 15.169,2,16.67945,2,10.38232,-0.824747,50.2026,1
44.2705957721919, 16.835,44.3205702714622, 16.5964,2,16.67952,2,8.321917,0.407421,46.807,1
44.2869790717959, 16.2962,44.3374419715255, 18.6637,2,16.67936,2,12.15081,-0.596126,46.5547,1
44.3041226714849, 17.4321,44.3561258707196, 16.5801,2,16.67967,2,8.580115,-0.683302,48.9336,1
44.3205702714622, 16.0422,44.3696690704674, 13.7052,2,16.6794,2,9.916947,-1.173508,47.9861,1
44.3374419715255, 16.2542,44.3880220707506, 20.0763,2,16.67922,2,11.01288,-0.911922,45.7481,1
44.3561258707196, 18.0245,44.4040439706296, 14.2269,2,16.67979,2,11.37343,-1.028327,49.5705,1
44.3696690704674, 16.7539,44.4201701711863, 16.0969,2,16.67982,2,10.8443,-1.197599,45.7733,1
44.3880220707506, 17.313,44.4371721707284, 18.9204,2,16.68009,2,12.52771,0.128469,45.1164,1
44.4040439706296, 15.9285,44.4538876712322, 18.1595,2,16.67978,3,11.47792,0.009933,46.7212,1
44.4201701711863, 15.344,44.470267271623, 13.1687,2,16.67921,3,10.95263,-0.607203,48.9523,1
44.4371721707284, 15.0882,44.4873193707317, 16.995,2,16.67854,2,12.9088,-0.262914,46.7803,1
44.4538876712322, 18.4245,44.5041128713638, 19.7546,2,16.67928,2,13.04923,0.434535,48.6876,1
44.470267271623, 16.8992,44.5201821718365, 13.1115,2,16.67937,2,9.696567,-1.09132,50.0186,1
44.4873193707317, 17.5702,44.5369692724198, 18.4487,2,16.67974,2,9.907403,-0.899914,46.2301,1
44.5041128713638, 15.5655,44.5542132724077, 15.4515,2,16.67927,2,12.35951,-0.570672,47.11,1
44.5201821718365, 16.96,44.5703497715294, 16.3848,2,16.67939,2,10.52647,0.048693,46.9966,1
44.5369692724198, 16.7361,44.5869282707572, 18.0277,2,16.67942,2,10.71582,-0.863048,46.4177,1
44.5542132724077, 16.9576,44.6037743706256, 15.387,2,16.67953,2,12.97081,1.152842,47.7129,1
44.5703497715294, 16.4905,44.6216520704329, 17.6345,2,16.67945,2,11.26677,-0.472578,46.1425,1
44.5869282707572, 16.0848,44.6373781710863, 17.7279,2,16.6792,2,10.42111,-0.817663,47.2869,1
44.6037743706256, 17.0492,44.6542159710079, 18.2734,2,16.67936,3,11.78945,-0.489941,48.9312,1
44.6216520704329, 16.8154,44.6711991708726, 13.4847,2,16.67942,3,10.62876,-0.054916,50.1554,1
44.6373781710863, 14.6809,44.6868167705834, 17.5352,2,16.67858,2,10.53068,-0.196034,46.8217,1
44.6542159710079, 18.3284,44.7036389708519, 16.5514,2,16.67927,2,10.77026,0.035263,49.6794,1
44.6711991708726, 17.6049,44.7202227711678, 15.0549,2,16.67966,2,12.69484,-0.250792,47.9031,1
44.6868167705834, 14.4131,44.7371386718005, 16.9921,2,16.67871,2,12.35482,-0.765448,45.3499,1
44.7036389708519, 19.4834,44.7542261723429, 18.8949,2,16.67988,2,10.43383,-0.187726,47.9324,1
44.7202227711678, 15.3769,44.7717636730522, 18.4006,2,16.67934,3,9.643337,-0.243209,47.3451,1
44.7371386718005, 16.3204,44.7873578732833, 13.0179,2,16.67919,3,11.52669,-1.05167,50.3649,1
44.7542261723429, 15.4323,44.8027801737189, 16.6982,2,16.67866,2,11.71075,0.142659,47.0659,1
44.7717636730522, 18.105,44.8202485740185, 17.7184,2,16.67926,2,10.43903,-0.046214,48.3327,1
44.7873578732833, 18.2117,44.8390515744686, 17.1423,2,16.6799,2,11.75421,0.18004,47.9426,1
44.8027801737189, 14.6966,44.8542471742257, 15.111,2,16.67907,2,11.88197,-0.6827,46.8752,1
44.8202485740185, 16.8555,44.8717469749972, 21.0447,2,16.67915,2,11.24174,-0.622259,47.2917,1
44.8390515744686, 17.8655,44.8874383745715, 12.3106,2,16.67964,3,11.37381,-1.336322,51.4786,1
44.8542471742257, 17.2706,44.9048873754218, 19.7633,2,16.67989,2,10.07406,0.050729,45.9237,1
44.8717469749972, 15.9287,44.9220401747152, 14.9644,2,16.67958,3,11.3826,-0.250895,48.4209,1
44.8874383745715, 16.8509,44.9375506751239, 15.1956,2,16.67965,2,10.72036,-0.871919,47.456,1
44.9048873754218, 14.978,44.9540966749191, 18.3761,2,16.67894,2,10.72212,-0.518277,45.8022,1
44.9220401747152, 18.7183,44.9718114752322, 20.1374,2,16.67979,2,13.16907,1.683371,49.1999,1
44.9375506751239, 15.9971,44.9870033748448, 10.9487,2,16.6795,3,8.438395,1.039988,50.6204,1
44.9540966749191, 16.4321,45.0038499757648, 16.9752,2,16.6794,2,11.84512,-0.821195,45.5716,1
44.9718114752322, 15.7059,45.0214327760041, 19.7774,2,16.67899,2,12.46708,-1.416041,46.1149,1
44.9870033748448, 17.9278,45.037653375417, 18.5271,2,16.67952,3,10.74873,-0.013281,50.187,1
45.0038499757648, 16.361,45.055234676227, 13.1858,2,16.67938,3,8.221912,-1.099189,50.7866,1
45.0214327760041, 15.5607,45.0703558763489, 15.2222,2,16.67892,2,10.85299,-0.379351,47.6101,1
45.037653375417, 18.1479,45.0876172771677, 18.0639,2,16.67953,2,10.95554,-1.00673,47.2727,1
45.055234676227, 16.6916,45.1055201767012, 20.4264,2,16.67953,2,13.16368,-0.870294,47.1841,1
45.0703558763489, 16.6829,45.1207249769941, 11.6376,2,16.67953,3,11.63999,0.185805,50.9242,1
45.0876172771677, 15.6749,45.1393297770992, 18.7299,2,16.67912,2,11.33025,-0.429787,45.8719,1
45.1055201767012, 16.0109,45.15410077665, 16.3461,2,16.67884,2,11.99703,-0.00664,48.9346,1
45.1207249769941, 17.8327,45.1731927758083, 17.6299,2,16.67932,2,12.70109,-0.456841,49.2703,1
45.1393297770992, 17.9263,45.186745875515, 13.3133,2,16.67984,2,10.8976,-1.476442,49.0674,1
45.15410077665, 15.1679,45.2048615748063, 18.1706,2,16.67921,2,11.44709,0.225977,44.4534,1
45.1731927758083, 18.3636,45.2210159739479, 18.1919,2,16.67991,2,12.27994,-0.363198,47.4425,1
45.186745875515, 16.1624,45.2377582741901, 14.7885,2,16.67969,2,9.722341,-0.017573,47.286,1
45.2048615748063, 17.3547,45.2543441737071, 16.5245,2,16.67997,2,9.962042,-1.119158,45.913,1
45.2210159739479, 16.5395,45.2713760742918, 18.8339,2,16.67991,2,13.08752,-0.678823,45.0757,1
45.2377582741901, 16.4709,45.2877007750794, 14.8991,2,16.67983,2,7.949498,-0.242974,47.3777,1
45.2543441737071, 17.2855,45.3040248742327, 15.8729,2,16.68008,2,12.07087,-1.169497,45.8073,1
45.2713760742918, 17.0958,45.3215027740225, 19.1817,2,16.68025,2,11.82046,0.071122,44.3951,1
45.2877007750794, 16.1964,45.3377293748781, 16.5466,2,16.68005,2,10.88282,-0.676687,46.4774,1
45.3040248742327, 15.9832,45.3549532750621, 15.0459,2,16.67976,2,11.04537,0.007187,46.8292,1
45.3215027740225, 16.3206,45.3707710755989, 16.0933,2,16.67961,2,11.9832,-0.157585,45.8945,1
45.3377293748781, 18.1536,45.388367976062, 19.3452,2,16.68022,2,11.11688,-0.403057,45.6681,1
45.3549532750621, 15.8647,45.4062099764124, 15.9613,2,16.67989,3,11.58919,0.175633,46.8605,1
45.3707710755989, 15.7771,45.4217300759628, 15.5069,2,16.67951,2,12.49331,0.041083,46.957,1
45.388367976062, 15.1938,45.4377993764356, 16.108,2,16.6789,2,9.761485,-0.150982,46.6869,1
45.4062099764124, 19.6421,45.4553100755438, 19.3662,2,16.68012,2,10.41586,-1.411047,47.6019,1
45.4217300759628, 16.1822,45.4733648756519, 16.3109,2,16.67992,2,12.05597,0.261512,47.3264,1
45.4377993764356, 16.5496,45.4869438754395, 13.4532,2,16.67986,2,11.50602,-0.639519,47.4552,1
45.4553100755438, 16.3957,45.5064564747736, 21.3575,2,16.67975,2,9.702982,0.09875,44.3585,1
45.4733648756519, 17.3846,45.5213267747313, 15.1407,2,16.68004,3,9.899647,0.525076,49.3214,1
45.4869438754395, 16.5358,45.5375428739935, 14.2147,2,16.67998,2,13.08699,0.235746,47.0777,1
45.5064564747736, 14.6539,45.5553823746741, 19.7211,2,16.67914,2,8.071019,0.181016,44.7566,1
45.5213267747313, 19.5472,45.5710135754198, 15.2466,2,16.68032,2,12.48555,-0.412094,49.819,1
45.5375428739935, 15.2602,45.5877902749926, 15.2473,2,16.67974,2,11.59792,-0.332139,45.5232,1
45.5553823746741, 16.6397,45.6047074757516, 18.3624,2,16.67972,2,9.399554,-0.387744,45.511,1
45.5710135754198, 17.2104,45.6208338756114, 16.3925,2,16.67994,2,9.462184,0.084774,47.2344,1
45.5877902749926, 16.4255,45.6373493764549, 14.8422,2,16.67984,2,11.46269,-0.545015,46.4168,1
45.6047074757516, 15.7045,45.6543537769467, 16.7612,2,16.67944,2,10.29584,-0.076153,44.833,1
45.6208338756114, 18.0513,45.6715823765844, 19.3319,2,16.68,2,10.46044,-0.411629,45.8908,1
45.6373493764549, 15.5132,45.6872734762728, 15.4182,2,16.67952,2,12.12433,-0.810524,47.1715,1
45.6543537769467, 16.2253,45.7054852768779, 16.4769,2,16.67933,2,9.778215,-0.936078,47.0771,1
45.6715823765844, 15.7405,45.7206527767703, 16.5452,2,16.67895,2,12.25075,0.510976,47.3292,1
45.6872734762728, 16.8806,45.7385288765654, 16.4459,2,16.67903,2,11.60623,-0.373072,48.1346,1
45.7054852768779, 18.3394,45.7546734763309, 16.1502,2,16.67971,2,10.74992,-0.10764,47.7001,1
45.7206527767703, 14.7534,45.7714415760711, 18.5977,2,16.67892,2,10.94558,-0.498861,45.5106,1
45.7385288765654, 18.24,45.7880474766716, 18.1365,2,16.67956,2,12.69552,-0.770077,49.3556,1
45.7546734763309, 16.8727,45.8039226764813, 12.504,2,16.67964,3,9.336372,-0.201602,49.2522,1
45.7714415760711, 15.0439,45.8224387755617, 21.5582,2,16.67897,2,10.23434,-0.546395,44.8841,1
45.7880474766716, 17.1337,45.8392075756565, 13.8778,2,16.67916,3,11.77616,-0.463912,51.3948,1
45.8039226764813, 16.9613,45.8539052754641, 14.5491,2,16.67927,2,9.936577,-0.310247,48.1425,1
45.8224387755617, 16.5474,45.8716000746936, 19.4396,2,16.67922,2,10.7705,-0.360669,45.7304,1
45.8392075756565, 17.0786,45.8902503754944, 18.5198,2,16.67938,3,11.793,-0.448935,48.6231,1
45.8539052754641, 16.4392,45.9047568757087, 12.922,2,16.67929,3,10.98681,-0.518548,50.0643,1
45.8716000746936, 15.0175,45.9226541761309, 19.7841,2,16.67861,2,10.57635,0.11079,46.5475,1
45.8902503754944, 18.505,45.937889976427, 15.3788,2,16.67935,3,12.03237,-0.807576,51.3152,1
45.9047568757087, 16.6697,45.9550866764039, 15.1406,2,16.67935,2,12.32743,-0.502724,48.1887,1
45.9226541761309, 14.7048,45.9728545770049, 19.5461,2,16.67854,2,10.13425,0.028232,46.6604,1
45.937889976427, 18.5316,45.9882745770738, 15.3635,2,16.6793,3,12.24151,-0.800559,51.5028,1
45.9550866764039, 16.9685,46.0049336766824, 14.8991,2,16.67942,2,11.40318,-0.695422,48.3241,1
45.9728545770049, 14.7993,46.0216615768149, 18.4891,2,16.67865,2,10.90032,-0.315733,46.2629,1
45.9882745770738, 18.8405,46.0377869764343, 16.6596,2,16.67953,2,12.07607,-1.006,49.9557,1
46.0049336766824, 16.4841,46.0581003772095, 19.7417,2,16.67945,2,9.907359,0.262064,47.7741,1
46.0216615768149, 14.6684,46.0716405771673, 11.9597,2,16.67863,3,10.83892,1.195114,51.0294,1
46.0377869764343, 17.0845,46.0899624768645, 21.606,2,16.6788,2,12.43723,-0.354866,48.3244,1
46.0581003772095, 17.3991,46.104583776556, 11.2516,2,16.67909,3,11.8584,-0.108695,52.8423,1
46.0716405771673, 17.2166,46.1216585757211, 18.8508,2,16.67931,2,11.05994,-1.424335,46.6959,1
46.0899624768645, 16.5305,46.1380850756541, 14.621,2,16.67925,3,9.579686,-0.012857,48.3339,1
46.104583776556, 16.8261,46.1551999757066, 17.3927,2,16.67931,2,10.59367,0.159853,46.4244,1
46.1216585757211, 14.8921,46.1715303761885, 16.091,2,16.67858,2,10.4767,0.04919,46.9913,1
46.1380850756541, 18.5627,46.1880153762177, 17.9305,2,16.67935,2,11.99133,-1.228992,48.1902,1
46.1551999757066, 16.601,46.205032476224, 17.4918,2,16.67932,2,13.15186,-0.860202,47.5591,1
46.1715303761885, 16.5558,46.2216406753287, 14.7153,2,16.67926,2,10.04805,-0.43047,48.4463,1
46.1880153762177, 15.9437,46.2378740748391, 16.2012,2,16.67897,2,11.40091,-0.197123,46.6099,1
46.205032476224, 17.5547,46.2552464744076, 19.5581,2,16.67932,2,11.67539,0.156572,46.8679,1
46.2216406753287, 16.4772,46.2715606736019, 14.1058,2,16.67924,2,11.5499,-0.311069,48.8715,1
46.2378740748391, 16.5531,46.2879571737722, 18.6911,2,16.67919,2,12.40687,0.12539,46.5,1
46.2552464744076, 17.8608,46.3065149737522, 17.9599,2,16.67967,2,12.07592,-0.743616,48.6427,1
46.2715606736019, 15.8187,46.3236329732463, 15.5732,2,16.67932,3,10.00883,0.223587,48.7417,1
46.2879571737722, 15.3576,46.3387904735282, 15.0714,2,16.67879,2,8.058269,-0.131435,48.4972,1
46.3065149737522, 16.1412,46.3552540736273, 18.5196,2,16.67857,2,12.21081,-0.8878,48.2108,1
46.3236329732463, 18.5073,46.3726949738339, 18.517,2,16.67931,3,9.634816,0.216077,50.5895,1
46.3387904735282, 16.9163,46.3891375744715, 13.4143,2,16.6794,3,12.35361,-0.005348,50.5962,1
46.3552540736273, 14.626,46.405429773964, 18.0031,2,16.67857,2,11.26404,0.032331,47.0976,1
46.3726949738339, 18.0314,46.4227302735671, 18.798,2,16.67912,3,9.7505,0.17874,50.4755,1
46.3891375744715, 17.4909,46.4396964730695, 13.556,2,16.67945,3,12.70522,0.113342,51.2421,1
46.405429773964, 14.2312,46.455699772574, 16.0878,2,16.67846,2,9.580748,-0.750856,47.3043,1
46.4227302735671, 18.4675,46.472701872699, 18.9761,2,16.67918,2,11.46837,0.133608,49.1527,1
46.4396964730695, 17.9695,46.4886912731454, 15.4492,2,16.6797,3,11.50496,0.422407,49.674,1
46.455699772574, 16.1623,46.5047538736835, 14.6665,2,16.67949,2,8.329958,1.321206,47.1502,1
46.472701872699, 15.2447,46.5224572746083, 19.1305,2,16.67891,2,11.57336,0.831998,45.6578,1
46.4886912731454, 17.9012,46.5386398741975, 16.5833,2,16.67941,2,12.23089,-0.594876,49.5449,1
46.5047538736835, 17.1647,46.5549158742651, 14.4991,2,16.6796,2,8.359193,0.35305,48.2276,1
46.5224572746083, 14.8203,46.5722904736176, 17.5788,2,16.67885,2,11.37289,-0.111749,45.5616,1
46.5386398741975, 18.6198,46.5883418740705, 17.8295,2,16.67963,2,8.036302,-0.599079,48.3207,1
46.5549158742651, 17.2922,46.6049257749692, 16.1502,2,16.67988,2,7.472776,0.346091,47.5302,1
46.5722904736176, 15.6752,46.6227467758581, 16.1985,2,16.67948,2,12.38415,-1.100592,46.3894,1
46.5883418740705, 15.0353,46.6394006749615, 18.3517,2,16.67882,2,11.31915,-0.446775,46.9132,1
46.6049257749692, 19.0785,46.6558408746496, 16.5077,2,16.67978,3,8.035179,-0.19935,50.1927,1
46.6227467758581, 16.5235,46.6718215746805, 14.3391,2,16.67972,2,12.35261,-0.476849,47.6551,1
46.6394006749615, 14.5272,46.6890530744568, 17.1293,2,16.67885,2,9.535792,-0.650436,45.4968,1
46.6558408746496, 18.8018,46.7050653742626, 17.836,2,16.6797,2,11.12228,0.445456,48.0998,1
46.6718215746805, 15.9376,46.7221838748083, 15.3432,2,16.67941,2,12.17435,-0.258052,47.1346,1
46.6890530744568, 16.9545,46.7396047739312, 17.2299,2,16.67952,2,11.63885,-0.439689,46.5407,1
46.7050653742626, 15.5188,46.7555426741019, 17.8191,2,16.67905,2,10.27324,0.107603,46.8164,1
46.7221838748083, 18.0894,46.7716889744624, 14.3678,2,16.67962,2,8.256344,-0.217548,49.1133,1
46.7396047739312, 16.709,46.7897104742005, 18.0988,2,16.67963,2,11.24175,0.034711,45.3957,1
46.7555426741019, 16.5637,46.8064764747396, 18.3915,2,16.67958,2,10.07199,-1.444897,46.7858,1
46.7716889744624, 16.8429,46.8220474747941, 15.9346,2,16.67965,3,12.2864,0.630546,48.6135,1
46.7897104742005, 16.3162,46.8393929740414, 15.2264,2,16.6795,2,11.43015,-0.127658,47.7018,1
46.8064764747396, 15.1845,46.8552117748186, 17.7356,2,16.67891,2,9.787989,-1.442952,46.6164,1
46.8220474747941, 17.8668,46.8726104749367, 17.114,2,16.67938,2,9.899297,0.520954,49.1673,1
46.8393929740414, 16.533,46.8890713742003, 14.9129,2,16.67932,2,13.04365,-0.902279,48.4142,1
46.8552117748186, 16.6445,46.9057361735031, 16.3917,2,16.67931,2,9.108358,1.210588,46.7951,1
46.8726104749367, 17.2659,46.9222569735721, 18.5543,2,16.67954,2,7.926152,-0.268255,46.5431,1
46.8890713742003, 18.6711,46.9411462740973, 18.6481,2,16.68033,2,13.09495,-0.34925,47.832,1
46.9057361735031, 14.3668,46.9566915743053, 14.0043,2,16.67941,3,6.479579,0.162434,47.8093,1
46.9222569735721, 14.8192,46.9728406742215, 17.7733,2,16.67867,2,12.71921,0.486518,47.4467,1
46.9411462740973, 18.1823,46.9892539735883, 18.0813,2,16.67927,3,10.30575,-0.944593,50.39,1
46.9566915743053, 17.6287,47.005459273234, 12.7555,2,16.67965,3,9.74005,1.116596,50.2966,1
46.9728406742215, 14.1348,47.0227532740682, 17.5151,2,16.67864,2,8.230266,0.430851,45.4277,1
46.9892539735883, 16.9046,47.0387511737645, 17.5455,2,16.67873,2,11.40068,-0.919165,48.8078,1
47.005459273234, 18.4196,47.0568650737405, 16.5948,2,16.67942,2,9.421793,-0.919255,49.4493,1
47.0227532740682, 16.8526,47.0718568740413, 14.9803,2,16.67949,2,10.6725,-0.473202,47.6263,1
47.0387511737645, 16.1871,47.088983274065, 18.8462,2,16.67929,2,10.43135,-0.75964,45.7543,1
47.0568650737405, 17.0052,47.105643174611, 18.4144,2,16.67942,3,11.27557,-0.890032,48.4143,1
47.0718568740413, 16.1449,47.122044374235, 13.0183,2,16.67921,3,10.91835,-0.472833,49.8146,1
47.088983274065, 14.9382,47.1392831737176, 20.3244,2,16.67852,2,10.3994,0.051492,46.6965,1
47.105643174611, 18.6256,47.1552741741762, 12.7401,2,16.67929,3,11.82764,0.158699,52.0795,1
47.122044374235, 16.5481,47.1728878738359, 17.531,2,16.67924,2,10.31943,-0.414194,46.1981,1
47.1392831737176, 16.3562,47.1889939745888, 17.8675,2,16.67911,2,12.63373,0.857542,47.174,1
47.1552741741762, 17.338,47.2056863745674, 18.3535,2,16.67937,3,12.02091,-0.238182,48.6934,1
47.1728878738359, 16.5274,47.2233371743932, 14.157,2,16.67931,3,8.067401,-0.514006,49.7091,1
47.1889939745888, 14.7609,47.2389364745468, 17.2744,2,16.67855,2,11.42119,0.438466,47.3391,1
47.2056863745674, 18.0327,47.2555922754109, 15.2048,2,16.67909,2,12.02816,-0.6268,49.8522,1
47.2233371743932, 16.9974,47.27284187451, 17.1584,2,16.67921,2,8.875382,0.277834,47.0241,1
47.2389364745468, 17.5063,47.2892472743988, 18.1492,2,16.67954,2,9.738606,-0.682667,47.1864,1
47.2555922754109, 16.3488,47.3079808745533, 18.8009,2,16.67941,3,12.03743,-0.511634,47.8293,1
47.27284187451, 16.5331,47.3229100741446, 13.243,2,16.67935,3,9.1628,-0.171993,50.2801,1
47.2892472743988, 14.8007,47.3388852737844, 17.4594,2,16.67861,2,10.89777,-1.43245,46.9916,1
47.3079808745533, 18.62,47.3563969731331, 19.2278,2,16.67938,2,11.53587,-0.876549,49.6511,1
47.3229100741446, 16.0895,47.3732215724885, 13.3931,2,16.67914,3,10.92923,-0.683145,50.2563,1
47.3388852737844, 16.5641,47.3897207733244, 19.6711,2,16.6791,2,12.15759,0.705891,47.5617,1
47.3563969731331, 17.1203,47.4068735726178, 14.1339,2,16.67927,3,11.91645,-0.211254,50.6664,1
47.3732215724885, 17.7006,47.4228532724082, 15.9887,2,16.67967,2,11.46495,-0.805961,47.6849,1
47.3897207733244, 14.2703,47.4398232717067, 18.2449,2,16.67873,2,12.77244,-0.716378,45.9732,1
47.4068735726178, 18.9023,47.4568060711026, 17.3248,2,16.6796,2,12.48891,-0.410496,49.9479,1
47.4228532724082, 16.6321,47.4724216712639, 13.7923,2,16.67958,2,9.237154,-0.498245,48.3706,1
47.4398232717067, 16.1723,47.4887328715995, 17.9918,2,16.67938,2,12.02106,-0.312606,45.5313,1
47.4568060711026, 17.1856,47.5068195713684, 18.2313,2,16.67958,2,12.61448,-0.359823,47.3512,1
47.4724216712639, 17.09,47.5227348720655, 14.2857,2,16.67974,2,10.9257,0.111775,48.3968,1
47.4887328715995, 15.118,47.53982057143, 18.8382,2,16.67913,2,10.56234,-0.184499,45.5931,1
47.5068195713684, 17.8183,47.5580951711163, 19.9821,2,16.67958,2,12.24561,-1.06814,49.3263,1
47.5227348720655, 17.5769,47.5729468706995, 11.4583,2,16.67993,3,10.33312,0.371219,51.495,1
47.53982057143, 15.5915,47.5897193700075, 16.8921,2,16.6795,2,10.34453,-0.659129,45.3763,1
47.5580951711163, 17.7004,47.605879470706, 17.8397,2,16.6799,2,11.6305,-0.072311,46.6769,1
47.5729468706995, 16.517,47.622767271474, 16.6558,2,16.67984,2,9.92114,1.87554,46.8169,1
47.5897193700075, 15.9065,47.6403712723404, 15.7946,2,16.67953,2,11.37438,1.244243,46.9514,1
47.605879470706, 14.7522,47.6566914729774, 18.0485,2,16.67878,2,11.42723,-0.959028,46.8359,1
47.622767271474, 17.7989,47.6733203735203, 18.3711,2,16.67922,3,10.79051,-0.117899,50.1417,1
47.6403712723404, 16.9557,47.6906630732119, 13.9988,2,16.67933,3,12.03096,-0.771745,50.7068,1
47.6566914729774, 14.9036,47.7086069732904, 19.4953,2,16.67863,2,8.296057,-0.341046,47.7573,1
47.6733203735203, 18.7614,47.723720873706, 15.5968,2,16.67945,3,6.984428,-0.438343,52.3492,1
47.6906630732119, 16.2357,47.7403392745182, 17.4305,2,16.67927,3,12.7986,-0.734844,49.1854,1
47.7086069732904, 16.8043,47.7566015748307, 13.4399,2,16.67932,3,11.85925,-0.483424,50.3799,1
47.723720873706, 15.0692,47.7727707745507, 18.0075,2,16.67869,2,10.80935,0.927665,47.0147,1
47.7403392745182, 18.0039,47.7903442746028, 18.8967,2,16.67921,2,10.15324,-0.454675,49.955,1
47.7566015748307, 17.0028,47.8064221749082, 12.7968,2,16.67934,3,12.23794,-0.427453,50.8482,1
47.7727707745507, 14.9861,47.8230521744117, 16.7229,2,16.67868,2,10.83412,-0.325954,46.6422,1
47.7903442746028, 18.2267,47.84179387521, 20.6566,2,16.67928,2,12.12463,-0.752683,48.379,1
47.8064221749082, 16.7879,47.8583199745044, 17.7921,2,16.67932,3,10.81388,-0.277821,50.8104,1
47.8230521744117, 16.9577,47.8738562744111, 12.4352,2,16.67943,3,10.58345,0.044386,51.8145,1
47.84179387521, 14.6746,47.8902114741504, 16.2049,2,16.67865,2,10.59815,-0.692488,47.2914,1
47.8583199745044, 18.4307,47.9060757737607, 17.2514,2,16.67933,2,12.15128,-0.246479,48.8227,1
47.8738562744111, 17.2694,47.9227162729949, 17.3274,2,16.67956,2,10.55702,-0.128729,47.6397,1
47.8902114741504, 16.3431,47.9417186733335, 17.1976,2,16.67943,2,12.15831,-0.499678,47.6993,1
47.9060757737607, 15.0128,47.9567684736103, 14.8909,2,16.67878,2,11.77969,-1.467703,48.5571,1
47.9227162729949, 16.6657,47.9731589742005, 18.0776,2,16.67878,2,10.74608,0.009313,48.4303,1
47.9417186733335, 18.5362,47.9920472744852, 20.6201,2,16.6795,2,12.09683,-0.664875,49.8481,1
47.9567684736103, 16.4593,48.00613147486, 10.5713,2,16.67941,3,10.26688,-1.314623,51.924,1
47.9731589742005, 15.1738,48.023398575373, 17.3196,2,16.67883,2,10.8409,-0.79114,46.0446,1
47.9920472744852, 18.4333,48.0413993755355, 19.4259,2,16.67951,2,13.29929,0.007493,48.1902,1
48.00613147486, 16.4361,48.0566605757922, 16.7884,2,16.67942,3,10.06627,-0.226062,49.1838,1
48.023398575373, 16.4517,48.0736692752689, 14.1336,2,16.67933,3,10.97592,-1.33565,49.5356,1
48.0413993755355, 15.9771,48.0901443753392, 16.7132,2,16.67905,2,12.97424,-0.602051,47.2183,1
48.0566605757922, 17.1064,48.1061041746289, 15.7107,2,16.67922,2,12.23491,-0.453882,47.9543,1
48.0736692752689, 15.9752,48.1228953748941, 18.052,2,16.67895,2,10.09576,-0.349645,46.559,1
48.0901443753392, 18.409,48.1402390748262, 19.2285,2,16.67962,2,9.95045,0.45686,48.6355,1
48.1061041746289, 15.7027,48.1568905748427, 13.4892,2,16.67924,3,13.11335,-0.624607,49.4567,1
48.1228953748941, 16.0598,48.1736642755568, 16.7316,2,16.679,2,12.30008,0.074437,47.2422,1
48.1402390748262, 15.9245,48.1902747750282, 18.2313,2,16.67871,2,10.48884,-0.511391,47.9148,1
48.1568905748427, 18.0453,48.2070602755994, 18.4218,2,16.67924,3,12.04744,-0.711339,50.2223,1
48.1736642755568, 16.6418,48.2230434753001, 12.5505,2,16.67922,3,11.32411,0.411993,50.5951,1
48.1902747750282, 15.2121,48.239949574694, 17.0163,2,16.67866,2,10.35316,1.007824,46.5051,1
48.2070602755994, 18.2565,48.2569376751781, 18.7681,2,16.67926,2,9.922891,-0.529745,48.3124,1
48.2230434753001, 16.6108,48.2737881746143, 18.577,2,16.67924,3,11.95134,-0.459613,48.8249,1
48.239949574694, 17.044,48.2902648746967, 13.1121,2,16.67938,3,10.60321,-0.082039,50.7905,1
48.2569376751781, 14.5484,48.3061659745872, 15.9514,2,16.67856,2,8.140576,-0.278473,46.8592,1
48.2737881746143, 16.6791,48.323883773759, 19.0737,2,16.67856,2,10.74844,0.148861,48.2617,1
48.2902648746967, 19.3726,48.3403677735478, 16.8192,2,16.6796,3,10.40851,-0.822009,50.6583,1
48.3061659745872, 15.9486,48.3591510728002, 18.1988,2,16.67931,3,11.92024,-0.692018,48.1054,1
48.323883773759, 15.1028,48.3738415725529, 13.3081,2,16.67871,3,11.47177,-1.120477,50.3561,1
48.3403677735478, 16.5895,48.3903443720192, 18.4328,2,16.67867,2,10.51164,-1.00661,48.5612,1
48.3591510728002, 18.3495,48.4091511722654, 18.3044,2,16.67932,3,9.787409,-0.046512,50.4052,1
48.3738415725529, 16.8481,48.4230024721473, 12.7588,2,16.67938,3,12.49572,0.31475,50.3599,1
48.3903443720192, 15.1356,48.4396300725639, 16.4504,2,16.67879,2,10.71928,-0.952079,46.2675,1
48.4091511722654, 18.0964,48.4568469729275, 19.3003,2,16.67933,2,10.91811,1.549992,47.5822,1
48.4230024721473, 16.8628,48.4748118724674, 18.0888,2,16.6794,2,12.75081,-1.496661,48.7902,1
48.4396300725639, 16.4822,48.4903320726007, 13.2774,2,16.67933,2,11.65785,-1.092371,50.0182,1
48.4568469729275, 15.5511,48.5073331724852, 16.9395,2,16.67889,2,9.764779,0.417975,46.8134,1
48.4748118724674, 20.6767,48.5236368719488, 18.5287,2,16.68043,2,11.05391,-0.575455,48.2026,1
48.4903320726007, 14.1709,48.5414964724332, 16.2885,2,16.67946,3,9.991361,-0.042885,46.0509,1
48.5073331724852, 17.5403,48.5567516721785, 14.671,2,16.67979,2,13.43707,-0.773586,48.162,1
48.5236368719488, 14.1854,48.5736838728189, 18.9298,2,16.67884,2,12.76982,-0.058519,45.3036,1
48.5414964724332, 18.1756,48.5907996725291, 18.6332,2,16.67941,3,8.157955,0.427747,50.0018,1
48.5567516721785, 20.006,48.6067956723273, 12.4764,2,16.68069,3,12.20578,-0.29679,50.5066,1
48.5736838728189, 11.7751,48.6239252723753, 17.0645,2,16.67881,2,9.909686,-0.492131,42.9769,1
48.5907996725291, 18.4009,48.6415852718055, 17.7922,2,16.67947,2,12.46002,-0.255772,48.2664,1
48.6067956723273, 16.515,48.6571064721793, 19.4237,2,16.67941,2,11.25785,0.014126,47.6573,1
48.6239252723753, 16.6082,48.6744521725923, 13.3306,2,16.67938,3,9.35049,-0.52563,50.5666,1
48.6415852718055, 17.1792,48.6915203724056, 17.1346,2,16.67957,2,8.589731,0.198014,47.2885,1
48.6571064721793, 14.6675,48.707979971543, 18.3762,2,16.6788,2,12.38837,-0.818426,47.2414,1
48.6744521725923, 18.8035,48.7254595719278, 19.0754,2,16.67961,3,10.33487,-0.451166,50.9546,1
48.6915203724056, 16.7475,48.7397933723405, 10.7178,2,16.67964,3,8.94113,0.1911,51.2227,1
48.707979971543, 14.9597,48.7585556721315, 18.7694,2,16.67898,2,12.22439,0.086224,45.1939,1
48.7254595719278, 18.5535,48.7735974723473, 16.822,2,16.6797,2,8.757426,-0.95855,49.0072,1
48.7397933723405, 17.1098,48.7896089730784, 16.432,2,16.67986,2,12.49447,-0.440024,47.2755,1
48.7585556721315, 16.9719,48.8085428727791, 16.7321,2,16.67997,2,12.1259,-0.056007,46.5983,1
48.7735974723473, 15.2359,48.8232320724055, 14.8658,2,16.67942,2,10.00158,-0.704078,46.3592,1
48.7896089730784, 16.3417,48.8403807720169, 18.7741,2,16.67929,2,8.34125,-0.245847,45.9891,1
48.8085428727791, 18.1138,48.8569372715428, 14.6627,2,16.67984,2,12.64052,-0.742447,48.4215,1
48.8232320724055, 16.6399,48.8739218721166, 17.1711,2,16.67982,2,10.48801,-0.751771,44.9716,1
48.8403807720169, 17.1117,48.8917436720803, 19.5705,2,16.67999,2,11.64198,-0.031775,45.5035,1
48.8569372715428, 16.4416,48.9069827720523, 15.411,2,16.6799,2,12.37285,0.482833,47.9467,1
48.8739218721166, 16.496,48.9238977711648, 15.07,2,16.67983,2,10.71305,0.46428,46.9281,1
48.8917436720803, 15.3901,48.9417170714587, 19.8764,2,16.67934,2,12.46267,1.579727,45.5061,1
48.9069827720523, 18.4416,48.957205071114, 15.3548,2,16.68001,3,12.35347,-0.187771,49.9929,1
48.9238977711648, 15.3477,48.9736991720274, 14.5411,2,16.6795,2,10.07647,-0.373614,46.9067,1
48.9417170714587, 14.9021,48.9913439722732, 20.79,2,16.67883,2,7.99592,0.019143,46.0951,1
48.957205071114, 18.7633,49.0070193717256, 12.6244,2,16.67962,3,11.27457,-0.179561,51.9878,1
48.9736991720274, 16.1558,49.0255869710818, 18.3955,2,16.67942,2,8.478471,0.378823,45.8499,1
48.9913439722732, 15.2126,49.0406715711579, 17.2769,2,16.67886,2,8.275714,-0.084342,48.0858,1
49.0070193717256, 18.4446,49.0582444714382, 19.4028,2,16.67953,3,12.00716,-0.03604,50.1544,1
49.0255869710818, 18.3257,49.0739031722769, 11.6311,2,16.68015,3,9.328261,-0.183685,51.106,1
49.0406715711579, 12.9381,49.0915460726246, 19.8243,2,16.67874,2,10.04248,0.09997,44.4177,1
49.0582444714382, 18.5062,49.1080843722448, 17.7481,2,16.67943,3,11.26424,-0.26984,51.3048,1
49.0739031722769, 16.7103,49.1249016718939, 13.2516,2,16.67944,3,11.51974,-0.243597,50.5478,1
49.0915460726246, 14.8307,49.1414294717833, 18.8509,2,16.67874,2,9.949585,-0.200989,47.0892,1
49.1080843722448, 18.1793,49.158367571421, 18.3802,2,16.67931,2,9.67873,0.206719,51.1087,1
49.1249016718939, 17.9573,49.1743150716648, 12.3197,2,16.67979,3,11.67484,0.255469,51.2953,1
49.1414294717833, 16.0704,49.1906893709674, 16.4454,2,16.67956,2,10.3985,-0.045281,45.6736,1
49.158367571421, 16.2744,49.2077173711732, 19.0841,2,16.67941,2,8.417889,-0.353433,46.0451,1
49.1743150716648, 16.4363,49.2235936718062, 15.2158,2,16.67932,3,12.01438,0.133349,48.8585,1
49.1906893709674, 16.8397,49.2414120724425, 16.3086,2,16.67938,2,9.316231,-0.121506,47.6298,1
49.2077173711732, 14.7779,49.2573247728869, 17.8175,2,16.67866,2,9.813881,0.08522,47.1082,1
49.2235936718062, 19.246,49.2740018730983, 16.6744,2,16.67963,2,11.48313,0.026416,50.1478,1
49.2414120724425, 16.286,49.2916001724079, 15.7315,2,16.67948,2,10.02145,-0.977308,47.5729,1
49.2573247728869, 15.5019,49.3074355730787, 15.7053,2,16.67904,2,11.53221,0.612698,47.0189,1
49.2740018730983, 18.0056,49.3248980725184, 19.701,2,16.67954,2,11.61408,-0.040427,47.189,1
49.2916001724079, 16.8498,49.3416668726131, 17.7321,2,16.6796,2,9.631684,-0.58862,48.9224,1
49.3074355730787, 15.9616,49.3583851726726, 13.4468,2,16.67933,3,9.737508,-0.242195,49.8048,1
49.3248980725184, 16.9584,49.3746628733352, 18.1225,2,16.67944,2,12.7099,-0.255232,47.29,1
49.3416668726131, 16.1814,49.3907651724294, 15.7935,2,16.67925,2,9.316627,-0.545607,48.4506,1
49.3583851726726, 17.6062,49.4077954730019, 15.6856,2,16.6796,2,11.76582,-0.162582,48.0623,1
49.3746628733352, 14.8168,49.4256885731593, 17.7513,2,16.6789,2,12.34999,-0.07205,46.142,1
49.3907651724294, 19.1136,49.4416766734794, 17.7559,2,16.67981,2,10.11093,-0.653324,49.0816,1
49.4077954730019, 15.5907,49.4585793735459, 17.0744,2,16.6794,2,8.631107,-0.594798,47.7244,1
49.4256885731593, 16.9439,49.4747289726511, 14.2445,2,16.6795,2,12.14098,0.03581,49.2081,1
49.4416766734794, 15.8841,49.4914331724867, 18.112,2,16.6792,2,11.82675,-0.542406,46.5091,1
49.4585793735459, 19.3007,49.5077386731282, 16.9102,2,16.68019,2,8.751224,-0.65924,48.7275,1
49.4747289726511, 16.2442,49.5255316728726, 17.9604,2,16.68002,2,12.3207,-0.436494,46.3465,1
49.4914331724867, 15.1963,49.5416298722848, 14.0899,2,16.67947,2,10.55069,0.735803,48.0629,1
49.5077386731282, 16.6935,49.5582301719114, 16.5358,2,16.67947,2,11.80021,-0.282356,46.9573,1
49.5255316728726, 18.366,49.5740850726143, 17.5021,2,16.6801,2,12.09124,-0.106131,46.8002,1
49.5416298722848, 16.1369,49.5917423730716, 17.5743,2,16.6799,2,10.74239,0.223199,45.9359,1
49.5582301719114, 17.0852,49.6077952729538, 14.3227,2,16.68005,2,12.0393,-0.894371,47.3743,1
49.5740850726143, 14.8844,49.6248122723773, 16.9582,2,16.67938,2,11.08696,-0.65383,44.6121,1
49.5917423730716, 19.0343,49.6417241720483, 18.8546,2,16.68026,2,10.03493,-0.762136,46.6911,1
49.6077952729538, 15.8658,49.6589627722278, 18.7458,2,16.67996,2,8.416801,-0.52822,46.5113,1
49.6248122723773, 16.6751,49.6744964718819, 12.2162,2,16.67995,3,11.64437,-0.141057,49.3916,1
49.6417241720483, 15.5246,49.6906691715121, 17.821,2,16.67952,2,10.78193,0.74398,44.9336,1
49.6589627722278, 15.9999,49.7087241709232, 18.5032,2,16.67927,2,10.90954,-0.356382,47.2302,1
49.6744964718819, 17.2646,49.7256428711116, 18.3171,2,16.67949,3,12.53492,-1.593944,49.7341,1
49.6906691715121, 14.2361,49.7413005717099, 12.2721,2,16.67858,3,12.22276,-0.856048,50.7871,1
49.7087241709232, 16.9701,49.7589785717428, 19.3973,2,16.67868,2,10.00802,-0.625621,48.823,1
49.7256428711116, 18.631,49.7745829718187, 15.457,2,16.67941,3,8.290982,-0.166768,51.2503,1
49.7413005717099, 17.8081,49.7916094725952, 15.431,2,16.67983,2,11.94904,0.634188,48.0767,1
49.7589785717428, 14.6072,49.8076729727909, 16.0774,2,16.67906,2,11.93125,-0.443189,45.6998,1
49.7745829718187, 19.3163,49.8246094724163, 16.7597,2,16.68004,2,10.89372,-0.095366,47.1698,1
49.7916094725952, 15.5385,49.8412966718897, 18.3592,2,16.67962,2,10.43657,-0.809803,44.6141,1
49.8076729727909, 16.8854,49.857948471792, 15.0211,2,16.67969,2,12.00571,-0.31944,47.4356,1
49.8246094724163, 16.7353,49.8746938714758, 16.6684,2,16.67971,2,7.639389,-0.404929,45.5714,1
49.8412966718897, 17.1006,49.8911855714396, 18.2752,2,16.67987,2,12.00467,0.613267,45.5012,1
49.857948471792, 16.5636,49.9081670707092, 16.9758,2,16.67983,2,8.922803,-0.877327,46.6798,1
49.8746938714758, 16.285,49.9249464711174, 15.2322,2,16.67968,2,10.61674,-0.705221,47.0923,1
49.8911855714396, 15.1305,49.9419835703447, 17.0477,2,16.67911,2,12.09563,0.211464,46.0389,1
49.9081670707092, 19.298,49.9583228705451, 18.298,2,16.68008,2,10.42753,-0.279252,47.9576,1
49.9249464711174, 15.9325,49.9749347707257, 18.1228,2,16.6798,2,6.969127,0.60042,46.9582,1
49.9419835703447, 17.3778,49.9916482707486, 13.3803,2,16.68006,3,12.70542,-0.919708,49.1483,1
49.9583228705451, 13.6759,50.0078875711188, 16.0662,2,16.67895,2,12.40764,-0.318241,45.1517,1
49.9749347707257, 16.0118,50.0248367702588, 18.9114,2,16.6787,2,9.307152,0.872424,47.5425,1
49.9916482707486, 18.3245,50.0417044693604, 18.6289,2,16.67931,3,7.45798,-0.602915,50.4427,1
50.0078875711188, 17.9823,50.0584504688159, 12.9825,2,16.67979,3,10.95901,1.308346,50.7468,1
50.0248367702588, 13.8074,50.0757656684145, 17.1961,2,16.67873,2,12.41214,-0.576672,45.7431,1
50.0417044693604, 18.3375,50.090868068859, 17.0167,2,16.67934,2,11.02788,0.169491,49.1363,1
50.0584504688159, 16.7696,50.109146669507, 19.522,2,16.67937,2,7.281015,-1.293218,47.8164,1
50.0757656684145, 17.4955,50.1250355690718, 12.9381,2,16.67968,3,12.32435,0.129674,50.5688,1
50.090868068859, 15.1414,50.1433791685849, 20.0329,2,16.67911,2,10.25917,-0.418419,46.0021,1
50.109146669507, 15.8555,50.1585457688197, 14.9799,2,16.6788,2,10.60721,-0.405192,50.9001,1
50.1250355690718, 18.0219,50.1751007689163, 16.7191,2,16.6793,3,9.624118,-0.411007,50.0276,1
50.1433791685849, 17.031,50.1925301691517, 15.6182,2,16.67943,2,13.02703,-0.076835,48.7263,1
50.1585457688197, 14.9114,50.2083624685183, 16.0345,2,16.67878,2,11.53672,-0.490114,47.3095,1
50.1751007689163, 19.0742,50.2250970685855, 18.4651,2,16.67966,2,10.02099,-0.780066,48.4369,1
50.1925301691517, 16.9977,50.2418890679255, 18.9818,2,16.67978,2,11.91541,-0.006417,47.8249,1
50.2083624685183, 15.6587,50.2586002675816, 12.661,2,16.6794,3,12.07123,-0.40838,49.8129,1
50.2250970685855, 15.5045,50.2756207669154, 17.885,2,16.67897,2,9.917214,0.125006,46.8162,1
50.2418890679255, 16.912,50.2916082674637, 17.4617,2,16.67905,2,11.69867,-0.744018,49.1963,1
50.2586002675816, 17.7487,50.3090894678608, 17.0597,2,16.67945,2,12.51012,0.169595,49.7459,1
50.2756207669154, 16.9527,50.3252074671909, 15.9794,2,16.67955,3,10.00478,-0.304505,49.0588,1
50.2916082674637, 15.3429,50.3417238676921, 14.7087,2,16.67906,2,10.13779,0.145695,48.0706,1
50.3090894678608, 16.4665,50.3599434671924, 18.2392,2,16.67898,2,11.77642,-0.436128,47.4514,1
50.3252074671909, 17.6108,50.3745931675658, 16.2514,2,16.67932,2,12.3581,0.389654,49.2238,1
50.3417238676921, 17.1397,50.3924521682784, 16.2718,2,16.67949,2,9.694505,0.04659,47.865,1
50.3599434671924, 17.1336,50.4078250685707, 15.4497,2,16.67966,2,10.4143,-1.384757,46.9973,1
50.3745931675658, 16.7866,50.4252597680315, 19.119,2,16.6797,2,11.58403,1.493305,45.3131,1
50.3924521682784, 16.1615,50.4419207675382, 17.0753,2,16.67951,2,12.15815,-0.315439,47.6425,1
50.4078250685707, 16.5219,50.4586750669405, 14.7052,2,16.67945,2,9.47201,-0.753783,48.5602,1
50.4252597680315, 15.0419,50.4768062671646, 18.0475,2,16.67885,2,9.842657,0.360593,46.7443,1
50.4419207675382, 18.6104,50.4916187673807, 16.5157,2,16.67956,2,13.0702,-0.675047,49.7507,1
50.4586750669405, 16.7042,50.5082983672619, 15.0553,2,16.67957,2,8.390739,-0.593971,47.656,1
50.4768062671646, 17.2638,50.5253976676613, 17.0378,2,16.67978,2,9.928383,-0.358413,46.0079,1
50.4916187673807, 15.5788,50.5430691670626, 19.3119,2,16.67938,2,12.39471,-0.91145,45.7825,1
50.5082983672619, 17.6056,50.558864267543, 16.0561,2,16.67972,3,9.320247,-1.039486,49.516,1
50.5253976676613, 17.0469,50.5763895679265, 15.4374,2,16.67985,2,10.78587,-0.723686,47.967,1
50.5430691670626, 14.3496,50.5926481671631, 16.1975,2,16.679,2,12.22281,-0.179707,46.3539,1
50.558864267543, 19.8029,50.6076749674976, 16.858,2,16.68014,2,10.53995,-1.174141,48.2059,1
50.5763895679265, 15.694,50.6251006666571, 15.8863,2,16.67978,2,10.82549,0.35661,45.2618,1
50.5926481671631, 16.5025,50.6421841662377, 17.1459,2,16.67971,2,12.65769,-1.143022,45.4545,1
50.6076749674976, 16.4509,50.6588554661721, 18.3368,2,16.67963,2,12.58621,0.058865,46.0981,1
50.6251006666571, 15.7379,50.6765537653118, 17.8219,2,16.67929,3,9.929141,-0.502058,47.9851,1
50.6421841662377, 16.159,50.6937824655324, 15.5062,2,16.6791,3,11.19149,-0.401121,50.0606,1
50.6588554661721, 15.2722,50.7105268649757, 18.613,2,16.67858,2,11.39432,-0.465263,49.4164,1
50.6765537653118, 16.5773,50.7266117651016, 15.8692,2,16.67855,2,11.52794,-1.275121,52.7575,1
50.6937824655324, 19.3892,50.7422808650881, 15.4805,2,16.67953,3,11.76516,0.598521,52.0503,1
50.7105268649757, 16.7985,50.759141664952, 18.5562,2,16.67958,3,12.29382,0.630201,48.1414,1
50.7266117651016, 14.0199,50.7759232651442, 13.2127,2,16.67861,3,10.35226,-1.322219,49.8995,1
50.7422808650881, 17.0792,50.7930027656257, 18.8671,2,16.67875,2,8.916221,-0.315602,49.0881,1
50.759141664952, 17.8681,50.8082940652966, 15.2872,2,16.67919,3,13.09458,-0.033009,50.8797,1
50.7759232651442, 17.9576,50.8261003661901, 19.851,2,16.67965,2,8.213899,-0.520761,48.2957,1
50.7930027656257, 14.5183,50.8438115660101, 14.055,2,16.67887,3,10.99932,0.685887,50.1942,1
50.8082940652966, 16.7559,50.8589418660849, 15.2039,2,16.6789,2,13.1486,-0.802556,49.7305,1
50.8261003661901, 16.204,50.8770595658571, 20.008,2,16.67872,2,10.38581,-0.293999,48.1599,1
50.8438115660101, 19.4194,50.8918845662847, 14.5051,2,16.67972,3,8.567361,0.847803,51.9838,1
50.8589418660849, 16.7518,50.9085193658248, 16.8939,2,16.67974,2,12.32521,-0.407747,47.069,1
50.8770595658571, 14.9548,50.925746765919, 15.3878,2,16.67912,2,9.218256,-0.448697,47.2083,1
50.8918845662847, 17.0935,50.9427605653182, 17.0913,2,16.67927,2,10.5168,-0.404827,47.6454,1
50.9085193658248, 18.3865,50.9595721652731, 18.4061,2,16.67989,2,12.0587,-0.942878,47.6433,1
50.925746765919, 16.4992,50.9757498661056, 16.2971,2,16.67982,2,9.190547,0.786889,47.6637,1
50.9427605653182, 17.345,50.9926704661921, 17.1485,2,16.68007,2,10.4828,-0.460602,47.4623,1
50.9595721652731, 14.2255,51.0091698663309, 14.3974,2,16.67917,2,12.28683,1.149207,47.2625,1
50.9757498661056, 17.2896,51.0275151664391, 20.0416,2,16.6794,2,10.47658,-0.859341,47.438,1
50.9926704661921, 17.4395,51.0419639665633, 12.8162,2,16.67967,3,10.49341,-0.503789,50.1901,1
51.0091698663309, 17.2677,51.059092566371, 18.999,2,16.67988,2,7.433002,-0.767672,45.5662,1
51.0275151664391, 15.1099,51.0758325662464, 18.214,2,16.67932,3,12.15489,-0.303855,47.2911,1
51.0419639665633, 16.6106,51.0931422654539, 13.9267,2,16.67929,3,7.225941,-0.631802,50.4002,1
51.059092566371, 14.9765,51.1092155650258, 16.1867,2,16.67867,2,12.65689,-0.820117,47.7188,1
51.0758325662464, 18.3002,51.1265081651509, 17.0674,2,16.67926,2,10.48227,-0.571682,48.9301,1
51.0931422654539, 16.9285,51.1429039649665, 19.7221,2,16.67935,2,12.54016,-0.509849,47.6974,1
51.1092155650258, 16.5862,51.1599013656378, 16.5276,2,16.67932,3,11.7991,-0.976171,50.4922,1
51.1265081651509, 16.6641,51.1761587653309, 14.121,2,16.67931,3,12.41472,-0.280111,50.4256,1
51.1429039649665, 16.3891,51.193025264889, 16.2361,2,16.67921,2,11.16678,-0.6455,47.8896,1
51.1599013656378, 17.1645,51.2101106643677, 18.9455,2,16.67938,2,10.32695,-0.933667,47.7381,1
51.1761587653309, 16.3353,51.2264567650855, 17.5093,2,16.67926,3,12.31647,0.933414,49.5199,1
51.193025264889, 17.6266,51.2421468645334, 12.7647,2,16.6796,3,12.79701,-0.662654,50.6941,1
51.2101106643677, 14.3164,51.2597628645599, 17.4524,2,16.67875,2,9.918,-0.167822,45.8314,1
51.2264567650855, 17.7539,51.2758034653962, 17.9585,2,16.67913,2,12.48957,-0.402728,48.9681,1
51.2421468645334, 17.7534,51.2932617645711, 17.1546,2,16.67952,2,10.47609,0.300399,49.1692,1
51.2597628645599, 17.0317,51.3097626641393, 17.7982,2,16.67965,2,9.196254,0.05678,48.575,1
51.2758034653962, 14.4343,51.3256886638701, 13.0737,2,16.67884,3,10.30672,-0.322339,49.3418,1
51.2932617645711, 18.2673,51.343107463792, 17.3444,2,16.67941,2,11.91103,0.296501,47.9815,1
51.3097626641393, 16.3236,51.3588004633784, 17.5356,2,16.67928,2,10.0693,0.612121,47.0591,1
51.3256886638701, 18.1929,51.376864163205, 17.7249,2,16.67983,2,8.23192,-0.106759,48.2705,1
51.343107463792, 15.7709,51.3916885629296, 14.9656,2,16.6795,2,11.49624,0.257341,47.7993,1
51.3588004633784, 15.9278,51.4088783636689, 15.7261,2,16.67923,2,10.1715,-0.388773,46.9984,1
51.376864163205, 16.2537,51.4269904643297, 17.9641,2,16.67908,2,8.053979,-1.045187,46.7966,1
51.3916885629296, 17.965,51.4428358636796, 17.6001,2,16.67954,2,11.18356,0.009307,48.508,1
51.4088783636689, 16.2995,51.4593063630164, 14.9129,2,16.6794,2,11.77086,-0.514094,48.1394,1
51.4269904643297, 17.881,51.4768450632691, 17.3343,2,16.67984,2,9.470873,-0.925748,46.7561,1
51.4428358636796, 15.9175,51.4928478635848, 17.6851,2,16.67956,2,10.70709,-0.246981,46.2109,1
51.4593063630164, 16.8169,51.5096675641835, 18.7886,2,16.67961,2,12.71589,-0.88076,47.9748,1
51.4768450632691, 16.9886,51.5262647643685, 12.9527,2,16.67972,3,10.27039,-0.969236,49.9468,1
51.4928478635848, 14.3299,51.543847264722, 17.5627,2,16.67888,2,10.33445,0.170248,45.9144,1
51.5096675641835, 16.8543,51.5611565653235, 19.3542,2,16.67894,2,12.54408,0.127669,49.1492,1
51.5262647643685, 18.3271,51.5778856649995, 14.7655,2,16.67953,3,11.64636,-0.107185,51.6493,1
51.543847264722, 16.9505,51.5932716652751, 15.4237,2,16.67963,2,10.49774,-0.800039,48.088,1
51.5611565653235, 14.9342,51.6100160647184, 16.6102,2,16.679,2,11.02055,-0.268143,46.5541,1
51.5778856649995, 17.8165,51.6259773653001, 17.7134,2,16.67941,2,11.51183,-0.92955,48.2379,1
51.5932716652751, 17.6886,51.6434646658599, 17.9788,2,16.67977,2,9.840085,-0.499467,48.1307,1
51.6100160647184, 15.9501,51.6615544650704, 17.4719,2,16.67951,3,9.988239,0.24958,48.4257,1
51.6259773653001, 15.5141,51.6762476647273, 13.2028,2,16.6791,3,12.32624,-0.507736,49.9479,1
51.6434646658599, 16.184,51.6933233654127, 18.8083,2,16.67892,2,11.87365,-0.957964,47.6321,1
51.6615544650704, 17.5417,51.7136708656326, 19.9897,2,16.67923,3,10.72357,0.308554,50.2608,1
51.6762476647273, 17.0538,51.7265321658924, 11.4979,2,16.67936,3,12.05952,0.433507,52.7049,1
51.6933233654127, 14.9703,51.742931666784, 16.1933,2,16.67875,2,11.51654,-0.714298,47.1538,1
51.7136708656326, 17.9357,51.7598625672981, 18.9982,2,16.6792,2,10.34716,-0.109403,48.3774,1
51.7265321658924, 18.1355,51.7772679673508, 18.9602,2,16.67972,3,12.68715,-0.921282,49.4362,1
51.742931666784, 15.8537,51.7929192679003, 12.1929,2,16.67942,3,11.26759,-0.143803,50.2626,1
51.7598625672981, 15.037,51.8101988686249, 17.1577,2,16.67884,2,9.556898,-0.38001,46.6047,1
51.7772679673508, 16.6151,51.8261734684929, 17.8436,2,16.67882,2,10.3,-0.368651,48.726,1
51.7929192679003, 18.486,51.8430842692032, 16.8888,2,16.67946,3,11.74648,-0.598485,49.955,1
51.8101988686249, 16.3438,51.8597066691145, 14.9956,2,16.67934,2,10.6872,-0.028998,48.3582,1
51.8261734684929, 14.8489,51.8775568688288, 17.7782,2,16.67869,2,10.24591,0.506531,47.0094,1
51.8430842692032, 19.0581,51.8940152684227, 18.5381,2,16.67954,2,12.03225,-0.05294,49.9342,1
51.8597066691145, 16.7716,51.9118422688916, 18.9295,2,16.67957,3,12.32638,-0.309777,49.4191,1
51.8775568688288, 17.1287,51.9259431688115, 11.0501,2,16.67973,3,10.4477,-0.711704,51.5738,1
51.8940152684227, 14.8264,51.9429826689884, 18.9855,2,16.67907,2,8.482869,-0.212031,45.5004,1
51.9118422688916, 17.9817,51.9613078692928, 20.1717,2,16.67953,2,11.15684,-0.788149,49.659,1
51.9259431688115, 17.2154,51.9761029696092, 10.7447,2,16.67972,3,10.06238,0.615264,51.8489,1
51.9429826689884, 14.7566,51.9935920694843, 17.6748,2,16.67904,2,8.661304,-1.097427,45.3792,1
51.9613078692928, 18.8611,52.0098585700616, 17.9307,2,16.67981,2,12.58733,-0.657148,48.2984,1
51.9761029696092, 16.1239,52.0275462707505, 19.8599,2,16.67962,2,11.74325,-0.670067,47.3687,1
51.9935920694843, 16.962,52.0435956707224, 12.0765,2,16.67972,3,10.86724,-0.914757,51.1045,1
52.0098585700616, 14.6329,52.0600646706298, 16.4187,2,16.67899,2,10.97423,-0.519747,46.2199,1
52.0275462707505, 16.3232,52.0769350705668, 18.9865,2,16.67887,2,12.65105,-1.071257,48.0061,1
52.0435956707224, 18.5258,52.0952043710276, 18.1079,2,16.67952,3,10.50257,-0.210767,50.6694,1
52.0600646706298, 16.4729,52.1104038711637, 13.2304,2,16.67945,3,8.766457,-0.715138,50.2519,1
52.0769350705668, 14.7239,52.1261455714703, 15.9925,2,16.67875,2,12.42895,-0.71439,47.0085,1
52.0952043710276, 18.2818,52.1446770709008, 20.3598,2,16.67932,2,8.785057,0.296823,48.2786,1
52.1104038711637, 17.9629,52.1603510715067, 16.0613,2,16.67978,3,12.72397,-0.804764,50.3566,1
52.1261455714703, 15.7783,52.1792827714235, 18.4036,2,16.67946,3,11.87334,-0.835677,48.4547,1
52.1446770709008, 14.5094,52.1934208711609, 12.5304,2,16.67869,3,10.68619,-0.261017,51.081,1
52.1603510715067, 16.998,52.2096497705206, 17.9383,2,16.6788,2,9.012677,-0.566026,49.1013,1
52.1792827714235, 18.7114,52.2275723712519, 19.8504,2,16.67952,2,11.54206,-0.262736,50.0386,1
52.1934208711609, 17.1936,52.243774571456, 12.1327,2,16.6797,3,10.93688,-0.286812,51.1819,1
52.2096497705206, 14.3156,52.2605533720925, 16.9936,2,16.67887,2,12.41622,-0.968488,46.1219,1
52.2275723712519, 18.8958,52.2759958719835, 15.2783,2,16.67965,2,11.93803,-0.176431,48.8001,1
52.243774571456, 16.2103,52.2936456715688, 21.3229,2,16.67948,2,10.46944,-0.099603,45.1829,1
52.2605533720925, 16.8919,52.3097546724603, 12.5006,2,16.67956,3,8.365012,-0.175475,50.2961,1
52.2759958719835, 16.4837,52.3267495715991, 17.0048,2,16.67949,2,11.79879,0.312299,45.905,1
52.2936456715688, 16.63,52.3448690706864, 18.3132,2,16.67947,2,11.02133,-0.397127,46.4267,1
52.3097546724603, 16.6196,52.3605254711583, 18.025,2,16.67945,2,8.473303,-0.076128,48.1097,1
52.3267495715991, 16.493,52.3768435707316, 17.6186,2,16.67939,3,11.76688,0.14339,49.5084,1
52.3448690706864, 17.0953,52.3938763709739, 13.3897,2,16.67953,3,8.769901,-0.829292,50.6413,1
52.3605254711583, 15.2617,52.4106059717014, 19.2562,2,16.67903,2,11.30293,-1.206073,46.9322,1
52.3768435707316, 18.2642,52.4272097712383, 16.1384,2,16.67959,3,12.00743,0.128984,50.9313,1
52.3938763709739, 16.8501,52.4436290720478, 16.6555,2,16.67965,3,10.44561,-0.632545,48.8038,1
52.4106059717014, 15.7309,52.4623605711386, 16.4598,2,16.67932,3,9.809092,-0.220721,48.6095,1
52.4272097712383, 15.3695,52.4764768714085, 14.0193,2,16.67886,2,12.69967,1.364451,49.3395,1
52.4436290720478, 17.0627,52.4936727723107, 18.716,2,16.67899,2,11.37872,-0.459951,47.9908,1
52.4623605711386, 18.8484,52.5099980728701, 16.531,2,16.67975,2,9.805345,-0.378153,49.6445,1
52.4764768714085, 15.9852,52.5267449719831, 14.8372,2,16.67951,2,12.20932,-0.886391,47.3271,1
52.4936727723107, 16.4665,52.5445761727169, 17.982,2,16.67944,2,10.05415,-0.717326,46.18,1
52.5099980728701, 18.3475,52.561694172211, 16.9385,2,16.68002,2,6.753951,0.248094,47.6958,1
52.5267449719831, 15.4329,52.575793672353, 15.7992,2,16.67958,2,11.97495,-0.134025,46.2873,1
52.5445761727169, 17.9995,52.5935191716999, 17.9423,2,16.68005,2,11.76209,-0.143558,46.6534,1
52.561694172211, 16.959,52.6096856724471, 14.3088,2,16.68014,2,10.60633,0.516495,46.5335,1
52.575793672353, 13.6425,52.6268462724984, 17.2715,2,16.67908,2,9.215806,1.770348,43.9474,1
52.5935191716999, 18.44,52.644593372941, 17.6233,2,16.6797,2,11.49932,0.240326,47.5337,1
52.6096856724471, 15.8784,52.6606224738061, 19.2595,2,16.67942,2,10.14636,0.115132,46.7605,1
52.6268462724984, 16.6932,52.6768867745996, 12.9616,2,16.67942,3,8.450705,-0.291679,50.1416,1
52.644593372941, 18.1099,52.6946077737957, 17.6875,2,16.67992,2,11.12115,-0.83529,46.4109,1
52.6606224738061, 15.2174,52.7095950739458, 15.0635,2,16.67941,2,8.321474,0.062273,45.9809,1
52.6768867745996, 16.6166,52.7280086735263, 18.426,2,16.67939,2,9.402568,-0.503007,45.834,1
52.6946077737957, 17.5579,52.7441356731579, 18.2372,2,16.6797,2,8.655479,-0.569587,47.6452,1
52.7095950739458, 16.2789,52.7626132732257, 16.3525,2,16.67955,2,11.89399,1.473291,48.3201,1
52.7280086735263, 17.8792,52.7771744728088, 14.5041,2,16.67997,2,10.56713,1.293141,48.3987,1
52.7441356731579, 16.1611,52.7948234733194, 18.0088,2,16.67979,2,8.352507,0.229909,45.0233,1
52.7626132732257, 17.1876,52.8114188741893, 18.3737,2,16.67997,2,12.23239,-0.110423,46.8716,1
52.7771744728088, 14.7219,52.8273287750781, 17.3919,2,16.67929,3,12.19091,-0.866285,48.0459,1
52.7948234733194, 16.8724,52.843582674861, 12.7194,2,16.67935,3,8.214559,-0.973416,50.7281,1
52.8114188741893, 15.0148,52.8597062751651, 16.0594,2,16.67877,2,7.102391,-0.343599,46.5686,1
52.8273287750781, 18.5782,52.8774506747723, 17.6835,2,16.67944,2,11.34892,-0.287577,47.6208,1
52.843582674861, 16.4864,52.894441075623, 18.6676,2,16.67937,2,11.82568,-0.562777,46.7251,1
52.8597062751651, 16.5177,52.9120087753981, 19.6988,2,16.67931,3,11.24592,1.645609,48.908,1
52.8774506747723, 17.6672,52.9276487752795, 11.9738,2,16.67966,3,10.6038,-0.895101,52.0894,1
52.894441075623, 13.9614,52.9435356743634, 15.7679,2,16.67871,2,10.08768,-0.300211,46.3925,1
52.9120087753981, 18.7315,52.9597754739225, 16.3079,2,16.67942,2,11.87428,1.004873,48.2038,1
52.9276487752795, 17.1389,52.9784502740949, 21.8004,2,16.67958,2,10.47829,-0.417982,45.7759,1
52.9435356743634, 16.0626,52.9940950740129, 12.4064,2,16.67937,3,6.538001,-0.152303,50.4423,1
52.9597754739225, 17.2869,53.0117170736194, 17.8895,2,16.67958,2,12.64891,-0.360224,46.7866,1
52.9784502740949, 16.2735,53.0275810733438, 17.5662,2,16.67944,2,12.00853,-1.064772,47.3897,1
52.9940950740129, 16.8433,53.044419772923, 17.2191,2,16.6795,3,9.259982,-0.91129,48.682,1
53.0117170736194, 17.2237,53.06244517304, 17.3866,2,16.67969,3,9.151203,-0.25903,49.0586,1
53.0275810733438, 14.2553,53.0776059729978, 13.5274,2,16.67884,2,11.69582,-0.298539,49.2218,1
53.044419772923, 16.7085,53.0945450728759, 18.6058,2,16.67885,2,11.66257,-0.202648,48.4943,1
53.06244517304, 18.3034,53.111786772497, 17.4634,2,16.67942,3,12.63349,-0.272185,50.3821,1
53.0776059729978, 17.0139,53.1272123726085, 15.9575,2,16.67953,3,11.26243,-0.179541,49.5523,1
53.0945450728759, 14.8757,53.1443890733644, 14.7797,2,16.67891,2,8.713939,-0.837306,48.4775,1
53.111786772497, 16.516,53.1610162733123, 16.5273,2,16.67885,2,11.90245,-0.679171,48.4001,1
53.1272123726085, 18.7505,53.1777895735577, 18.7556,2,16.67957,2,11.85069,-0.37091,48.403,1
53.1443890733644, 16.6319,53.1969559742138, 18.7412,2,16.67955,2,10.29864,-0.151167,48.4178,1
53.1610162733123, 17.0939,53.2116293739527, 13.3243,2,16.6797,3,8.558106,-0.400525,50.5275,1
53.1777895735577, 15.1317,53.2286353744566, 16.9706,2,16.67916,2,12.68807,-1.154383,46.7581,1
53.1969559742138, 17.495,53.2447970751673, 17.6666,2,16.67944,2,12.35111,-0.148479,48.5972,1
53.2116293739527, 17.6138,53.2611446753144, 18.3781,2,16.67977,2,10.26287,-0.342786,48.7684,1
53.2286353744566, 16.2715,53.2785521745682, 14.9297,2,16.67962,3,8.366925,-0.295259,49.5337,1
53.2447970751673, 15.7106,53.2945025749505, 14.8122,2,16.67929,2,11.93278,-0.208675,48.1917,1
53.2611446753144, 15.9951,53.311717575416, 19.0593,2,16.67905,2,12.66048,-0.400191,47.294,1
53.2785521745682, 18.634,53.3276032749563, 15.658,2,16.67973,2,10.26819,0.049222,50.3586,1
53.2945025749505, 17.3852,53.3479261752218, 20.279,2,16.67997,2,10.12856,-1.08321,47.3832,1
53.311717575416, 14.4814,53.3613121751696, 11.9355,2,16.67921,3,8.611775,-1.103342,50.2766,1
53.3276032749563, 17.3748,53.3781668748707, 18.9409,2,16.67945,2,11.98099,-0.606944,47.7317,1
53.3479261752218, 17.5755,53.3941577747464, 15.6787,2,16.67976,2,10.22948,0.700929,49.2935,1
53.3613121751696, 16.5214,53.4117865748703, 15.7939,2,16.67971,2,8.60581,-0.459065,47.4013,1
53.3781668748707, 15.3239,53.4294956754893, 19.1371,2,16.67924,2,12.52444,-0.177993,46.6746,1
53.3941577747464, 18.8994,53.4458276759833, 16.5416,2,16.68001,3,12.75754,-0.506258,50.4881,1
53.4117865748703, 16.1655,53.4616405759007, 17.753,2,16.67983,3,10.13467,-0.915397,48.1306,1
53.4294956754893, 15.0227,53.4779862761497, 12.7327,2,16.67926,3,8.727165,-0.756036,49.7149,1
53.4458276759833, 16.0188,53.4950755760074, 18.6784,2,16.67903,2,12.13209,-0.499749,47.428,1
53.4616405759007, 17.7429,53.5116688758135, 18.5872,2,16.6794,3,11.87346,-0.111257,50.088,1
53.4779862761497, 17.1918,53.5296865757555, 16.055,2,16.67957,3,9.991897,-0.781025,50.9285,1
53.4950755760074, 14.3523,53.5440568756312, 12.9333,2,16.67877,3,10.38084,-0.318693,49.7877,1
53.5116688758135, 18.5661,53.5617229752243, 20.3094,2,16.67942,2,12.42205,0.678702,48.3772,1
53.5296865757555, 16.766,53.5772143751383, 14.5714,2,16.67945,3,10.16086,-0.524675,50.122,1
53.5440568756312, 16.7616,53.5955301746726, 16.3581,2,16.67948,2,8.233025,0.177625,47.923,1
53.5617229752243, 15.0036,53.6110845748335, 17.4563,2,16.6789,2,12.43869,0.557525,47.5248,1
53.5772143751383, 19.2678,53.6279159747064, 16.9312,2,16.67979,3,12.0551,0.341314,49.9775,1
53.5955301746726, 16.1792,53.6461170744151, 19.5085,2,16.67962,3,10.91508,1.133033,47.6374,1
53.6110845748335, 14.302,53.6615493744612, 12.2956,2,16.6788,3,8.193675,-1.198463,50.9707,1
53.6279159747064, 16.9664,53.677811274305, 18.2394,2,16.6789,2,11.54348,0.888441,48.9554,1
53.6461170744151, 17.4857,53.6961061749607, 17.9292,2,16.67918,3,11.09079,-0.771919,50.2377,1
53.6615493744612, 18.4468,53.7127274740487, 18.5732,2,16.67979,3,9.393767,-1.43199,50.6813,1
53.677811274305, 13.4633,53.7279094737023, 11.5518,2,16.67868,3,6.990863,0.844689,50.8074,1
53.6961061749607, 16.6943,53.7458039745688, 19.5307,2,16.67869,2,12.93386,-1.139603,48.8967,1
53.7127274740487, 18.5928,53.7616747748107, 16.1513,2,16.67934,3,10.87432,-0.651841,51.7347,1
53.7279094737023, 17.1394,53.7776999752969, 16.9217,2,16.6795,3,10.72779,-0.819164,49.293,1
53.7458039745688, 15.8709,53.7947579752654, 14.2876,2,16.67923,2,10.97531,-0.668752,49.0742,1
53.7616747748107, 15.2892,53.8127905745059, 19.791,2,16.67875,2,10.9296,0.607451,47.4929,1
53.7776999752969, 19.8192,53.8290171753615, 15.9808,2,16.67982,3,12.73894,-0.828976,51.9952,1
53.7947579752654, 15.3664,53.8446287754923, 15.9777,2,16.67937,3,10.64366,-0.624513,48.1576,1
53.8127905745059, 16.4405,53.8616567756981, 18.8789,2,16.67929,3,12.66405,0.553081,48.7693,1
53.8290171753615, 15.1122,53.8786173760891, 13.0401,2,16.67876,3,12.17325,-0.714345,51.203,1
53.8446287754923, 16.3849,53.8945190757513, 18.0077,2,16.67866,2,9.282176,-0.810471,49.1359,1
53.8616567756981, 18.8918,53.9115122761577, 17.0361,2,16.67941,3,10.54961,0.155112,50.758,1
53.8786173760891, 16.7162,53.9291629754007, 19.0709,2,16.67943,3,12.16082,-0.85445,48.9037,1
53.8945190757513, 14.4162,53.944551775232, 11.9975,2,16.67865,3,8.964145,1.017188,51.2573,1
53.9115122761577, 17.2183,53.9613880757242, 16.8548,2,16.67884,2,10.28497,-0.574443,48.8385,1
53.9291629754007, 17.9755,53.9788469765335, 19.0108,2,16.67928,2,12.42749,0.32362,48.4767,1
53.944551775232, 16.5801,53.9947682768106, 17.8515,2,16.67925,3,8.31535,-0.715109,49.5131,1
53.9613880757242, 16.773,54.0114600770175, 13.1592,2,16.67928,3,12.37181,0.141062,50.7845,1
53.9788469765335, 15.0445,54.0291277766228, 19.27,2,16.67872,2,10.65804,0.08692,47.1694,1
53.9947682768106, 16.8067,54.0448481757194, 13.9818,2,16.67876,2,10.05568,0.238811,51.3964,1
54.0114600770175, 18.8214,54.0617790762335, 18.732,2,16.67949,2,7.334109,0.056202,48.5715,1
54.0291277766228, 15.8192,54.0783609766513, 18.2039,2,16.6792,3,12.36784,0.35911,48.4832,1
54.0448481757194, 17.9402,54.0947604775429, 13.272,2,16.67963,3,9.26158,-0.388999,50.8672,1
54.0617790762335, 13.9244,54.1126037780195, 17.7852,2,16.67869,2,8.192989,-0.711408,46.1952,1
54.0783609766513, 18.4272,54.1291840784252, 16.5059,2,16.67929,2,11.6205,-0.300025,50.0607,1
54.0947604775429, 17.3222,54.1461164783686, 18.7414,2,16.67951,2,9.44999,-1.124285,48.1396,1
54.1126037780195, 15.9256,54.1635143775493, 18.7336,2,16.67925,3,7.748999,0.000955,49.5599,1
54.1291840784252, 17.0897,54.1797979772091, 14.4799,2,16.67939,3,12.11311,-0.791774,52.3671,1
54.1461164783686, 14.3245,54.1956434771419, 14.3879,2,16.67859,3,12.34542,-0.748254,49.7587,1
54.1635143775493, 18.5978,54.2115497775376, 16.1272,2,16.67924,2,9.939285,0.12111,49.8213,1
54.1797979772091, 16.356,54.230399178341, 21.7824,2,16.67913,2,11.40174,-0.668026,47.352,1
54.1956434771419, 18.1112,54.2449826784432, 11.4938,2,16.67962,3,11.77157,0.055174,52.7786,1
54.2115497775376, 15.6746,54.2625561784953, 17.7234,2,16.67928,2,10.59545,0.162544,46.1619,1
54.230399178341, 16.0607,54.2788272779435, 16.1096,2,16.67907,2,10.63789,0.217896,48.2113,1
54.2449826784432, 15.5684,54.295044278726, 16.3246,2,16.67869,2,11.58923,-0.189652,48.2593,1
54.2625561784953, 18.4791,54.3125693779439, 20.8244,2,16.6793,2,12.56533,-0.773248,49.0162,1
54.2788272779435, 17.6,54.3290510773659, 13.1409,2,16.67961,3,9.539256,-0.413544,51.3629,1
54.295044278726, 16.6708,54.345031676814, 16.1833,2,16.67961,2,8.491404,0.784245,46.9027,1
54.3125693779439, 15.5253,54.3627449776977, 19.0296,2,16.67922,2,11.72785,0.096643,46.4157,1
54.3290510773659, 17.1513,54.3780340775847, 13.8581,2,16.67938,3,10.28205,0.324742,49.9164,1
54.345031676814, 16.7954,54.3950489778072, 20.1537,2,16.67942,2,11.16934,-0.20756,46.6285,1
54.3627449776977, 15.7702,54.4127497784793, 14.4129,2,16.67911,3,12.16556,-0.151946,49.9729,1
54.3780340775847, 17.5927,54.429347679019, 16.6398,2,16.67942,2,11.09416,-0.534769,48.6112,1
54.3950489778072, 16.0889,54.4454468786716, 16.063,2,16.67922,2,10.01506,0.558465,47.6774,1
54.4127497784793, 18.2695,54.4624647777528, 18.8131,2,16.67976,2,9.61966,-0.056306,47.6466,1
54.429347679019, 15.1137,54.4783062785864, 17.0219,2,16.67923,3,12.06005,-0.106809,48.1958,1
54.4454468786716, 17.7866,54.4950449783355, 13.8346,2,16.6796,3,10.62467,-0.909909,50.0996,1
54.4624647777528, 13.8942,54.5121354777366, 16.9777,2,16.67866,2,10.39554,0.065239,46.1516,1
54.4783062785864, 17.9288,54.5299840774387, 19.866,2,16.67908,2,9.113306,-0.584941,49.2362,1
54.4950449783355, 17.1467,54.5450645778328, 15.382,2,16.67924,3,11.70601,-0.278502,51.1737,1
54.5121354777366, 16.6416,54.5634870771319, 17.5725,2,16.67923,3,11.85141,-0.012758,49.4093,1
54.5299840774387, 15.0829,54.5805766768754, 17.7833,2,16.67869,3,11.02646,0.548088,50.3406,1
54.5450645778328, 16.6756,54.5961568765342, 15.1049,2,16.67869,3,10.13464,-0.604981,53.0413,1
54.5634870771319, 18.0398,54.6119092758745, 15.9308,2,16.67915,3,12.4885,-1.10795,51.4714,1
54.5805766768754, 17.2946,54.6293774750084, 19.0751,2,16.67936,3,12.21166,0.264163,49.3629,1
54.5961568765342, 14.9242,54.6469289753586, 15.6041,2,16.67876,3,10.03311,0.496679,51.1429,1
54.6119092758745, 17.0728,54.6618632758036, 13.5137,2,16.6789,3,7.966681,-0.527733,51.8234,1
54.6293774750084, 18.2272,54.6787114748731, 16.6655,2,16.67942,2,12.43285,0.473555,48.2642,1
54.6469289753586, 15.8981,54.6959845749661, 20.5665,2,16.67916,2,11.28914,-0.593405,46.6981,1
54.6618632758036, 16.9618,54.7119793752208, 12.975,2,16.67925,3,9.464121,-0.253565,51.3714,1
54.6787114748731, 17.6855,54.7293668752536, 17.1098,2,16.67959,2,7.827533,-0.820808,47.3856,1
54.6959845749661, 15.7386,54.7449514754117, 15.6673,2,16.67927,2,12.23674,-0.606526,46.8061,1
54.7119793752208, 16.6812,54.7626767754555, 19.5346,2,16.67927,2,9.512705,-0.62972,46.7393,1
54.7293668752536, 16.8426,54.7786863762885, 17.3081,2,16.67933,3,10.73746,-0.717035,49.592,1
54.7449514754117, 17.3473,54.796304276213, 14.5482,2,16.67955,3,11.98531,-0.573507,50.0588,1
54.7626767754555, 14.4227,54.8117136759683, 16.9976,2,16.67879,2,12.59333,-0.803436,47.2604,1
54.7786863762885, 18.2696,54.8292512753978, 19.3123,2,16.67933,2,12.51412,-0.516818,49.8352,1
54.796304276213, 17.4465,54.8448560750112, 12.4371,2,16.67958,3,10.82743,-0.455924,50.8741,1
54.8117136759683, 15.3905,54.8618129743263, 17.1032,2,16.67915,2,12.49481,-0.076103,45.8659,1
54.8292512753978, 17.7891,54.8786872746423, 16.7638,2,16.67952,2,12.50694,-0.422004,47.5822,1
54.8448560750112, 17.355,54.8959695743397, 18.548,2,16.67975,2,10.90622,-0.488164,46.5574,1
54.8618129743263, 15.9044,54.9136600745842, 16.2413,2,16.67949,2,10.62632,-0.457562,47.7513,1
54.8786872746423, 17.1721,54.9288525748998, 15.0774,2,16.67966,2,12.0747,-0.89326,48.0874,1
54.8959695743397, 16.0382,54.9471892751753, 20.3985,2,16.67944,2,11.7052,-0.615968,45.9936,1
54.9136600745842, 17.4636,54.9621782749891, 14.7166,2,16.6797,3,10.09116,-0.440795,50.3503,1
54.9288525748998, 15.9221,54.9788764752448, 18.3699,2,16.67945,2,8.648462,-0.310937,47.6075,1
54.9471892751753, 15.4045,54.9964401759207, 13.963,2,16.67903,3,11.94696,0.282121,50.0547,1
54.9621782749891, 17.6011,55.0127289760858, 16.5191,2,16.67933,2,12.55967,-1.317654,48.5887,1
54.9788764752448, 15.4808,55.0291415769607, 18.2095,2,16.67893,2,10.3299,0.310969,47.5333,1
54.9964401759207, 18.7531,55.0463196765631, 17.2324,2,16.67962,2,8.381637,-0.512134,50.2618,1
55.0127289760858, 16.903,55.0620424766093, 17.5532,2,16.6797,3,12.08348,1.158063,48.7419,1
55.0291415769607, 14.635,55.0786329768598, 12.8977,2,16.67902,3,11.55335,-0.306267,49.3918,1
55.0463196765631, 16.4148,55.095520477742, 16.8939,2,16.67893,2,11.22623,-0.498544,47.6556,1
55.0620424766093, 18.1066,55.1134287770838, 19.4927,2,16.67941,2,8.386634,0.307079,48.1341,1
55.0786329768598, 16.9802,55.1290318770334, 15.9838,2,16.6795,3,12.12574,-0.570082,49.5115,1
55.095520477742, 16.4773,55.1479517770931, 18.4094,2,16.67944,2,8.772167,-0.544461,48.5154,1
55.1134287770838, 15.287,55.1621990771964, 12.8134,2,16.67897,3,10.47454,-0.458863,50.458,1
55.1290318770334, 16.8127,55.1791993780062, 18.7544,2,16.67902,2,10.43402,-0.335117,47.9845,1
55.1479517770931, 18.113,55.1964308777824, 19.1698,2,16.6795,3,11.50208,0.025029,49.927,1
55.1621990771964, 17.1269,55.2117350781336, 11.5376,2,16.67964,3,12.14026,-0.68782,50.9832,1
55.1791993780062, 14.5741,55.229694779031, 17.9716,2,16.67894,2,10.33156,0.120431,45.3941,1
55.1964308777824, 17.6153,55.246468779631, 18.8956,2,16.67926,2,8.054617,-0.433148,48.7921,1
55.2117350781336, 17.2844,55.2619621800259, 15.4197,2,16.67946,2,12.07717,-0.588727,50.073,1
55.229694779031, 17.2801,55.279250680469, 17.3367,2,16.67966,2,10.86532,0.915751,48.209,1
55.246468779631, 15.6075,55.2957941805944, 16.7178,2,16.6793,3,10.07957,-1.02464,48.2662,1
55.2619621800259, 15.3465,55.3130207797512, 18.7498,2,16.67886,3,9.700648,0.114802,49.3428,1
55.279250680469, 16.266,55.329638578929, 13.018,2,16.67872,3,10.40423,-1.228395,52.7801,1
55.2957941805944, 17.3752,55.3466445794329, 18.8554,2,16.67895,2,12.37705,-0.495602,49.5316,1
55.3130207797512, 18.3695,55.362835179083, 16.1067,2,16.67951,2,10.81674,-0.511751,51.0133,1
55.329638578929, 16.7258,55.3800131799653, 19.9689,2,16.67953,3,11.2477,-0.453599,48.7503,1
55.3466445794329, 16.4431,55.395888180472, 11.1265,2,16.67945,3,11.6616,1.004944,51.9897,1
55.362835179083, 15.0027,55.4137106807902, 18.0556,2,16.67889,2,12.8857,-0.844022,46.6776,1
55.3800131799653, 18.9443,55.4297891808674, 15.8464,2,16.67964,2,10.44705,-0.852802,49.7311,1
55.395888180472, 16.5578,55.4459278816357, 16.1099,2,16.6796,2,10.0523,-0.560178,46.6334,1
55.4137106807902, 16.2406,55.4630585825071, 20.5095,2,16.67946,2,12.02646,0.573406,46.1833,1
55.4297891808674, 17.5854,55.4790202816948, 12.7768,2,16.67976,3,10.65782,-0.366991,50.455,1
55.4459278816357, 16.3078,55.4957701815292, 16.5015,2,16.67963,2,10.8243,0.506612,45.6465,1
55.4630585825071, 15.2469,55.5128048816696, 17.1427,2,16.67916,2,12.44998,0.079871,45.8355,1
55.4790202816948, 17.1655,55.5305826822296, 20.074,2,16.67932,2,12.09479,-1.596609,47.7367,1
55.4957701815292, 16.8206,55.5461061820388, 15.7569,2,16.67937,3,9.464191,-0.850024,50.6448,1
55.5128048816696, 16.6052,55.5636078827083, 18.4135,2,16.67934,3,10.08569,-0.458555,49.5824,1
55.5305826822296, 14.9904,55.5796615835279, 12.871,2,16.67879,3,11.33623,-0.492342,51.3907,1
55.5461061820388, 17.1182,55.596156982705, 18.3966,2,16.67893,2,11.82001,0.592775,49.272,1
55.5636078827083, 17.478,55.6128015834838, 16.2937,2,16.6792,2,11.63342,-0.621171,50.5507,1
55.5796615835279, 17.4698,55.6295706834644, 17.5604,2,16.67946,3,12.42945,1.038283,49.366,1
55.596156982705, 16.1516,55.6475389841944, 17.4552,2,16.67928,3,11.96474,0.600204,49.4577,1
55.6128015834838, 15.199,55.6625491846353, 12.9499,2,16.67879,3,10.30583,-0.513904,50.7448,1
55.6295706834644, 16.5874,55.6793451849371, 18.8574,2,16.67876,2,9.166671,-0.250459,48.5125,1
55.6475389841944, 18.1278,55.6965270843357, 17.3195,2,16.67924,3,10.34042,-0.144547,50.7784,1
55.6625491846353, 17.0176,55.7128984834999, 18.0118,2,16.67935,3,8.404196,0.279165,49.9746,1
55.6793451849371, 14.831,55.7302065826952, 13.7307,2,16.67875,3,9.218104,-1.135802,50.9654,1
55.6965270843357, 16.6869,55.746605983004, 16.1083,2,16.67875,2,10.41456,-0.032769,49.8696,1
55.7128984834999, 19.0622,55.7635513823479, 17.2696,2,16.67953,2,8.537947,1.020509,49.2916,1
55.7302065826952, 16.4211,55.779745683074, 17.9315,2,16.67945,2,12.01173,-0.539513,47.4734,1
55.746605983004, 17.6104,55.7967519834638, 18.7149,2,16.67975,3,9.821002,0.955868,49.0102,1
55.7635513823479, 16.2838,55.8135873842984, 13.407,2,16.67962,3,11.20757,-0.95365,50.115,1
55.779745683074, 14.1937,55.8306755851954, 18.5277,2,16.67881,2,8.030991,-0.999168,47.219,1
55.7967519834638, 18.1024,55.8462651856244, 13.703,2,16.67927,3,10.66321,-0.452637,51.5732,1
55.8135873842984, 17.1639,55.8644688855857, 20.4018,2,16.67943,2,12.13933,-0.126626,47.1743,1
55.8306755851954, 16.2283,55.8786841854453, 13.7905,2,16.67928,3,8.81475,-0.02335,50.4131,1
55.8462651856244, 17.4188,55.8964856863022, 18.368,2,16.67953,2,10.98577,-0.514015,47.9701,1
55.8644688855857, 16.6844,55.9137152861804, 18.3226,2,16.67953,3,10.76934,-0.254589,48.9251,1
55.8786841854453, 14.58,55.9296436868608, 12.5017,2,16.67884,3,12.06473,-0.427785,50.5476,1
55.8964856863022, 16.9752,55.9465110860765, 16.9224,2,16.67894,2,11.65505,1.216244,48.4806,1
55.9137152861804, 17.7365,55.9636772852391, 19.0262,2,16.67928,2,9.931815,-1.023471,48.4326,1
55.9296436868608, 17.165,55.9798077847809, 15.9242,2,16.67944,3,10.31099,-0.531086,49.723,1
55.9465110860765, 16.3791,55.9966422840953, 15.1738,2,16.67934,2,9.841485,-0.52496,48.4805,1
55.9636772852391, 15.8858,56.0138375833631, 17.1167,2,16.67908,2,12.12856,0.160479,47.2775,1
55.9798077847809, 18.7218,56.0306189842522, 16.9722,2,16.67975,2,8.767771,-0.471382,48.5088,1
55.9966422840953, 15.8098,56.0470772851259, 18.2473,2,16.67947,2,12.63219,0.131967,46.7595,1
56.0138375833631, 17.6534,56.062745384872, 17.538,2,16.67979,3,10.31186,-0.16575,49.1975,1
56.0306189842522, 15.279,56.0805748850107, 14.2862,2,16.67933,3,8.779321,0.180643,49.0815,1
56.0470772851259, 14.8668,56.0976363848895, 18.3183,2,16.67874,2,11.53438,-0.254739,48.0896,1
56.062745384872, 18.6671,56.1137941852212, 14.7905,2,16.67939,3,12.01333,-0.026621,51.5417,1
56.0805748850107, 16.5951,56.1302962843329, 19.4215,2,16.67936,2,11.62495,0.374421,47.6652,1
56.0976363848895, 16.1889,56.146805183962, 13.5189,2,16.6792,3,8.595757,0.075374,50.4908,1
56.1137941852212, 17.5339,56.164455184713, 17.6318,2,16.67948,2,8.750139,-0.948761,47.8218,1
56.1302962843329, 16.2632,56.1801176853478, 15.6643,2,16.67934,2,11.30452,-0.020696,47.9199,1
56.146805183962, 17.1192,56.1968305855989, 18.3918,2,16.67949,2,11.75758,-0.647519,47.3221,1
56.164455184713, 16.8973,56.2139523848891, 17.4035,2,16.67956,3,9.489726,0.161931,48.5904,1
56.1801176853478, 16.797,56.2328742854297, 18.3101,2,16.6796,3,8.657861,0.000591,49.1018,1
56.1968305855989, 14.8649,56.2479904852808, 15.5244,2,16.679,3,12.566,-0.753693,50.6148,1
56.2139523848891, 17.2537,56.2645846847445, 16.5141,2,16.67919,3,11.80182,-0.067577,51.2745,1
56.2328742854297, 18.111,56.2805629838258, 16.0349,2,16.67966,3,10.52167,-1.070206,50.5345,1
56.2479904852808, 15.5268,56.296969583258, 16.7208,2,16.67928,3,10.04871,0.358492,48.4599,1
56.2645846847445, 16.8637,56.3145518824458, 15.4002,2,16.67934,3,8.929293,-1.46924,49.6495,1
56.2805629838258, 15.0801,56.3301131827757, 15.4856,2,16.67882,2,12.53848,-1.036219,48.1859,1
56.296969583258, 16.5277,56.3468327829614, 18.6148,2,16.67877,2,11.87831,0.39594,48.5867,1
56.3145518824458, 18.1241,56.3637837832794, 16.9053,2,16.67924,3,11.01221,-0.387064,50.6221,1
56.3301131827757, 17.8037,56.380680882372, 18.6005,2,16.67961,3,9.97354,-0.6266,49.4611,1
56.3468327829614, 14.2787,56.3974288823083, 13.4295,2,16.67883,3,11.68492,0.199438,50.2632,1
56.3637837832794, 16.5458,56.4134298814461, 17.6523,2,16.67878,2,12.63906,-0.503174,49.4137,1
56.380680882372, 18.543,56.429815181531, 16.5791,2,16.67939,2,11.36146,-0.370397,50.5191,1
56.3974288823083, 17.9354,56.4477777807042, 19.3865,2,16.6798,2,10.4368,-0.483839,48.5527,1
56.4134298814461, 14.0849,56.4646789813414, 13.6785,2,16.67896,3,12.20156,0.502419,50.0049,1
56.429815181531, 16.7157,56.4814441809431, 16.6687,2,16.67897,2,11.55527,1.118886,49.6023,1
56.4477777807042, 18.0588,56.4975506803021, 18.04,2,16.67941,2,10.5451,-0.627419,49.5562,1
56.4646789813414, 16.9017,56.5136074805632, 16.0879,2,16.67949,3,8.434939,-0.159624,49.5363,1
56.4814441809431, 16.6222,56.533102680929, 19.0986,2,16.67947,3,12.16188,-0.057237,48.7019,1
56.4975506803021, 15.5876,56.5469571808353, 12.2362,2,16.67911,3,11.28581,-0.822111,51.2007,1
56.5136074805632, 16.4226,56.5637595811859, 18.5756,2,16.67903,2,8.607119,0.027476,47.8494,1
56.533102680929, 18.0656,56.5804976811633, 16.8555,2,16.67948,2,10.52412,-0.295943,50.0026,1
56.5469571808353, 17.1439,56.5973799815401, 18.2709,2,16.67963,3,11.77814,-0.57437,48.7927,1
56.5637595811859, 15.2327,56.6131705818698, 12.5113,2,16.67916,3,11.85161,-0.152197,49.9209,1
56.5804976811633, 16.1504,56.6306261820719, 17.4556,2,16.67899,2,10.79862,1.652453,47.1947,1
56.5973799815401, 18.3618,56.6484131822363, 17.9174,2,16.67953,2,9.518843,-0.327546,48.5041,1
56.6131705818698, 16.6704,56.663363782689, 16.6718,2,16.67953,2,8.72667,-0.673145,48.0593,1
56.6306261820719, 16.9876,56.6802822835743, 16.8481,2,16.67963,2,12.1992,-0.365064,48.0575,1
56.6484131822363, 17.0189,56.6977562829852, 19.0719,2,16.67974,2,10.07595,0.387498,47.9188,1
56.663363782689, 14.3103,56.715503282845, 14.5483,2,16.67898,3,6.766146,-0.691618,49.9771,1
56.6802822835743, 16.8374,56.7321556825191, 18.4193,2,16.67903,2,11.94394,-0.030534,50.2141,1
56.6977562829852, 16.6012,56.7474211826921, 13.229,2,16.679,3,12.43236,-0.777094,51.7973,1
56.715503282845, 18.5156,56.7650880832225, 19.6278,2,16.6796,2,10.1144,-0.537482,48.4116,1
56.7321556825191, 16.5778,56.7820795830339, 18.3544,2,16.67956,3,7.835818,-0.56467,49.53,1
56.7474211826921, 17.213,56.7968983827159, 11.7786,2,16.67973,3,12.32043,0.645794,51.3087,1
56.7650880832225, 14.9461,56.8140740832314, 17.0636,2,16.67917,2,11.82469,0.393926,45.8799,1
56.7820795830339, 17.8861,56.830271682702, 16.076,2,16.67956,2,10.67988,1.518257,47.9931,1
56.7968983827159, 17.5483,56.84742858354, 19.1046,2,16.67984,2,10.46867,-1.017375,46.1876,1
56.8140740832314, 16.6577,56.8647380834445, 16.99,2,16.67984,2,12.13921,-0.676207,47.7404,1
56.830271682702, 16.8493,56.8802626831457, 13.8853,2,16.67989,2,11.05747,0.97587,48.078,1
56.84742858354, 14.7644,56.8969198828563, 16.7518,2,16.67928,2,9.199143,-0.968444,45.113,1
56.8647380834445, 18.5442,56.9148682830855, 18.1513,2,16.67987,2,6.949975,-0.120458,47.1021,1
56.8802626831457, 16.6104,56.9313382832333, 18.1723,2,16.67985,2,12.58051,-0.541875,46.6982,1
56.8969198828563, 16.3957,56.9468888835981, 15.5534,2,16.67976,3,10.25893,0.457508,48.2715,1
56.9148682830855, 15.8689,56.9637126838788, 16.9848,2,16.6795,2,6.783044,-0.172957,47.4299,1
56.9313382832333, 15.2398,56.9818217838183, 16.0665,2,16.67904,2,12.71636,-0.398922,48.5464,1
56.9468888835981, 16.6162,56.9984131837264, 16.5628,2,16.67902,2,11.72768,-0.199342,49.3726,1
56.9637126838788, 18.1565,57.0146129829809, 17.799,2,16.67949,2,10.47359,-0.236995,49.32,1
56.9818217838183, 17.9511,57.0321810832247, 17.6148,2,16.6799,2,7.293657,-0.079316,48.9631,1
56.9984131837264, 16.8583,57.0477782832459, 15.9127,2,16.67996,3,11.89892,-0.995237,48.6277,1
57.0146129829809, 14.7379,57.0639007827267, 16.0465,2,16.67933,3,12.16144,0.812487,47.6825,1
57.0321810832247, 15.8023,57.0818899823353, 16.1294,2,16.67905,2,9.850695,-0.178302,48.9901,1
57.0477782832459, 16.8634,57.0988370822743, 18.4422,2,16.67911,2,8.422416,0.374996,49.3143,1
57.0639007827267, 18.2589,57.1141328820959, 15.378,2,16.67962,2,11.87414,-0.432725,50.8974,1
57.0818899823353, 16.9279,57.131849582307, 19.7324,2,16.6797,2,12.56041,-0.900046,48.0171,1
57.0988370822743, 16.0537,57.1471087820828, 11.7699,2,16.6795,3,8.877202,0.342252,50.822,1
57.1141328820959, 15.1017,57.1638299822807, 16.5028,2,16.67899,2,9.496504,-0.146598,46.5336,1
57.131849582307, 18.1416,57.1819332819432, 20.0868,2,16.67946,2,7.772025,-0.067248,47.94,1
57.1471087820828, 16.8399,57.198686581105, 16.9094,2,16.67951,3,11.92385,-1.303932,49.8858,1
57.1638299822807, 16.2114,57.2149054817855, 17.8785,2,16.67936,3,10.63305,-0.304191,49.9539,1
57.1819332819432, 15.2878,57.2305695824325, 12.1143,2,16.67892,3,7.492498,-0.916364,51.6225,1
57.198686581105, 16.8885,57.2478502821177, 17.0724,2,16.67899,2,12.04505,-0.580837,48.4478,1
57.2149054817855, 18.3529,57.2647888828069, 18.5678,2,16.67952,2,11.72963,0.857411,48.6337,1
57.2305695824325, 17.0506,57.2807817831635, 16.2393,2,16.67964,2,13.13049,-0.148675,48.8434,1
57.2478502821177, 15.9625,57.2988899834454, 17.8194,2,16.67941,2,8.485264,-0.525908,48.0375,1
57.2647888828069, 15.9049,57.3147226832807, 14.318,2,16.67916,3,12.67014,-0.223299,49.8957,1
57.2807817831635, 18.2141,57.3317239824682, 17.1945,2,16.67965,2,12.34209,-0.11729,48.3085,1
57.2988899834454, 15.5935,57.3483964819461, 18.0817,2,16.6793,2,10.70518,-0.167407,47.2894,1
57.3147226832807, 16.8675,57.3649154826999, 16.5331,2,16.67937,3,9.360208,-0.465164,49.7779,1
57.3317239824682, 16.69,57.3814895823598, 16.8921,2,16.67937,3,8.401499,-0.218456,49.4429,1
57.3483964819461, 15.3892,57.3973399829119, 17.2548,2,16.67896,3,11.71479,-0.961648,49.6411,1
57.3649154826999, 16.2278,57.41473268345, 14.2227,2,16.67881,3,9.126507,-0.456202,51.511,1
57.3814895823598, 16.8583,57.4314336832613, 16.5237,2,16.67887,2,9.678164,-0.812412,49.507,1
57.3973399829119, 18.0251,57.4471764825284, 17.3147,2,16.6793,2,9.700156,-0.822247,49.1731,1
57.41473268345, 16.5912,57.4656750820577, 18.6527,2,16.67927,2,9.921948,0.413632,48.4547,1
57.4314336832613, 17.1638,57.4815264828503, 17.6129,2,16.67942,3,12.5778,0.844949,50.5249,1
57.4471764825284, 14.8917,57.4979818835855, 12.9927,2,16.67886,3,10.54621,-1.719897,50.9739,1
57.4656750820577, 16.4785,57.5147957839072, 16.7802,2,16.67879,2,10.69455,-0.692941,49.0755,1
57.4815264828503, 18.39,57.53145458363, 18.1053,2,16.67934,2,12.53977,-1.18142,49.3769,1
57.4979818835855, 16.9189,57.548102684319, 16.8713,2,16.67941,3,11.23915,-0.692816,49.0887,1
57.5147957839072, 16.324,57.5650511849672, 15.2998,2,16.6793,3,10.9554,0.371068,49.0463,1
57.53145458363, 15.3406,57.5806930847466, 15.7035,2,16.67887,2,11.85654,-0.270852,48.0222,1
57.548102684319, 17.3619,57.5984398853034, 17.7172,2,16.67909,2,10.59482,-0.697361,48.3791,1
57.5650511849672, 18.5142,57.614189684391, 17.444,2,16.67967,2,12.96832,0.34073,48.7405,1
57.5806930847466, 16.2695,57.6314218845218, 15.3602,2,16.67954,2,12.37653,-1.340257,47.6717,1
57.5984398853034, 17.6624,57.6476557850838, 16.4762,2,16.67986,2,11.43445,0.384048,46.7614,1
57.614189684391, 15.9667,57.6648015845567, 16.8669,2,16.67963,2,8.852561,-0.165306,45.5753,1
57.6314218845218, 16.7762,57.6814448852092, 18.82,2,16.67966,2,12.57297,-0.13478,46.4782,1
57.6476557850838, 16.4027,57.6980362851173, 17.673,2,16.67957,2,11.56626,-0.505072,48.5212,1
57.6648015845567, 16.1763,57.7153347842395, 16.0354,2,16.67941,3,13.18015,0.469558,49.7921,1
57.6814448852092, 16.794,57.7315958850086, 15.8146,2,16.67945,2,11.43621,0.400772,49.6516,1
57.6980362851173, 16.6972,57.7482414841652, 16.9577,2,16.67945,2,9.87128,-0.370701,48.6728,1
57.7153347842395, 16.2099,57.7649088837206, 18.4498,2,16.67931,3,10.20717,-0.801936,48.9256,1
57.7315958850086, 16.0503,57.7815161831677, 13.392,2,16.67911,3,12.38294,-1.348371,51.1693,1
57.7482414841652, 16.1029,57.7979847826064, 18.0112,2,16.67892,2,11.05183,-0.306439,48.5158,1
57.7649088837206, 17.6295,57.8155899830163, 17.4998,2,16.67923,3,9.356201,0.017349,50.4158,1
57.7815161831677, 17.2242,57.8315050825477, 17.768,2,16.6794,3,8.641636,0.89784,50.2949,1
57.7979847826064, 14.9209,57.8479593824595, 13.0389,2,16.67884,3,12.60057,-0.101784,50.839,1
57.8155899830163, 16.5922,57.8650300819427, 18.7099,2,16.67882,2,13.22424,-0.957008,48.9533,1
57.8315050825477, 18.1026,57.8826665822417, 17.5689,2,16.67926,3,12.22695,-1.367892,51.076,1
57.8479593824595, 17.008,57.898247782141, 17.0954,2,16.67937,3,10.23296,0.615439,50.543,1
57.8650300819427, 15.0885,57.9142798818648, 12.9428,2,16.67887,3,7.212484,-0.4248,50.6298,1
57.8826665822417, 16.6999,57.9317299816757, 17.2998,2,16.67887,2,11.92161,0.539761,48.4849,1
57.898247782141, 18.6256,57.9497810825706, 19.8267,2,16.67949,2,12.83199,-0.263435,49.085,1
57.9142798818648, 16.4504,57.9648201828822, 15.3003,2,16.67941,3,13.20416,-0.092078,50.2862,1
57.9317299816757, 17.2106,57.9827977837995, 19.0593,2,16.67958,3,8.0816,-0.455731,49.1196,1
57.9497810825706, 15.5784,57.998590583913, 12.8395,2,16.67924,3,12.35924,-0.313784,50.9871,1
57.9648201828822, 15.4551,58.0154736833647, 16.7503,2,16.67885,2,11.14884,-0.069501,48.2474,1
57.9827977837995, 17.7734,58.0315449824557, 17.9033,2,16.67919,2,10.25508,0.531491,49.5434,1
57.998590583913, 17.3277,58.0479613831267, 16.6128,2,16.6794,3,9.718931,-0.73786,49.6976,1
58.0154736833647, 16.3692,58.0646363822743, 17.8246,2,16.6793,3,9.011984,-0.239411,48.9819,1
58.0315449824557, 14.9577,58.0817994819954, 13.8928,2,16.67876,3,12.1613,-0.28608,50.4383,1
58.0479613831267, 17.6388,58.0997364828363, 19.5437,2,16.67906,2,10.23791,-0.199633,49.3675,1
58.0646363822743, 17.1168,58.1160274827853, 16.5669,2,16.6792,3,9.45426,0.481271,51.2784,1
58.0817994819954, 17.3313,58.132370182313, 17.7464,2,16.6794,3,10.15661,0.312028,50.7288,1
58.0997364828363, 16.15,58.1484529832378, 12.771,2,16.67924,3,12.07928,0.606385,51.1339,1
58.1160274827853, 14.9835,58.1651919828728, 16.8056,2,16.67871,2,12.23123,0.086019,47.7515,1
58.132370182313, 18.1315,58.1825917819515, 19.1333,2,16.67916,2,10.12783,-0.253206,49.5883,1
58.1484529832378, 17.8228,58.1981618823484, 17.0516,2,16.67952,3,8.091172,0.487441,50.5908,1
58.1651919828728, 15.7614,58.2156919827685, 14.3565,2,16.67923,3,11.44981,-0.250912,49.8199,1
58.1825917819515, 15.425,58.2318123830482, 15.9825,2,16.67884,2,11.15608,0.287259,48.4071,1
58.1981618823484, 16.7333,58.2499190839007, 20.1814,2,16.67886,2,10.15221,-0.508913,48.9729,1
58.2156919827685, 18.1439,58.2656841846183, 15.5214,2,16.67932,3,8.472259,0.553274,52.4215,1
58.2318123830482, 17.1088,58.2818095842376, 17.7985,2,16.67945,3,10.20051,-0.201889,49.7949,1
58.2499190839007, 16.7741,58.2980007836595, 12.9527,2,16.67948,3,12.09114,-0.014552,50.4886,1
58.2656841846183, 14.8264,58.3151762830094, 16.8484,2,16.6789,2,9.684813,-0.72996,46.6669,1
58.2818095842376, 16.5238,58.3330201832578, 17.8936,2,16.67885,2,10.73203,0.2483,48.6909,1
58.2980007836595, 18.9543,58.3498052833602, 18.655,2,16.67956,2,7.129389,1.306794,50.0609,1
58.3151762830094, 16.1109,58.3650384834036, 14.9729,2,16.67938,3,11.85815,0.905636,49.7621,1
58.3330201832578, 16.8731,58.3815796831623, 18.0895,2,16.67945,3,9.58976,0.055506,48.6248,1
58.3498052833602, 14.4433,58.3987809838727, 14.227,2,16.67875,3,10.6097,-0.28749,49.8409,1
58.3650384834036, 17.0271,58.4163083834574, 19.1024,2,16.67886,2,11.50891,0.152014,49.6248,1
58.3815796831623, 18.1847,58.4325393838808, 16.2591,2,16.67933,3,9.046564,0.033942,51.6996,1
58.3987809838727, 16.8927,58.4483706830069, 16.1406,2,16.67939,3,9.184194,1.317621,49.7745,1
58.4163083834574, 16.139,58.4654974834993, 18.3114,2,16.67922,3,8.11239,-0.95923,49.0226,1
58.4325393838808, 15.5043,58.4831732837483, 16.2716,2,16.67886,3,12.06659,0.033419,51.1946,1
58.4483706830069, 16.7871,58.500427682884, 17.1901,2,16.67889,3,10.06376,-1.182484,51.9592,1
58.4654974834993, 15.9196,58.5155286826193, 13.2641,2,16.67865,3,8.154379,0.498913,52.3669,1
58.4831732837483, 18.9428,58.5318655818701, 16.6583,2,16.67936,2,8.77743,-0.733879,49.7036,1
58.500427682884, 16.84,58.5489326827228, 16.8979,2,16.67941,2,12.52508,-0.587084,47.4226,1
58.5155286826193, 16.7948,58.5646469835192, 17.7564,2,16.67945,2,8.897084,1.037713,47.4854,1
58.5318655818701, 17.4884,58.5826736837626, 18.1103,2,16.6797,3,11.00369,-0.300767,48.4475,1
58.5489326827228, 16.773,58.5991481840611, 17.3231,2,16.67973,3,11.35868,-0.663347,49.0503,1
58.5646469835192, 13.4327,58.6149796843529, 12.8634,2,16.67871,3,10.57698,0.987869,49.6133,1
58.5826736837626, 16.6745,58.6339769847691, 20.9822,2,16.67871,2,10.32579,0.90018,49.0511,1
58.5991481840611, 18.3133,58.6495302850381, 15.4451,2,16.67922,3,7.492167,-0.602065,53.3592,1
58.6149796843529, 17.1181,58.6654537850991, 17.9027,2,16.67936,3,11.88285,0.63109,50.4909,1
58.6339769847691, 16.1535,58.6826055860147, 13.346,2,16.6792,3,10.32153,-0.267035,51.2703,1
58.6495302850381, 15.7238,58.6997390864417, 18.7342,2,16.6789,2,9.07302,-0.871185,48.4691,1
58.6654537850991, 17.8691,58.715352486819, 15.8182,2,16.67927,3,7.180565,-0.465435,51.4808,1
58.6826055860147, 17.4374,58.7324843872339, 19.0698,2,16.6795,3,12.30691,0.845841,49.4293,1
58.6997390864417, 16.0073,58.7492311876267, 12.9834,2,16.67929,3,9.456035,0.449148,51.063,1
58.715352486819, 14.8421,58.7656013872474, 16.5242,2,16.67872,2,9.985585,-0.66061,48.0389,1
58.7324843872339, 18.3729,58.7829747870564, 19.1669,2,16.67925,2,9.742735,-0.330867,49.7215,1
58.7492311876267, 18.6611,58.7988374866545, 16.1213,2,16.67987,3,12.13546,0.00412,50.5117,1
58.7656013872474, 14.9244,58.8147291857749, 17.689,2,16.67932,3,9.019552,-0.821193,47.9771,1
58.7829747870564, 14.7769,58.8318732865155, 13.3418,2,16.67873,3,9.72781,-0.501546,50.7323,1
58.7988374866545, 17.1745,58.849693486467, 19.2751,2,16.67888,2,10.42587,0.505417,49.2979,1
58.8147291857749, 17.9241,58.8657643869519, 16.474,2,16.67927,2,8.22798,-0.811462,51.407,1
58.8318732865155, 17.479,58.8825925868005, 18.621,2,16.67952,3,11.87369,-0.662941,49.9581,1
58.849693486467, 16.027,58.8985316865146, 12.0585,2,16.67932,3,10.54025,0.154913,51.1001,1
58.8657643869519, 15.3865,58.9152007866651, 16.5518,2,16.67892,2,10.18328,-0.638708,47.1323,1
58.8825925868005, 17.922,58.9324412867427, 19.6517,2,16.6793,2,7.788462,-0.630172,48.2936,1
58.8985316865146, 17.0885,58.9495840873569, 18.54,2,16.67943,3,12.47374,0.391264,50.0231,1
58.9152007866651, 16.1746,58.9656953867525, 12.5566,2,16.67927,3,12.29809,-0.53623,51.4752,1
58.9324412867427, 15.2479,58.9824455864727, 16.7356,2,16.67883,2,9.972108,-0.296931,47.8616,1
58.9495840873569, 16.577,58.9986428860575, 15.8293,2,16.6788,2,8.796872,-0.468224,49.3506,1
58.9656953867525, 18.3272,59.0157935861498, 19.5422,2,16.67931,2,12.31654,-0.737111,48.6026,1
58.9824455864727, 16.6932,59.0325673855841, 18.3994,2,16.67931,3,9.73103,0.386802,49.8184,1
58.9986428860575, 17.7399,59.0487992856652, 12.7837,2,16.67964,3,12.43103,0.357796,51.5201,1
59.0157935861498, 14.0931,59.0667185857892, 19.5842,2,16.67884,2,10.37812,0.562246,46.5636,1
59.0325673855841, 16.6994,59.0845612864941, 17.8401,2,16.67885,3,8.849411,1.279156,52.0223,1
59.0487992856652, 19.5006,59.0997911868617, 15.238,2,16.67972,3,12.2478,0.903015,53.1933,1
59.0667185857892, 15.1449,59.1161157870665, 17.9973,2,16.67924,3,11.1583,0.104784,48.9385,1
59.0845612864941, 17.3838,59.133411587216, 15.4263,2,16.67946,3,11.33385,-0.724847,51.7824,1
59.0997911868617, 14.4667,59.1487896870822, 13.6338,2,16.67878,3,9.266244,1.477136,49.8183,1
59.1161157870665, 17.3061,59.16669578664, 17.735,2,16.67897,2,7.212485,-0.633931,49.0019,1
59.133411587216, 17.3876,59.1825082860887, 17.7658,2,16.67919,2,9.412016,0.290902,49.4143,1
59.1487896870822, 17.9711,59.1995956860483, 17.3136,2,16.67959,3,11.69565,-0.150488,49.8049,1
59.16669578664, 17.0437,59.2164387851954, 18.7123,2,16.6797,3,12.25646,-0.613588,49.1516,1
59.1825082860887, 14.2993,59.2329410854727, 12.3713,2,16.67897,3,7.156331,0.2808,50.8207,1
59.1995956860483, 16.985,59.2496503852308, 16.7182,2,16.67906,2,12.341,0.049282,48.8891,1
59.2164387851954, 16.8912,59.2647146852687, 15.1374,2,16.67913,2,11.30099,-0.683836,48.6218,1
59.2329410854727, 18.774,59.2827521851286, 20.0957,2,16.67977,2,11.87269,0.385186,46.8731,1
59.2496503852308, 16.7628,59.301633884199, 19.9321,2,16.6798,2,12.2242,-0.974424,48.1947,1
59.2647146852687, 16.4838,59.3157945843413, 11.0992,2,16.67974,3,8.083318,-0.687734,51.3641,1
59.2827521851286, 15.9256,59.3329030843452, 17.1705,2,16.6795,2,11.61114,0.392747,45.9756,1
59.301633884199, 16.7695,59.3493976844475, 17.7045,2,16.67953,2,12.08071,0.308428,47.2199,1
59.3157945843413, 16.8831,59.3664914844558, 17.9263,2,16.6796,2,9.767924,-0.315028,48.1603,1
59.3329030843452, 17.2586,59.3817300843075, 14.8103,2,16.67977,3,12.58793,0.029445,49.2054,1
59.3493976844475, 18.3148,59.3993540843949, 19.4296,2,16.68027,2,9.113553,-0.803917,46.752,1
59.3664914844558, 13.2194,59.4160624844953, 13.1699,2,16.67921,3,11.40157,-0.7541,47.8709,1
59.3817300843075, 17,59.4335109842941, 19.2764,2,16.67931,2,11.44043,-0.362483,47.8219,1
59.3993540843949, 16.1854,59.4486421840265, 15.0493,2,16.67916,3,12.05445,0.793476,50.0842,1
59.4160624844953, 17.6363,59.4670707834885, 20.023,2,16.67945,3,9.921017,-0.797414,48.964,1
59.4335109842941, 14.7324,59.4823888838291, 11.9939,2,16.67886,3,9.5779,-0.679203,51.3497,1
59.4486421840265, 16.1564,59.4996080845594, 17.2824,2,16.6787,2,12.42228,1.34445,48.6075,1
59.4670707834885, 18.4551,59.516785684973, 18.759,2,16.67924,2,12.12762,0.271795,49.7394,1
59.4823888838291, 17.5736,59.5328206848353, 14.5232,2,16.67951,2,8.940214,-0.709969,50.0425,1
59.4996080845594, 15.8551,59.5499726850539, 20.4072,2,16.67926,2,10.2366,0.098934,46.9925,1
59.516785684973, 16.7435,59.5663922857493, 13.1566,2,16.67928,3,9.34615,0.957617,51.5464,1
59.5328206848353, 17.1301,59.5826850850135, 16.3196,2,16.67942,2,8.239905,-0.817738,47.9589,1
59.5499726850539, 16.0249,59.6002035848796, 17.4131,2,16.67922,2,9.819369,-0.612893,47.1493,1
59.5663922857493, 17.4976,59.6158632840961, 17.2884,2,16.67947,2,10.56467,-0.007443,48.5264,1
59.5826850850135, 16.1147,59.6327507849783, 16.9794,2,16.6793,2,8.187683,-0.793615,48.3278,1
59.6002035848796, 17.4661,59.6495506856591, 16.9362,2,16.67954,2,9.260838,0.034913,49.1985,1
59.6158632840961, 15.018,59.6670305859298, 17.5943,2,16.67903,2,12.42759,-1.009259,48.6695,1
59.6327507849783, 18.5195,59.6825891863555, 13.3769,2,16.67959,3,12.44694,0.004014,51.2457,1
59.6495506856591, 15.7718,59.6988594867289, 16.5266,2,16.67932,2,8.559415,-0.71508,46.1033,1
59.6670305859298, 16.8196,59.7164139859378, 17.5564,2,16.67936,2,12.26049,0.250492,46.8586,1
59.6825891863555, 16.4178,59.7341369856149, 19.5804,2,16.67928,2,11.83776,-1.008736,47.5959,1
59.6988594867289, 16.7488,59.7504404857755, 17.1983,2,16.6793,3,12.84659,-0.213121,50.7518,1
59.7164139859378, 16.5347,,2,16.67925,3,9.99088,-1.290945,51.2068,1
59.7341369856149, 17.2389,,2,16.67943,,9.360408,-0.953469,,1
59.7504404857755, 14.5211,,2,16.67877,,11.49964,-0.79132,,1
59.7504404857755, 16.7741,,2,16.6788,,11.17442,-0.149711,,1
,,3,,,8.544245,0.823833,,1
,,,,,12.78527,-0.673408,,1
,,,,,12.36192,0.980689,,1
,,,,,12.28031,-0.753636,,1
,,,,,9.130467,-0.746361,,1
,,,,,10.85241,0.244107,,1
,,,,,12.45551,-0.182825,,1
,,,,,8.737436,-0.498049,,1
,,,,,10.70076,0.047652,,1
,,,,,9.011093,-0.975177,,1
,,,,,11.73392,-0.963182,,1
,,,,,11.89495,-0.847687,,1
,,,,,10.36325,0.432908,,1
,,,,,9.811077,-0.656866,,1
,,,,,8.934882,-0.02434,,1
,,,,,12.72029,-0.879436,,1
,,,,,12.49729,-0.532632,,1
,,,,,9.693366,0.042824,,1
,,,,,10.38614,-1.328032,,1
,,,,,8.655636,-0.055388,,1
,,,,,12.52463,0.008755,,1
,,,,,10.45368,-1.145301,,1
,,,,,7.961832,-0.544301,,1
,,,,,13.10579,-0.673722,,1
,,,,,11.78634,-0.142474,,1
,,,,,9.573801,-0.178186,,1
,,,,,10.8559,0.135902,,1
,,,,,10.20092,-0.349926,,1
,,,,,10.14327,0.12138,,1
,,,,,8.090386,-0.734864,,1
,,,,,11.7375,0.483292,,1
,,,,,9.576826,-0.109112,,1
,,,,,10.14912,-0.651171,,1
,,,,,6.850864,-0.198329,,1
,,,,,12.41381,-0.918391,,1
,,,,,11.04151,-0.845553,,1
,,,,,11.87597,-0.490475,,1
,,,,,12.44633,0.593856,,1
,,,,,8.613691,-0.580631,,1
,,,,,12.51825,0.214037,,1
,,,,,12.69958,-0.352659,,1
,,,,,12.20984,-0.630455,,1
,,,,,8.836031,-0.554611,,1
,,,,,9.758963,-0.497005,,1
,,,,,8.024959,-0.891769,,1
,,,,,11.83346,-0.883711,,1
,,,,,10.08141,-0.781253,,1
,,,,,10.5035,-0.272598,,1
,,,,,9.622169,-0.600045,,1
,,,,,8.840711,0.066024,,1
,,,,,12.57835,-0.223607,,1
,,,,,10.3979,0.062847,,1
,,,,,9.750545,-0.456805,,1
,,,,,8.424076,-0.114911,,1
,,,,,11.37421,0.027316,,1
,,,,,11.93115,0.436943,,1
,,,,,11.3583,-0.647941,,1
,,,,,10.10491,0.868075,,1
,,,,,8.068484,-1.575553,,1
,,,,,11.34636,-0.557181,,1
,,,,,9.491441,0.107382,,1
,,,,,12.47332,-0.655002,,1
,,,,,8.748153,-0.445186,,1
,,,,,11.64008,0.026671,,1
,,,,,9.945218,-0.472514,,1
,,,,,8.306002,-0.362599,,1
,,,,,12.48659,0.149848,,1
,,,,,12.24503,0.23858,,1
,,,,,9.895314,0.005593,,1
,,,,,10.6237,-1.057044,,1
,,,,,12.15845,0.15487,,1
,,,,,11.72282,0.568984,,1
,,,,,11.43081,0.022285,,1
,,,,,9.858744,-0.148714,,1
,,,,,8.99933,-0.329056,,1
,,,,,11.39702,0.633202,,1
,,,,,9.756515,-0.367883,,1
,,,,,11.64891,-0.350339,,1
,,,,,8.903556,0.098158,,1
,,,,,12.0655,0.764068,,1
,,,,,11.08788,0.746111,,1
,,,,,12.13084,0.61933,,1
,,,,,10.41484,-0.010811,,1
,,,,,9.691632,-0.287032,,1
,,,,,8.062289,-1.039304,,1
,,,,,9.21697,-0.492876,,1
,,,,,9.382111,-0.430318,,1
,,,,,10.02713,-0.198145,,1
,,,,,9.984304,0.039871,,1
,,,,,11.26648,0.104882,,1
,,,,,12.46042,-0.590007,,1
,,,,,10.52275,-0.923404,,1
,,,,,10.29553,0.335741,,1
,,,,,8.374018,0.630927,,1
,,,,,11.62871,0.695213,,1
,,,,,10.6534,0.148327,,1
,,,,,10.74796,-0.511487,,1
,,,,,8.046473,0.700382,,1
,,,,,11.05089,-0.521298,,1
,,,,,11.06307,-0.377678,,1
,,,,,9.698887,-0.311908,,1
,,,,,10.28912,-0.112299,,1
,,,,,7.871498,-0.996134,,1
,,,,,12.31738,-0.255069,,1
,,,,,10.41911,0.830599,,1
,,,,,10.2439,-0.835833,,1
,,,,,8.652034,-0.683074,,1
,,,,,12.82277,0.17335,,1
,,,,,12.0488,1.210348,,1
,,,,,10.78683,1.093846,,1
,,,,,10.81387,-0.180016,,1
,,,,,10.62245,0.722622,,1
,,,,,8.254752,1.033047,,1
,,,,,10.36265,-0.806117,,1
,,,,,8.646716,-0.376581,,1
,,,,,12.10488,-0.831225,,1
,,,,,9.152453,-0.302662,,1
,,,,,7.477717,0.388347,,1
,,,,,12.37708,-0.835328,,1
,,,,,11.99872,-0.868603,,1
,,,,,12.60176,0.384245,,1
,,,,,10.18155,0.208184,,1
,,,,,9.871028,-0.923554,,1
,,,,,12.6669,-0.815492,,1
,,,,,12.59216,0.60259,,1
,,,,,11.10992,0.419398,,1
,,,,,9.632354,0.073798,,1
,,,,,10.75749,0.87864,,1
,,,,,10.45161,-0.193413,,1
,,,,,11.0651,-0.866926,,1
,,,,,11.1833,0.544561,,1
,,,,,10.06766,0.834442,,1
,,,,,9.163213,-0.562556,,1
,,,,,9.932326,0.460746,,1
,,,,,10.58364,-0.956415,,1
,,,,,11.12896,-0.854876,,1
,,,,,9.372856,0.511112,,1
,,,,,10.67505,0.594794,,1
,,,,,7.624515,0.149009,,1
,,,,,12.52908,-0.88951,,1
,,,,,12.71629,-0.308429,,1
,,,,,9.305306,0.022433,,1
,,,,,9.074791,-0.854676,,1
,,,,,7.88071,0.697862,,1
,,,,,12.44133,-0.131443,,1
,,,,,12.05647,0.200952,,1
,,,,,10.16548,0.207087,,1
,,,,,10.60494,0.03883,,1
,,,,,9.464943,-0.068784,,1
,,,,,11.82505,-0.946355,,1
,,,,,11.31861,-0.188454,,1
,,,,,9.91537,-0.176153,,1
,,,,,10.06248,-1.091124,,1
,,,,,9.852555,0.747451,,1
,,,,,9.272254,-0.131942,,1
,,,,,11.73295,-0.395279,,1
,,,,,11.89072,-0.218016,,1
,,,,,11.25405,-0.199929,,1
,,,,,9.280542,-0.258804,,1
,,,,,8.346779,0.056604,,1
,,,,,12.03722,-0.985488,,1
,,,,,11.93993,0.061838,,1
,,,,,10.5107,-0.935706,,1
,,,,,10.318,-0.315862,,1
,,,,,11.70459,-0.820792,,1
,,,,,12.67116,-0.302752,,1
,,,,,11.64181,-0.321425,,1
,,,,,10.86846,-0.483738,,1
,,,,,12.19889,0.155107,,1
,,,,,12.39625,-0.279148,,1
,,,,,12.21552,-0.322055,,1
,,,,,10.07204,-0.33668,,1
,,,,,9.076993,-0.419306,,1
,,,,,9.723748,-0.634932,,1
,,,,,10.58895,0.306225,,1
,,,,,10.31188,-0.47009,,1
,,,,,8.539506,-0.680955,,1
,,,,,11.80953,-0.29942,,1
,,,,,10.49788,0.685214,,1
,,,,,9.67609,-0.438059,,1
,,,,,8.588855,-1.080146,,1
,,,,,12.22742,-0.330433,,1
,,,,,10.20299,1.032952,,1
,,,,,9.309959,-0.565083,,1
,,,,,8.896146,0.675467,,1
,,,,,12.63133,-0.145427,,1
,,,,,12.01305,0.024579,,1
,,,,,8.866483,-0.578219,,1
,,,,,10.24943,-0.847778,,1
,,,,,7.866927,-0.824939,,1
,,,,,11.68902,-0.412738,,1
,,,,,11.60172,0.904063,,1
,,,,,10.39138,0.505826,,1
,,,,,10.45714,0.193521,,1
,,,,,9.307638,-0.42564,,1
,,,,,12.09944,-0.316301,,1
,,,,,9.236374,0.382779,,1
,,,,,9.349779,-0.773559,,1
,,,,,8.28584,0.124585,,1
,,,,,12.2009,-0.484471,,1
,,,,,12.05782,1.001914,,1
,,,,,9.616459,0.063835,,1
,,,,,9.234815,-0.482364,,1
,,,,,11.56997,-1.014314,,1
,,,,,12.26459,-0.586964,,1
,,,,,8.759965,0.673974,,1
,,,,,9.920764,0.75709,,1
,,,,,8.801714,-0.687556,,1
,,,,,12.52596,-0.829211,,1
,,,,,12.36743,-0.302336,,1
,,,,,11.14741,0.553739,,1
,,,,,9.165056,0.119516,,1
,,,,,10.88011,-0.72324,,1
,,,,,9.466136,-0.26473,,1
,,,,,11.92106,0.722617,,1
,,,,,9.496884,1.241858,,1
,,,,,9.92104,-0.314451,,1
,,,,,10.45833,-0.67726,,1
,,,,,8.824583,-0.261705,,1
,,,,,9.235042,-1.235503,,1
,,,,,8.722251,0.088782,,1
,,,,,12.14576,-0.076132,,1
,,,,,12.15571,-0.948755,,1
,,,,,11.9485,0.876922,,1
,,,,,10.86842,0.291426,,1
,,,,,9.439932,-0.495873,,1
,,,,,8.797155,-0.014142,,1
,,,,,12.61048,0.354789,,1
,,,,,8.311174,-0.650306,,1
,,,,,9.546273,-0.216931,,1
,,,,,8.322242,-0.112482,,1
,,,,,11.63571,-0.403233,,1
,,,,,9.601806,0.214201,,1
,,,,,10.46383,-0.53893,,1
,,,,,8.074382,-1.317315,,1
,,,,,11.77283,-0.881086,,1
,,,,,11.9214,0.250843,,1
,,,,,9.43793,-0.341676,,1
,,,,,9.995115,-0.245492,,1
,,,,,8.985086,-0.943093,,1
,,,,,12.32456,-0.947894,,1
,,,,,9.728176,-0.388122,,1
,,,,,9.934492,0.079449,,1
,,,,,7.977793,-0.488748,,1
,,,,,12.61599,-0.504645,,1
,,,,,12.74552,-0.897352,,1
,,,,,9.770451,-0.431563,,1
,,,,,7.907648,-0.354803,,1
,,,,,11.99934,-0.808449,,1
,,,,,11.94395,0.369605,,1
,,,,,12.82916,1.615161,,1
,,,,,9.963203,0.1674,,1
,,,,,8.243349,-0.184179,,1
,,,,,12.1396,0.437649,,1
,,,,,9.233539,-0.899841,,1
,,,,,8.0728,0.343969,,1
,,,,,9.516279,-0.609719,,1
,,,,,8.191951,-0.109387,,1
,,,,,9.449741,0.050751,,1
,,,,,12.49933,-0.095076,,1
,,,,,11.44402,-0.075103,,1
,,,,,10.35449,-1.675075,,1
,,,,,9.721349,-0.328772,,1
,,,,,7.687676,1.864791,,1
,,,,,11.9998,-0.712142,,1
,,,,,11.96208,-0.267775,,1
,,,,,13.50177,-0.49077,,1
,,,,,10.08591,-0.015743,,1
,,,,,6.833342,-1.430556,,1
,,,,,12.41908,-0.498469,,1
,,,,,11.92647,-0.463029,,1
,,,,,10.88824,0.312411,,1
,,,,,9.653756,-1.239046,,1
,,,,,11.52067,0.435058,,1
,,,,,8.766229,-0.862683,,1
,,,,,12.28479,-0.309324,,1
,,,,,9.684846,0.181962,,1
,,,,,11.31584,-0.4666,,1
,,,,,7.969583,0.002118,,1
,,,,,12.65822,-0.251101,,1
,,,,,12.05374,-0.63992,,1
,,,,,9.9748,0.20811,,1
,,,,,12.13418,-0.848087,,1
,,,,,8.397701,-0.609924,,1
,,,,,11.92952,-0.488854,,1
,,,,,12.28629,0.282854,,1
,,,,,11.55279,-0.818704,,1
,,,,,10.92342,-1.225662,,1
,,,,,10.64135,-0.35594,,1
,,,,,10.38515,0.698761,,1
,,,,,9.469704,0.320835,,1
,,,,,12.77676,-0.655833,,1
,,,,,12.92674,,,1
,,,,,12.04954,,,1
,,,,,9.148065,,,1
,,,,,8.627133,,,1
