Interval,Time
152.3842,81.02611000023968
2.103,81.00943000023952
1.3133,81.04279000023985
1.0077,81.05947000024003
1.0026,81.07616000023997
1.0292,81.09283000023989
0.9823,81.10952000023984
1.4577,81.12621000023978
1.9698,81.14290000023972
1.8865,81.15958000023988
1.0693,81.17627000023984
0.9072,81.19299000024004
0.9233,81.20971000024025
0.8955,81.22642000024021
0.9276,81.24314000024042
0.8406,81.25986000024062
0.9235,81.2765600002408
0.999,81.29326000024099
0.9317,81.30996000024118
0.8488,81.32664000024134
0.7819,81.34334000024153
0.6916,81.36002000024169
0.7777,81.37670000024187
0.7203,81.39339000024181
1.0525,81.4100200002417
1.8242,81.42669000024162
1.5813,81.44334000024153
1.4835,81.46003000024147
0.7346,81.47671000024164
0.7211,81.49341000024182
0.6706,81.51010000024178
0.6777,81.52675000024168
0.7059,81.54342000024161
0.7653,81.56009000024153
0.6619,81.5767700002417
0.6987,81.59345000024186
0.6497,81.61013000024204
0.6525,81.62680000024196
0.6509,81.6434400002421
0.6461,81.66010000024224
0.6614,81.67674000024236
0.7256,81.6934100002423
0.6923,81.7100600002422
0.7918,81.72670000024233
0.8704,81.74339000024227
1.7291,81.76004000024218
0.9556,81.77672000024235
1.4407,81.79337000024226
0.671,81.8100600002422
0.8755,81.84342000024206
0.5257,81.82673000024212
0.5282,81.86010000024224
0.6182,81.8767800002424
0.7113,81.89346000024257
0.5919,81.9101300002425
0.5522,81.92681000024267
0.5617,81.94348000024259
0.5958,81.96016000024275
0.547,81.97683000024269
0.5351,81.99351000024285
0.6066,82.01018000024278
0.6847,82.0268500002427
0.9028,82.04352000024262
0.9473,82.0602000002428
0.7212,82.07689000024274
0.8707,82.09356000024266
0.7051,82.11024000024284
0.6384,82.126920000243
1.8414,82.16028000024333
0.7592,82.1769600002435
0.6354,82.14360000024317
0.576,82.19365000024345
0.5647,82.21033000024362
0.5649,82.22701000024378
0.5648,82.24368000024371
0.5649,82.26036000024388
0.6149,82.27705000024382
0.5856,82.29373000024398
0.585,82.31041000024416
0.6179,82.32709000024433
0.6009,82.34377000024449
0.6037,82.36045000024465
0.6121,82.37714000024461
0.6595,82.39382000024477
0.645,82.41050000024494
0.6472,82.42719000024488
12.0045,82.44386000024481
15.9298,82.46055000024475
17.2567,82.47723000024492
15.914,82.49391000024508
16.1273,82.51058000024501
16.6984,82.52725000024493
16.371,82.54392000024487
17.359,82.56059000024479
17.072,82.57727000024495
17.9154,82.59394000024488
17.7398,82.61062000024505
15.5195,82.62729000024497
18.5437,82.64397000024515
14.2016,82.66065000024531
16.9385,82.67733000024548
16.3788,82.69402000024542
18.0247,82.7107000002456
16.097,82.72739000024553
14.8267,82.74406000024545
17.189,82.76074000024563
17.4704,82.7774200002458
16.0203,82.79411000024574
16.9618,82.8107900002459
16.9038,82.82747000024608
16.4005,82.84416000024602
16.1718,82.86083000024594
17.1787,82.8775100002461
16.2183,82.89419000024628
15.9044,82.91088000024622
17.2809,82.92757000024616
15.6134,82.94426000024612
16.6318,82.96093000024604
17.4824,82.97760000024596
16.2505,82.99428000024614
16.7636,83.01095000024605
17.0242,83.02763000024622
16.3458,83.04431000024638
16.5464,83.06099000024656
16.7325,83.07767000024673
16.7617,83.09434000024665
16.8341,83.11101000024658
16.5103,83.1276800002465
16.6022,83.14437000024644
17.1476,83.16107000024664
16.8518,83.17780000024662
16.1238,83.19449000024656
17.0185,83.21119000024675
17.5407,83.2279000002467
15.7914,83.24461000024667
16.6722,83.26132000024663
16.6844,83.27804000024683
16.533,83.29473000024679
16.7914,83.31144000024675
16.8575,83.32812000024691
17.0144,83.34481000024685
16.0123,83.36149000024703
16.5658,83.37815000024717
17.1529,83.39484000024711
16.3941,83.41149000024703
16.9834,83.42817000024719
16.1839,83.4448200002471
16.7169,83.46151000024705
16.8039,83.47817000024719
17.0647,83.49486000024713
16.1381,83.51148000024725
17.0381,83.52817000024719
16.5674,83.54486000024714
16.7855,83.56152000024728
16.668,83.57823000024725
18.0491,83.59492000024719
17.2196,83.61159000024712
14.182,83.62826000024704
17.1685,83.64496000024722
16.4578,83.66161000024714
16.5497,83.6782900002473
16.7576,5.003236666666809
16.6959,5.019916666666977
16.6084,5.0366266666669395
16.5001,5.053316666666884
16.684,5.069996666667052
16.8041,5.086676666667219
16.5295,5.103386666667182
16.7969,5.120086666667368
16.584,5.136776666667313
16.662,5.15345666666748
16.6151,5.170106666667387
16.7795,5.186766666667536
16.7608,5.203436666667462
16.4624,5.220076666667592
16.4782,5.236766666667536
16.795,5.253406666667666
16.6095,5.270066666667815
16.7494,5.286746666667983
16.9179,5.303416666667909
16.3722,5.320126666667871
16.9336,5.336846666668076
16.5393,5.353516666668002
16.5853,5.370166666667909
16.6836,5.386836666667834
16.4479,5.403526666667778
16.8002,5.420196666667704
16.658,5.43684666666761
16.6441,5.453526666667778
16.6826,5.470206666667946
16.6582,5.4868966666678896
16.6178,5.503586666667834
16.7378,5.520266666668001
16.6902,5.536946666668169
16.4647,5.553686666668392
16.8948,5.570336666668299
16.6913,5.587016666668467
16.5372,5.603736666668672
17.0498,5.620376666668802
16.7467,5.63705666666897
16.4702,5.653686666668858
16.8262,5.670336666668765
16.6948,5.687026666668709
16.5587,5.703706666668877
16.7209,5.720356666668784
16.4919,5.737046666668728
16.7479,5.7537266666688955
16.8804,5.770366666669026
16.4788,5.7870666666692125
16.6598,5.8037466666693796
16.618,5.820436666669324
17.8162,5.83710666666925
16.0364,5.853816666669212
16.3008,5.870506666669156
16.6955,5.887166666669305
16.878,5.903866666669492
16.3933,5.920576666669454
16.5884,5.937286666669417
16.7219,5.953956666669343
16.7827,5.9706266666692684
16.6666,5.987296666669193
16.5533,6.00399666666938
16.741,6.020646666669287
16.7679,6.037316666669212
16.471,6.0540066666691565
16.7734,6.070686666669324
16.5325,6.087366666669491
17.2121,6.104056666669436
16.1072,6.120726666669361
16.8327,6.1374166666693055
16.6316,6.154096666669473
16.7015,6.170756666669622
16.5612,6.187456666669808
16.8089,6.204166666669771
16.3847,6.22082666666992
16.656,6.237476666669827
16.4146,6.254136666669976
17.3213,6.270816666670144
16.7507,6.287526666670106
16.173,6.304206666670274
16.4234,6.320886666670441
16.8892,6.337566666670609
17.4197,6.354246666670777
16.4415,6.370896666670684
16.244,6.387586666670628
17.0846,6.40429666667059
16.008,6.420966666670516
17.3717,6.437636666670442
16.3845,6.454326666670386
16.7816,6.471046666670591
16.7956,6.487736666670535
16.4156,6.504446666670497
16.7583,6.521096666670404
16.3065,6.537806666670367
17.4511,6.5544766666702925
15.86,6.571166666670237
16.8371,6.587846666670404
16.557,6.604496666670311
16.7133,6.621136666670441
17.0492,6.6377866666703484
16.814,6.654466666670516
16.6585,6.671106666670647
16.7707,6.687776666670572
16.1232,6.704446666670497
17.1114,6.721126666670665
16.6541,6.737796666670591
16.1797,6.7545066666705535
16.956,6.771186666670721
16.4691,6.787906666670926
16.9002,6.804566666671075
16.2855,6.821266666671261
18.2264,6.837946666671429
15.2393,6.854656666671391
16.9443,6.871306666671298
16.8179,6.887996666671243
16.2489,6.90467666667141
16.5015,6.921356666671578
17.265,6.938036666671746
16.4276,6.954666666671634
16.3346,6.971376666671596
16.784,6.988016666671727
17.1152,7.004696666671895
16.1301,7.021386666671838
17.2499,7.038066666672006
18.3631,7.054756666671951
14.9832,7.071406666671857
16.0854,7.088086666672025
16.7127,7.104796666671987
16.567,7.121516666672193
16.643,7.13819666667236
17.4383,7.154886666672304
16.0604,7.171596666672267
17.0404,7.188246666672174
16.1688,7.204956666672136
16.6198,7.221636666672304
17.0295,7.2383666666722855
16.7078,7.25505666667223
17.2546,7.271706666672137
15.9256,7.288356666672043
16.6669,7.30500666667195
16.6533,7.321696666671895
17.3284,7.338346666671802
15.8716,7.3550366666717455
16.7264,7.371696666671895
16.9379,7.388386666671838
16.6956,7.4050166666717265
16.6685,7.421676666671876
16.4208,7.4383566666720435
16.7085,7.455056666672229
16.5564,7.471736666672397
17.1067,7.488446666672361
16.3169,7.505136666672304
17.3031,7.521836666672491
16.1558,7.538546666672453
16.2631,7.5551966666723605
16.9123,7.5718766666725275
16.651,7.588536666672677
16.6898,7.605226666672621
16.6649,7.62188666667277
16.4613,7.638566666672937
16.8975,7.6551966666728255
16.5284,7.671866666672751
16.7041,7.688516666672658
17.4187,7.705176666672807
16.7899,7.721856666672974
16.6139,7.738546666672919
16.5992,7.755246666673105
16.7102,7.771906666673254
16.7352,7.788606666673441
16.5905,7.8052866666736085
16.7685,7.822006666673813
17.4264,7.838686666673981
14.9535,7.855386666674167
16.5828,7.872046666674316
16.7548,7.888726666674484
16.8287,7.9054266666746695
16.5773,7.922086666674819
16.6825,7.938796666674782
16.8002,7.955476666674949
16.4858,7.972176666675136
16.6158,7.988826666675043
16.9663,8.005536666675004
16.59,8.022196666675153
16.7542,8.038906666675118
16.5623,8.055606666675303
17.5318,8.07228666667547
16.591,8.088966666675638
16.69,8.105646666675806
16.7131,8.122316666675731
16.3746,8.138986666675658
16.9479,8.15569666667562
16.5481,8.172366666675545
16.8046,8.189076666675508
16.5688,8.205736666675657
16.8639,8.2224266666756
16.853,8.23908666667575
16.3945,8.255786666675936
16.4514,8.272446666676085
16.6354,8.28911666667601
17.548,8.305806666675956
15.1882,8.322456666675862
16.892,8.33913666667603
16.8329,8.35577666667616
16.4201,8.372476666676347
16.9395,8.38916666667629
16.409,8.405856666676234
16.3804,8.422516666676383
16.9234,8.439196666676551
16.4622,8.455866666676476
16.9876,8.472556666676422
16.7898,8.489266666676384
16.5285,8.505936666676309
16.4584,8.522616666676477
16.4845,8.539266666676383
16.654,8.555906666676513
17.6326,8.572566666676662
15.3468,8.58923666667659
17.1934,8.605906666676514
16.4885,8.622596666676458
16.8822,8.639256666676607
16.7093,8.655926666676532
16.57,8.6726066666767
16.6718,8.689296666676643
16.7711,8.705976666676811
16.7549,8.72265666667698
17.3681,8.739366666676942
15.969,8.75604666667711
16.6285,8.772726666677277
17.2338,8.789416666677221
16.9954,8.806116666677408
16.4335,8.822776666677557
18.0897,8.839446666677482
14.7181,8.856116666677408
16.3454,8.872796666677576
16.9569,8.889466666677501
16.9128,8.906116666677407
16.9271,8.92282666667737
16.344,8.939526666677557
16.5142,8.956186666677706
16.4437,8.972846666677855
17.0962,8.98951666667778
17.2353,9.006216666677966
16.23,9.022896666678134
16.9926,9.039586666678078
16.2549,9.05629666667804
16.5286,9.072966666677967
17.3292,9.089616666677873
16.6034,9.106296666678041
16.958,9.123006666678004
16.6579,9.139666666678153
16.4563,9.156376666678115
16.8832,9.173026666678023
16.3136,9.189706666678191
17.3977,9.206386666678357
16.7441,9.223076666678303
15.6205,9.239766666678246
16.1669,9.256446666678414
17.0867,9.2731466666786
16.8455,9.289816666678526
16.4504,9.30650666667847
16.9121,9.323186666678637
17.2776,9.339906666678843
16.3426,9.356596666678787
16.8638,9.373256666678936
16.3929,9.389896666679066
16.9297,9.406606666679028
16.8955,9.423316666678991
16.6513,9.439986666678916
16.2604,9.456646666679065
16.9743,9.473346666679252
16.7485,9.490036666679195
16.7012,9.506696666679344
16.3635,9.523366666679271
17.304,9.540086666679475
15.9834,9.55677666667942
16.6193,9.573426666679326
16.9079,9.590076666679233
16.9215,9.60674666667916
16.2522,9.623426666679327
16.9917,9.640076666679233
16.7209,9.656746666679158
17.7269,9.673426666679326
15.5124,9.69011666667927
16.6013,9.706796666679438
16.5178,9.723466666679364
16.4869,9.74013666667929
16.984,9.756816666679457
15.6683,9.773476666679606
17.149,9.790186666679569
17.0706,9.806876666679512
16.736,9.823536666679662
17.1215,9.84019666667981
15.7107,9.856866666679736
16.6333,9.873526666679885
16.8564,9.890206666680053
16.6493,9.906896666679996
16.6191,9.923596666680183
16.5182,9.94027666668035
16.8279,9.956916666680481
17.2852,9.973626666680444
16.6642,9.99029666668037
16.6011,10.006976666680536
16.6104,10.023656666680704
17.2567,10.04034666668065
16.4395,10.057066666680853
16.404,10.07373666668078
16.7902,10.090396666680927
16.8475,10.107096666681114
15.9782,10.123806666681077
16.4316,10.140456666680985
16.6874,10.157146666680928
16.5257,10.173826666681096
17.1775,10.190546666681302
16.6169,10.207226666681468
17.0477,10.223866666681598
17.2159,10.240576666681562
16.0704,10.257256666681728
17.0003,10.273946666681674
16.5281,10.29059666668158
17.0603,10.307296666681767
16.5126,10.32398666668171
16.366,10.340656666681635
17.0043,10.357296666681766
16.6882,10.373976666681934
16.5249,10.390656666682101
16.3964,10.40733666668227
16.2054,10.424016666682437
16.5657,10.440656666682568
16.9202,10.457376666682773
16.6889,10.474046666682698
16.7697,10.490706666682847
17.4165,10.50739666668279
16.5956,10.524096666682977
16.3796,10.540746666682884
16.9118,10.557426666683051
16.6328,10.57407666668296
16.5951,10.590756666683125
16.8221,10.607446666683071
16.4481,10.624086666683201
16.4197,10.640776666683145
16.3414,10.657476666683332
17.0002,10.6741566666835
16.6661,10.690806666683406
16.3959,10.707486666683574
17.1792,10.724196666683536
16.6299,10.740896666683723
16.4862,10.75759666668391
16.9738,10.774286666683853
16.7319,10.790996666683816
16.2883,10.807656666683965
17.1035,10.82432666668389
16.6836,10.840996666683816
16.3044,10.857676666683982
16.5286,10.87435666668415
16.7684,10.891006666684058
16.6751,10.907666666684207
17.561,10.924356666684151
16.6506,10.941056666684338
16.9727,10.9577666666843
15.909,10.974436666684225
17.1184,10.991136666684412
16.175,11.007826666684355
16.7198,11.024516666684299
16.7189,11.041206666684245
16.7545,11.05788666668441
16.9764,11.074566666684579
16.4111,11.091216666684486
16.5434,11.107856666684617
16.7073,11.124476666684728
17.0289,11.14118666668469
16.5775,11.157866666684859
16.5097,11.174546666685027
16.4544,11.191216666684952
17.0607,11.207916666685138
16.7622,11.224636666685344
16.4642,11.24131666668551
16.6991,11.257996666685678
16.5373,11.274676666685846
16.9792,11.291386666685808
16.7923,11.308056666685735
16.491,11.32472666668566
16.7209,11.341426666685846
16.6238,11.358106666686014
16.5371,11.37477666668594
16.8853,11.39141666668607
16.8178,11.408116666686256
15.9303,11.424796666686422
16.2182,11.44147666668659
16.5773,11.458126666686498
17.244,11.474806666686666
16.7894,11.491486666686832
16.4055,11.508146666686981
17.1318,11.524856666686945
16.537,11.541546666686889
16.9275,11.558256666686852
16.2722,11.574916666687
17.0909,11.591616666687187
16.7709,11.608306666687131
16.7394,11.624976666687056
16.5918,11.641626666686964
17.1447,11.658316666686908
16.7312,11.67502666668687
16.1193,11.69168666668702
16.9723,11.708376666686963
16.5955,11.72502666668687
16.3166,11.741706666687039
17.046,11.758396666686982
16.6539,11.775106666686945
17.5403,11.79182666668715
15.1371,11.808506666687316
17.1702,11.825186666687484
17.0473,11.841826666687615
15.4255,11.858496666687541
16.4353,11.875146666687447
16.6008,11.891816666687372
17.3716,11.908516666687559
17.2679,11.925196666687727
16.2114,11.941836666687857
17.0171,11.958526666687801
16.7736,11.975216666687746
16.2955,11.991856666687877
17.0771,12.00854666668782
16.1786,12.025226666687988
16.7129,12.041886666688137
17.2122,12.058576666688081
16.5926,12.075266666688025
16.6364,12.09193666668795
16.2271,12.108616666688118
17.1903,12.125276666688267
15.4511,12.141956666688435
17.001,12.158666666688397
16.3827,12.175346666688565
16.8653,12.192056666688527
16.8795,12.208756666688714
16.6791,12.225466666688677
16.3545,12.242106666688807
16.7665,12.258756666688715
16.4869,12.275436666688881
17.2333,12.292126666688826
16.5162,12.308836666688789
16.315,12.325496666688938
16.9896,12.3422066666889
16.7649,12.35886666668905
16.2119,12.375536666688975
16.9918,12.392216666689142
16.7328,12.408926666689105
16.4223,12.425606666689273
16.9231,12.442276666689198
16.6498,12.458916666689328
16.6788,12.475556666689458
17.155,12.492256666689645
16.4919,12.508936666689813
15.9754,12.525606666689738
17.2247,12.542316666689702
16.6531,12.558996666689868
16.4399,12.575666666689795
16.6321,12.592356666689739
16.5814,12.609046666689682
16.6886,12.62572666668985
17.0291,12.642436666689813
16.843,12.65913666669
16.5486,12.675786666689906
16.4995,12.69249666668987
16.7834,12.70913666669
16.6892,12.725816666690166
16.3541,12.742476666690315
16.8787,12.759146666690242
16.6601,12.775846666690429
16.6872,12.792536666690372
16.9568,12.809226666690316
17.0576,12.825876666690222
16.0807,12.842546666690149
16.7602,12.859196666690055
16.4738,12.875906666690017
16.4994,12.892546666690148
16.91,12.90925666669011
16.4734,12.925936666690278
17.0678,12.942616666690446
16.3999,12.959296666690614
16.5302,12.975936666690744
16.9032,12.992616666690912
17.1365,13.009316666691099
16.0029,13.025996666691267
16.7834,13.042646666691173
16.8424,13.059356666691135
16.3228,13.076006666691043
16.8923,13.092716666691006
16.8022,13.109366666690912
20.0663,13.126056666690856
16.2831,13.142746666690801
20.0803,13.15940666669095
10.1696,13.176086666691116
16.8501,13.192766666691284
17.1355,13.209476666691247
15.8975,13.226136666691396
16.6266,13.242816666691564
16.8226,13.259476666691713
16.5848,13.276166666691656
16.7295,13.292836666691583
17.136,13.309516666691751
16.0315,13.326196666691917
17.0143,13.342876666692085
16.3994,13.359556666692253
16.9226,13.376226666692178
16.4463,13.392896666692105
17.4671,13.409606666692067
17.2646,13.426306666692254
16.1117,13.442976666692179
16.4656,13.459666666692122
16.4315,13.476376666692085
16.4516,13.493076666692271
16.961,13.50973666669242
16.3496,13.526406666692345
16.8326,13.543086666692513
16.5414,13.559766666692681
16.5801,13.576406666692812
17.007,13.59308666669298
16.9871,13.609776666692923
16.7267,13.626466666692869
16.4791,13.643116666692775
16.5675,13.659766666692681
17.2706,13.676466666692868
16.6012,13.693156666692811
16.7306,13.70981666669296
16.5225,13.726496666693128
16.7123,13.743176666693296
16.9679,13.759826666693202
16.2998,13.776496666693129
16.8546,13.793166666693054
16.6988,13.809826666693203
16.8928,13.826546666693408
16.5448,13.843206666693558
15.945,13.859876666693483
16.7823,13.876566666693426
16.7398,13.893256666693372
16.6271,13.909946666693315
16.9058,13.926626666693483
17.4213,13.943316666693427
16.913,13.959996666693595
16.3378,13.976686666693539
16.8853,13.993356666693463
16.7053,14.010046666693409
16.4977,14.026726666693575
16.5011,14.043396666693502
16.7005,14.060066666693427
17.025,14.076766666693613
16.9664,14.093476666693576
15.9878,14.110176666693762
16.3787,14.126836666693912
16.2277,14.14351666669408
16.7349,14.160206666694023
16.581,14.176886666694191
16.582,14.193566666694357
16.7875,14.210246666694525
16.869,14.226926666694693
16.3165,14.243586666694842
16.8374,14.260226666694972
17.0856,14.27690666669514
16.6972,14.293606666695327
16.7959,14.310276666695252
17.0157,14.32695666669542
17.1399,14.343636666695588
17.1365,14.36034666669555
15.4011,14.377026666695718
16.7349,14.393696666695643
16.7587,14.41037666669581
16.4864,14.427056666695979
17.4106,14.443726666695904
16.3945,14.460386666696053
17.0228,14.477076666695996
16.4388,14.493736666696146
16.66,14.510396666696295
16.3962,14.527046666696203
16.326,14.543756666696165
16.5003,14.560436666696333
16.7935,14.577106666696258
17.0795,14.593826666696463
16.1636,14.610486666696612
16.4235,14.627176666696556
17.227,14.643856666696724
17.0861,14.660556666696909
16.7905,14.677256666697096
16.1352,14.693936666697264
16.6795,14.710586666697171
17.0352,14.727266666697338
16.6782,14.743976666697302
16.1408,14.760616666697432
16.7957,14.777286666697357
16.7166,14.793946666697506
16.6732,14.810616666697431
18.14,14.827266666697339
14.9459,14.843946666697505
16.7363,14.860626666697673
16.7323,14.8772966666976
16.3952,14.893976666697766
16.9906,14.910636666697915
17.0053,14.927336666698102
16.1896,14.944056666698307
16.648,14.960776666698512
16.4246,14.977456666698679
17.3474,14.994156666698865
16.5948,15.010816666699014
16.4437,15.02748666669894
17.0647,15.044206666699145
16.3054,15.060886666699313
16.3785,15.07756666669948
16.8578,15.094246666699648
16.4495,15.110896666699555
16.6653,15.127546666699462
16.7679,15.144226666699629
16.8636,15.160896666699555
16.8245,15.177576666699723
17.0125,15.194296666699927
16.2244,15.210946666699835
17.0489,15.227666666700038
16.9334,15.244336666699965
16.9888,15.261016666700133
16.3179,15.2776966667003
16.5287,15.294376666700467
16.7195,15.31106666670041
16.669,15.32772666670056
16.6534,15.344406666700728
17.1899,15.361086666700896
15.6285,15.37775666670082
16.5894,15.394406666700728
17.0842,15.411126666700934
16.2639,15.427796666700859
17.0266,15.444506666700821
16.5916,15.461196666700765
17.0707,15.477906666700727
15.8144,15.494586666700895
17.082,15.511296666700858
16.3396,15.527946666700766
17.0275,15.544656666700728
16.7234,15.561356666700915
16.2527,15.577996666701045
17.0481,15.594686666700989
16.8218,15.611356666700914
16.2593,15.628016666701063
17.098,15.64469666670123
16.0654,15.661376666701399
16.8623,15.678036666701548
16.7566,15.694726666701492
16.9502,15.711426666701678
16.3465,15.728076666701584
16.5926,15.744756666701752
16.812,15.761426666701679
16.7131,15.778086666701828
16.5932,15.794766666701994
16.7257,15.811446666702162
16.4143,15.828116666702089
16.5632,15.844776666702238
16.8596,15.861456666702404
16.6479,15.878106666702312
16.5359,15.89478666670248
16.6374,15.911466666702648
16.8968,15.928156666702591
16.8697,15.944866666702554
16.4935,15.96156666670274
16.9364,15.978236666702665
16.3543,15.994936666702852
16.7108,16.011626666702796
17.0745,16.02832666670298
16.5556,16.044996666702907
16.8827,16.06170666670287
16.5665,16.07838666670304
16.937,16.095076666702983
16.6278,16.111746666702906
16.3271,16.128416666702833
17.1257,16.145106666702777
16.4297,16.16179666670272
16.4553,16.178466666702647
17.0673,16.195136666702574
16.6596,16.21183666670276
16.3508,16.228486666702665
16.7286,16.24517666670261
17.0497,16.26181666670274
16.2615,16.27847666670289
16.9945,16.295176666703075
16.5094,16.311846666703
16.4363,16.32850666670315
17.3053,16.34523666670313
16.4056,16.361916666703298
16.4782,16.37857666670345
16.8033,16.39528666670341
16.6869,16.411956666703336
17.5925,16.42867666670354
16.2036,16.445376666703726
16.4514,16.462026666703633
16.9741,16.4787066667038
16.7246,16.495416666703765
15.9915,16.512056666703895
16.658,16.528736666704063
16.4147,16.54541666670423
16.845,16.562106666704175
16.6529,16.578816666704135
16.5302,16.595476666704286
16.8279,16.612146666704213
16.7676,16.628846666704398
16.641,16.645546666704583
31.768,16.662236666704526
11.5458,16.678916666704694
8.7508,16.695566666704604
14.4976,16.71224666670477
16.5526,16.728896666704678
17.2531,16.745556666704825
15.9874,16.762226666704752
16.5882,16.77889666670468
16.8588,16.795576666704843
17.277,16.812236666704994
16.3824,16.828876666705124
16.2562,16.84554666670505
16.933,16.86222666670522
16.9956,16.87894666670542
16.8891,16.89564666670561
16.6801,16.912326666705777
16.8409,16.929036666705738
16.742,16.945746666705702
16.5377,16.962436666705646
16.7526,16.97912666670559
16.9279,16.995826666705774
16.8911,17.01253666670574
16.2983,17.029216666705906
16.9975,17.045876666706054
16.7526,17.062516666706184
17.0788,17.07920666670613
15.2493,17.095856666706037
16.698,17.112496666706168
17.2424,17.12916666670609
16.0729,17.145806666706225
17.0178,17.16248666670639
16.9434,17.179166666706557
16.3739,17.1958566667065
16.5684,17.212526666706427
16.8206,17.229226666706616
16.4376,17.245886666706763
16.6877,17.26256666670693
17.4177,17.279276666706895
16.321,17.295936666707043
16.9766,17.312646666707007
16.5111,17.329306666707154
16.9134,17.345986666707322
16.4196,17.36266666670749
17.3928,17.379366666707675
16.3846,17.396066666707863
16.4469,17.41276666670805
16.706,17.429446666708216
16.2677,17.446096666708122
17.0634,17.462816666708328
16.6417,17.479466666708234
16.3858,17.49613666670816
16.6707,17.512786666708067
15.9429,17.529456666707993
16.8192,17.54611666670814
16.4468,17.562766666708047
16.9121,17.579416666707957
16.7692,17.59608666670788
16.5886,17.612766666708048
16.8922,17.629406666708178
16.5139,17.646086666708346
17.075,17.66280666670855
16.5028,17.679506666708736
16.3694,17.6962166667087
16.6646,17.712876666708848
17.1219,17.729576666709036
16.0155,17.74626666670898
16.6384,17.762946666709148
17.3032,17.779646666709333
16.0282,17.79631666670926
17.0439,17.813026666709224
16.8084,17.82967666670913
16.2607,17.846336666709277
16.7986,17.862986666709183
17.0716,17.87966666670935
16.4647,17.89634666670952
17.1388,17.913026666709687
16.2159,17.92971666670963
16.422,17.94637666670978
17.0131,17.963096666709987
16.4358,17.979746666709893
17.1243,17.996446666710078
16.5941,18.013126666710246
16.6246,18.029796666710173
16.5166,18.04647666671034
17.0058,18.063136666710488
16.9893,18.079836666710676
16.2537,18.0965066667106
17.1241,18.113176666710526
17.31,18.129816666710656
15.9753,18.14651666671084
16.615,18.16316666671075
16.1086,18.179846666710915
16.7769,18.196526666711083
16.894,18.213236666711047
16.8286,18.22992666671099
16.1692,18.246586666711142
17.2305,18.263296666711103
16.6286,18.279986666711046
15.8957,18.296666666711214
16.9565,18.31331666671112
16.7519,18.32999666671129
16.4456,18.346676666711456
17.1203,18.3633666667114
16.8025,18.38002666671155
16.1909,18.396686666711698
16.7904,18.413376666711642
16.5775,18.43002666671155
16.8333,18.446726666711736
17.2534,18.46341666671168
16.4681,18.480096666711848
16.7597,18.496776666712016
17.5659,18.5134766667122
16.4742,18.530146666712128
16.8731,18.54683666671207
15.3961,18.563546666712035
16.4191,18.580206666712183
16.5919,18.59688666671235
17.0235,18.61356666671252
16.4019,18.630246666712686
16.6594,18.646926666712854
17.1721,18.66362666671304
16.4012,18.68028666671319
16.5209,18.696966666713358
16.9298,18.713646666713526
16.5566,18.730306666713673
16.6932,18.74698666671384
16.6903,18.763656666713768
16.6807,18.780316666713915
17.41,18.796986666713842
16.7805,18.81366666671401
16.6827,18.830326666714157
15.7947,18.846996666714084
16.9934,18.863706666714045
16.6144,18.88037666671397
16.479,18.897046666713898
17.0009,18.913766666714103
16.668,18.930456666714047
16.198,18.947136666714215
17.2181,18.963816666714383
16.036,18.98049666671455
16.9695,18.997176666714715
16.8539,19.01388666671468
16.6264,19.030556666714606
16.2871,19.047216666714753
17.4066,19.063906666714697
16.4803,19.080536666714586
16.981,19.09724666671455
16.018,19.11392666671472
16.7095,19.130616666714662
16.8468,19.14729666671483
17.1139,19.16400666671479
16.2509,19.18066666671494
17.0483,19.197356666714885
16.5301,19.214036666715053
16.9382,19.230726666714997
16.3083,19.247406666715165
16.9131,19.264076666715088
16.5163,19.280746666715014
16.8004,19.297436666714958
16.4885,19.314116666715126
16.6861,19.330756666715256
16.5138,19.347436666715424
17.0881,19.364116666715592
16.3689,19.38079666671576
17.1146,19.397476666715928
16.9215,19.41418666671589
16.2927,19.43084666671604
16.7892,19.447526666716207
16.2569,19.46421666671615
16.6828,19.480916666716336
16.857,19.497646666716317
16.5379,19.514316666716244
16.3329,19.53097666671639
16.9112,19.54765666671656
16.8834,19.564356666716748
16.3068,19.581006666716654
16.8648,19.59768666671682
16.8158,19.614406666717027
16.4104,19.631056666716933
16.9971,19.647746666716877
16.3567,19.664386666717007
16.9866,19.681106666717213
16.5721,19.697796666717156
16.8051,19.714516666717362
16.2665,19.73114666671725
16.6804,19.747836666717195
17.1596,19.764516666717363
16.0889,19.781156666717493
16.7784,19.797826666717416
16.9004,19.814476666717326
17.2821,19.83116666671727
15.9897,19.847816666717176
17.0285,19.86451666671736
16.3753,19.88116666671727
16.2329,19.897846666717435
16.7715,19.91451666671736
16.9108,19.93121666671755
16.265,19.947896666717714
17.2248,19.96460666671768
16.5917,19.981306666717863
16.6712,19.99798666671803
16.2388,20.014656666717958
16.8661,20.031306666717864
16.4989,20.04797666671779
16.771,20.064666666717734
16.8901,20.0813766667177
16.565,20.09804666671762
16.5899,20.11472666671779
16.9679,20.131406666717957
16.6317,20.148086666718125
16.8402,20.16477666671807
16.2193,20.181466666718013
17.0735,20.1981666667182
16.5002,20.214866666718386
16.4474,20.231546666718554
16.6622,20.24819666671846
16.6846,20.26485666671861
16.8878,20.28153666671878
16.8506,20.298226666718723
16.4086,20.31488666671887
16.6479,20.331536666718776
17.2014,20.348236666718964
16.3139,20.364896666719112
16.4827,20.381556666719263
17.1849,20.398276666719468
16.6152,20.41499666671967
16.4724,20.43169666671986
16.6534,20.448396666720043
16.8758,20.46504666671995
16.605,20.481716666719876
17.0319,20.49843666672008
16.3593,20.51509666672023
16.5122,20.53175666672038
16.8888,20.548446666720324
17.1716,20.56511666672025
16.2348,20.581766666720156
17.06,20.5984566667201
16.4435,20.615106666720006
17.1801,20.63180666672019
16.7246,20.648526666720397
16.3593,20.665176666720306
16.6357,20.68184666672023
17.0826,20.698566666720435
16.5597,20.71525666672038
16.9465,20.731926666720305
15.3395,20.74859666672023
16.6768,20.765246666720138
16.8557,20.781926666720306
16.922,20.79861666672025
16.3767,20.815266666720156
17.7375,20.83196666672034
15.8756,20.848656666720284
16.6908,20.865336666720452
16.2736,20.881986666720362
16.7687,20.898636666720268
17.441,20.915336666720453
15.952,20.93200666672038
17.0472,20.948696666720323
16.618,20.96534666672023
16.8669,20.982046666720418
16.3964,20.998696666720324
18.5407,21.015386666720268
15.2699,21.032056666720194
16.4341,21.048746666720138
16.8815,21.065466666720344
16.3227,21.08212666672049
16.9359,21.098836666720455
16.3746,21.11550666672038
16.5804,21.132176666720305
17.2333,21.148856666720473
16.465,21.16553666672064
16.8018,21.182196666720788
21.7681,21.198846666720694
12.0426,21.21551666672062
15.5308,21.23215666672075
17.2451,21.248876666720957
16.1239,21.265546666720883
17.1864,21.282266666721085
16.9547,21.29898666672129
16.509,21.315676666721235
16.4039,21.332356666721402
17.4026,21.34905666672159
16.105,21.36573666672176
17.0806,21.38244666672172
16.3785,21.399116666721646
16.9508,21.415776666721793
16.6739,21.432466666721737
16.6818,21.449106666721867
16.5638,21.465756666721777
16.9256,21.482396666721908
16.374,21.49908666672185
16.4974,21.515736666721757
16.891,21.53244666672172
17.2862,21.549136666721665
15.8328,21.56582666672161
16.7169,21.582486666721756
16.8416,21.599146666721907
16.5413,21.61583666672185
17.0247,21.632536666722036
16.5095,21.64922666672198
16.9081,21.665936666721944
16.3536,21.682626666721887
16.9475,21.699306666722055
16.4501,21.71595666672196
16.7141,21.73263666672213
16.9341,21.749346666722094
16.3306,21.76602666672226
17.1873,21.782726666722446
16.7207,21.799386666722597
16.3572,21.816086666722782
17.6392,21.83271666672267
14.8565,21.849386666722594
16.668,21.866046666722745
16.9189,21.88274666672293
16.9132,21.899456666722894
16.3742,21.9161066667228
16.9307,21.932776666722727
17.1579,21.94946666672267
16.7391,21.96617666672263
16.2039,21.98282666672254
17.1029,21.999536666722502
16.6746,22.016256666722708
16.5173,22.032936666722875
16.6269,22.049596666723023
16.669,22.066236666723153
16.7618,22.08293666672334
16.4397,22.09961666672351
16.8105,22.11625666672364
16.5774,22.13289666672377
16.7669,22.149576666723938
16.6766,22.166226666723844
16.9874,22.18288666672399
16.312,22.199556666723918
16.7079,22.216236666724086
16.7961,22.23292666672403
16.7333,22.24958666672418
16.5023,22.266276666724124
16.6516,22.282956666724292
16.8907,22.29963666672446
16.6177,22.316336666724645
16.8759,22.33305666672485
16.4786,22.349726666724774
16.6345,22.36641666672472
17.2085,22.38312666672468
16.4183,22.399826666724866
16.7522,22.416516666724814
16.5513,22.43319666672498
16.3689,22.449876666725146
16.9458,22.46658666672511
16.4134,22.483246666725258
17.1405,22.499926666725425
17.2228,22.516626666725614
15.6031,22.533296666725537
16.9455,22.549926666725426
16.6353,22.56661666672537
16.5391,22.583286666725296
16.9565,22.599956666725223
16.4958,22.616656666725408
16.7753,22.63331666672556
16.8722,22.65002666672552
16.2924,22.666676666725426
16.5203,22.683326666725335
17.1784,22.700036666725296
16.5243,22.71673666672548
17.1774,22.73341666672565
16.4656,22.750126666725613
16.0835,22.76680666672578
17.0226,22.78348666672595
16.2411,22.800146666726096
16.9695,22.816786666726227
18.0748,22.833486666726415
15.0248,22.85017666672636
16.3674,22.866826666726265
17.082,22.88351666672621
16.4771,22.900166666726115
17.0144,22.91683666672604
16.3108,22.933526666725985
17.0648,22.950196666725912
16.3846,22.966906666725873
17.4333,22.983626666726078
16.5947,23.000306666726246
16.7414,23.01699666672619
16.166,23.033676666726357
16.8394,23.050326666726264
16.831,23.06699666672619
16.0236,23.083646666726096
16.7782,23.100326666726264
16.5716,23.11699666672619
16.7925,23.133646666726097
16.6089,23.150296666726003
16.5554,23.166946666725913
16.9863,23.183626666726077
16.3924,23.200306666726245
16.8489,23.216986666726413
16.9483,23.233696666726377
16.4019,23.250406666726338
16.6803,23.267086666726506
16.4619,23.283756666726433
16.6253,23.300446666726376
16.925,23.317116666726303
16.8926,23.333826666726264
16.8392,23.35050666672643
16.9268,23.367216666726396
16.6044,23.3839366667266
16.3129,23.40059666672675
16.8306,23.417246666726655
17.7577,23.433936666726602
16.5713,23.450616666726766
15.7135,23.467316666726955
16.262,23.4840066667269
17.0086,23.500676666726825
16.403,23.517336666726973
17.3574,23.53401666672714
16.8472,23.550686666727067
16.0557,23.56735666672699
17.4364,23.584066666726955
16.5715,23.60073666672688
16.7049,23.61741666672705
16.6099,23.634066666726955
16.961,23.65076666672714
16.4147,23.66742666672729
16.1325,23.684116666727235
16.3956,23.700756666727365
17.0992,23.717436666727533
16.7146,23.7341166667277
16.8109,23.750786666727624
16.5995,23.767476666727568
16.4964,23.78416666672751
17.0407,23.800876666727476
16.4721,23.817546666727402
18.7123,23.834256666727363
13.6662,23.85092666672729
17.0641,23.867636666727254
16.6986,23.884306666727177
17.3182,23.90101666672714
16.0712,23.91769666672731
16.7125,23.934396666727494
16.154,23.95106666672742
17.0916,23.967716666727327
17.868,23.984396666727495
16.8846,24.0010466667274
15.7469,24.017756666727365
16.4818,24.03440666672727
16.9733,24.05108666672744
17.5801,24.067756666727362
15.9925,24.084406666727272
17.0642,24.10106666672742
16.6724,24.117786666727625
16.3311,24.134466666727793
16.4152,24.15112666672794
17.2972,24.167846666728146
16.5399,24.184506666728296
16.3665,24.201186666728464
16.9319,24.217866666728632
16.5207,24.234536666728555
16.9107,24.25124666672852
16.7297,24.267936666728463
16.5984,24.28461666672863
16.2299,24.3012966667288
16.9436,24.318016666729005
16.4329,24.334696666729172
16.8876,24.351376666729337
16.5607,24.368056666729505
17.0605,24.384756666729693
16.439,24.40143666672986
16.5444,24.418086666729767
16.9374,24.434756666729694
16.5888,24.45141666672984
16.5493,24.46809666673001
16.9666,24.484756666730156
16.422,24.501396666730287
16.6601,24.518066666730213
17.1606,24.53478666673042
16.4485,24.551466666730587
16.3879,24.568136666730513
16.9132,24.584856666730715
16.4196,24.601516666730866
16.1971,24.618176666731014
16.4051,24.63485666673118
17.0486,24.651546666731125
16.3808,24.668226666731293
16.7765,24.68489666673122
16.5142,24.70153666673135
16.9506,24.718206666731277
16.364,24.7348766667312
16.6946,24.75152666673111
16.741,24.768206666731274
17.1341,24.784916666731238
16.391,24.801596666731406
16.4129,24.818246666731312
18.6525,24.834956666731276
15.3771,24.85164666673122
16.2461,24.868346666731405
16.9032,24.88503666673135
16.4378,24.901726666731296
17.224,24.91839666673122
16.3871,24.935076666731387
17.0235,24.951736666731538
16.0611,24.968416666731706
16.3211,24.98509666673187
17.195,25.00174666673178
16.4588,25.018416666731703
17.0148,25.035106666731647
16.1871,25.051746666731777
16.9963,25.068446666731965
16.4339,25.08513666673191
16.9636,25.101836666732094
16.4541,25.11850666673202
16.6867,25.135176666731947
16.8793,25.15184666673187
16.601,25.16854666673206
16.867,25.185236666732003
16.2702,25.20188666673191
17.0693,25.218596666731873
16.2887,25.23525666673202
16.702,25.25193666673219
16.7305,25.268586666732094
16.6371,25.285266666732262
16.9275,25.301976666732227
16.5255,25.318656666732394
16.4984,25.335316666732542
16.6888,25.35198666673247
17.2202,25.36869666673243
16.1964,25.38534666673234
17.5659,25.402046666732524
17.1553,25.41874666673271
16.2227,25.435436666732652
16.7545,25.4521266667326
16.7255,25.468786666732747
16.7738,25.48549666673271
16.7892,25.50217666673288
16.647,25.51890666673286
16.6245,25.535596666732804
16.3904,25.552266666732727
17.0647,25.56895666673267
16.5363,25.585646666732618
16.4059,25.60231666673254
17.1024,25.619006666732485
16.4334,25.635696666732432
16.67,25.65235666673258
16.4123,25.669036666732747
17.0227,25.685706666732674
16.5437,25.702346666732804
17.227,25.719056666732765
16.131,25.735726666732692
16.5311,25.752376666732598
16.7343,25.76906666673254
16.8389,25.78574666673271
16.5867,25.802416666732636
16.9199,25.81911666673282
18.3626,25.835806666732765
15.7071,25.85247666673269
16.3418,25.869196666732897
16.2694,25.885856666733044
16.7378,25.902536666733212
16.5327,25.91920666673314
16.5756,25.935876666733062
16.7372,25.952536666733213
16.6093,25.96921666673338
16.9559,25.98589666673355
16.553,26.002566666733472
16.81,26.01921666673338
16.5434,26.035866666733288
16.7796,26.05255666673323
16.2027,26.069226666733158
16.6082,26.085946666733363
16.4157,26.102656666733324
16.5638,26.119346666733268
16.9951,26.136066666733473
16.3594,26.152726666733624
16.5688,26.169396666733547
16.9332,26.186066666733474
16.7809,26.2027366667334
17.243,26.21944666673336
16.7775,26.23612666673353
15.9829,26.25276666673366
17.0315,26.26942666673381
17.2705,26.286126666733995
15.8838,26.302756666733885
16.608,26.319436666734052
16.7522,26.336136666734237
16.7117,26.35282666673418
16.4878,26.369516666734125
16.6285,26.386146666734014
16.6905,26.40281666673394
16.8004,26.419516666734125
16.7002,26.436186666734052
17.043,26.452856666733975
16.5741,26.46956666673394
16.4304,26.486236666733866
16.8927,26.50291666673403
17.3886,26.5195966667342
16.751,26.536266666734125
16.6645,26.552946666734293
17.3029,26.569656666734257
15.9533,26.586316666734405
16.9606,26.60301666673459
16.4431,26.6196666667345
16.9429,26.636316666734405
16.8543,26.653026666734366
16.6833,26.669676666734276
16.5117,26.68637666673446
16.4855,26.703066666734404
16.7548,26.719746666734572
16.5452,26.736386666734703
17.0514,26.753106666734908
16.3473,26.769756666734814
17.0695,26.78646666673478
16.3025,26.803156666734722
16.7443,26.819806666734628
16.9018,26.836496666734572
15.3207,26.85317666673474
16.9058,26.869876666734925
17.0525,26.886576666735113
16.7845,26.903286666735074
16.4005,26.919926666735204
16.3088,26.936606666735372
17.1151,26.95330666673556
16.3681,26.969976666735484
16.7784,26.986676666735672
17.0489,27.003386666735633
16.034,27.020036666735542
16.7661,27.03668666673545
16.719,27.053346666735596
16.7176,27.069996666735502
16.4791,27.08667666673567
16.6465,27.103356666735838
17.0928,27.119986666735727
16.5478,27.136666666735895
17.0031,27.15335666673584
16.0328,27.16999666673597
16.6844,27.186686666735913
17.0603,27.2033866667361
16.7478,27.22009666673606
17.2714,27.236806666736026
16.6527,27.253516666735987
16.4479,27.270206666735934
17.2564,27.286926666736136
16.4013,27.30364666673634
16.8276,27.32032666673651
16.0818,27.337016666736453
16.7321,27.353706666736397
16.9285,27.370386666736565
15.5386,27.387046666736715
16.5899,27.403686666736846
17.3242,27.420336666736752
16.8386,27.43701666673692
16.7835,27.45365666673705
16.6793,27.47029666673718
16.6807,27.486946666737087
16.9853,27.503646666737275
15.5396,27.520306666737422
16.9462,27.53696666673757
16.9776,27.553636666737496
17.0828,27.570356666737702
16.1024,27.58703666673787
16.9584,27.603736666738055
16.4419,27.620416666738222
16.7218,27.63709666673839
16.831,27.653806666738355
16.4144,27.670466666738502
16.8423,27.687156666738446
16.8696,27.703856666738634
16.7113,27.720566666738595
16.6664,27.73723666673852
16.5862,27.75391666673869
16.9194,27.770576666738837
16.6458,27.7872866667388
17.2274,27.803976666738745
16.9312,27.82064666673867
16.8387,27.837316666738595
15.8537,27.853996666738762
15.37,27.870636666738893
16.7618,27.887286666738802
16.8675,27.90393666673871
16.8636,27.920636666738893
16.2914,27.93731666673906
17.4666,27.95399666673923
16.5273,27.970696666739414
16.6742,27.987376666739582
16.4374,28.00405666673975
16.8271,28.020726666739677
16.4009,28.03741666673962
17.011,28.054106666739564
16.5325,28.070796666739508
16.6364,28.08745666673966
16.6184,28.10412666673958
16.5742,28.12079666673951
16.5876,28.137446666739415
17.1019,28.154126666739582
16.2843,28.170816666739526
16.8353,28.18753666673973
16.727,28.20423666673992
16.7405,28.220936666740105
16.4595,28.23763666674029
16.8252,28.254306666740217
16.803,28.270986666740384
16.9313,28.287676666740328
16.7788,28.304346666740255
16.9938,28.321026666740423
16.3016,28.337696666740346
17.4727,28.354356666740497
16.502,28.37102666674042
16.8854,28.38767666674033
17.0448,28.404336666740477
16.0096,28.421016666740645
17.0288,28.43771666674083
16.5092,28.45436666674074
16.7599,28.47108666674094
16.5939,28.487756666740868
17.3611,28.504476666741073
16.0228,28.521146666741
17.1187,28.53785666674096
16.5873,28.554566666740925
16.14,28.571246666741093
16.6558,28.58792666674126
15.9728,28.604616666741205
16.1078,28.621296666741372
16.7862,28.63794666674128
16.6899,28.654616666741205
16.972,28.67128666674113
16.4004,28.687956666741055
16.7975,28.704596666741185
16.6087,28.72124666674109
16.6447,28.737916666741018
16.8601,28.75462666674098
16.3377,28.77127666674089
16.7686,28.787956666741053
17.2506,28.80465666674124
16.7358,28.821326666741165
17.5979,28.837976666741074
15.6967,28.854656666741242
16.7907,28.871356666741427
16.2261,28.88806666674139
16.5424,28.904766666741576
16.9866,28.92145666674152
16.4738,28.938176666741725
17.1538,28.954846666741652
16.4416,28.971536666741596
16.5434,28.988246666741556
16.3303,29.004926666741724
17.3118,29.021626666741913
16.653,29.038326666742098
16.6465,29.054966666742228
17.1369,29.071666666742413
16.5633,29.088326666742564
16.4522,29.104956666742453
17.3472,29.121666666742414
16.0402,29.13831666674232
17.0109,29.155006666742267
15.7309,29.17167666674219
16.4183,29.188326666742096
17.0908,29.204976666742006
16.5236,29.22166666674195
16.6027,29.23830666674208
16.7248,29.254966666742227
16.7937,29.27165666674217
16.7609,29.28833666674234
16.9371,29.305046666742303
16.5102,29.321716666742226
16.8555,29.338416666742415
16.2065,29.35510666674236
16.9163,29.371796666742302
16.5505,29.38847666674247
16.8976,29.405196666742675
16.3778,29.421876666742843
16.9127,29.438576666743028
16.974,29.455226666742934
16.4762,29.47189666674286
16.3428,29.488546666742767
16.989,29.50525666674273
16.3911,29.5219366667429
17.2434,29.538616666743067
16.1,29.55528666674299
16.9626,29.571956666742917
16.7087,29.588676666743122
16.3492,29.60533666674327
17.3124,29.622046666743234
16.7108,29.63869666674314
16.3347,29.655386666743084
16.6252,29.672026666743214
17.2847,29.68873666674318
16.2699,29.705396666743326
16.7238,29.722076666743494
16.325,29.7387266667434
16.3433,29.75536666674353
16.8246,29.772046666743698
16.7199,29.78870666674385
17.0045,29.80541666674381
16.7032,29.822086666743736
18.4386,29.8387966667437
14.7117,29.855456666743848
16.8832,29.872166666743812
17.7148,29.888876666743773
16.6718,29.9055466667437
16.4268,29.922246666743884
16.0075,29.938936666743828
16.3649,29.955606666743755
16.6857,29.97225666674366
17.2598,29.98893666674383
16.4324,30.005606666743756
16.3177,30.022276666743682
17.1729,30.03895666674385
16.4704,30.055636666744014
16.2839,30.07232666674396
17.9597,30.089026666744147
16.2663,30.105696666744073
16.9471,30.122386666744017
16.6875,30.139086666744202
16.7767,30.155796666744166
16.6609,30.17248666674411
16.2709,30.189166666744278
16.9503,30.2058366667442
16.1784,30.222506666744128
16.2325,30.239186666744295
16.5346,30.255826666744426
16.8211,30.272506666744594
16.8452,30.28917666674452
16.823,30.305836666744668
16.821,30.322486666744574
16.8701,30.33916666674474
16.2944,30.35583666674467
16.9822,30.372516666744836
16.777,30.389176666744984
16.9717,30.405866666744927
16.815,30.42257666674489
16.2757,30.43925666674506
16.9999,30.455976666745265
16.5897,30.472686666745226
16.6708,30.48937666674517
16.8006,30.506046666745096
16.4895,30.522746666745284
17.1388,30.539416666745208
16.9133,30.556126666745172
16.3392,30.572796666745095
17.1296,30.589486666745042
16.6437,30.606196666745003
16.7005,30.622856666745154
16.5208,30.6395166667453
16.7521,30.656216666745486
16.6743,30.672896666745654
16.6236,30.689586666745598
16.6209,30.706266666745766
16.7154,30.722946666745933
16.845,30.739656666745898
16.5118,30.756326666745824
15.342,30.772966666745955
17.3119,30.78966666674614
16.3872,30.806376666746104
16.4858,30.82303666674625
18.7907,30.839726666746195
14.5114,30.85641666674614
16.8183,30.873106666746082
16.9639,30.88979666674603
16.0859,30.906446666745936
17.0219,30.923126666746104
16.6486,30.939846666746305
16.4718,30.956496666746215
17.1502,30.973156666746362
16.3633,30.98982666674629
17.0609,31.006496666746212
16.6773,31.02317666674638
16.6017,31.039856666746548
17.2294,31.056526666746475
16.6325,31.07322666674666
16.6497,31.089906666746828
16.7843,31.106586666746995
16.6545,31.123286666747184
16.5859,31.139966666747352
16.6748,31.156666666747537
16.728,31.173346666747705
16.6123,31.19001666674763
15.6584,31.206666666747537
16.9878,31.22333666674746
16.8562,31.240026666747408
16.4233,31.256686666747555
16.8122,31.273366666747723
16.3688,31.290006666747853
17.039,31.306696666747797
16.5648,31.323376666747965
16.8474,31.340056666748133
16.5963,31.3567366667483
16.4857,31.373436666748486
16.4528,31.390096666748637
17.3628,31.40676666674856
16.6188,31.423456666748503
16.3214,31.44012666674843
16.389,31.45682666674862
17.0048,31.473506666748783
16.5909,31.490166666748934
17.5199,31.5068466667491
16.1118,31.52352666674927
16.7372,31.540216666749213
16.2048,31.55688666674914
17.0709,31.573576666749084
16.7179,31.590266666749027
16.5908,31.60693666674895
16.6353,31.623626666748898
16.8409,31.640306666749066
16.2181,31.65697666674899
17.0648,31.673656666749157
16.6841,31.690336666749324
16.658,31.707026666749268
16.7781,31.723736666749232
16.6255,31.74038666674914
16.6944,31.757056666749065
16.625,31.77374666674901
16.6007,31.790426666749177
16.6257,31.8070966667491
16.8221,31.823806666749064
16.1112,31.84045666674897
17.1776,31.85713666674914
16.6446,31.87379666674929
16.5271,31.890486666749233
16.6836,31.907196666749194
16.573,31.92387666674936
16.4025,31.94051666674949
17.3926,31.95719666674966
16.5368,31.973876666749828
17.2066,31.99056666674977
16.5217,32.007266666749956
16.8626,32.02391666674986
16.457,32.040596666750034
16.7306,32.057236666750164
16.754,32.07390666675009
16.6431,32.090586666750255
16.6935,32.107296666750216
16.7,32.12397666675039
16.7587,32.14066666675033
16.6422,32.1573466667505
16.7398,32.17403666675044
16.655,32.190756666750644
16.7915,32.207436666750816
16.4087,32.22414666675078
16.7504,32.240836666750724
16.6961,32.257526666750664
15.6438,32.274186666750815
16.9215,32.29086666675098
16.7392,32.30754666675115
16.6838,32.324226666751315
16.6538,32.34091666675126
16.6349,32.35757666675141
16.6998,32.37426666675135
16.8537,32.3909566667513
16.5447,32.40762666675123
16.8539,32.42429666675115
16.4944,32.441006666751115
16.399,32.45766666675126
16.946,32.47434666675143
16.7016,32.491026666751594
16.439,32.507666666751724
16.8956,32.52435666675167
17.1339,32.54104666675162
16.616,32.55772666675178
16.9949,32.57437666675169
16.7433,32.591046666751616
16.7245,32.60771666675154
16.6282,32.62441666675173
16.7377,32.641086666751654
16.7866,32.65776666675182
16.3822,32.67444666675199
16.8929,32.691126666752155
17.1279,32.707766666752285
15.4542,32.724406666752415
16.8001,32.741116666752376
16.6896,32.75781666675257
16.4849,32.77449666675273
16.7078,32.79118666675268
16.6971,32.807866666752844
16.3325,32.824506666752974
17.8651,32.841186666753146
15.7694,32.85786666675331
16.7812,32.87457666675327
16.6946,32.891296666753476
17.5464,32.90797666675365
16.6073,32.9246366667538
16.0305,32.94131666675396
16.8088,32.95799666675413
16.6585,32.974686666754074
16.768,32.991396666754035
16.9055,33.008106666754
16.2751,33.02475666675391
16.7858,33.041426666753836
16.7132,33.058096666753755
16.3475,33.074736666753886
16.9157,33.09142666675383
16.7931,33.10811666675377
16.5934,33.124796666753944
16.7949,33.14147666675411
16.5593,33.15815666675428
16.8015,33.174836666754445
16.4984,33.19153666675464
16.7112,33.2082166667548
16.7747,33.22490666675475
16.0382,33.24158666675491
16.8811,33.25824666675506
16.7198,33.27491666675499
16.3633,33.29155666675512
16.9817,33.30822666675504
16.7309,33.32490666675521
16.6555,33.341586666755376
16.6532,33.35827666675532
16.5596,33.37495666675549
16.8622,33.391626666755414
16.6028,33.408356666755395
16.8028,33.42505666675558
16.657,33.44173666675575
16.7513,33.45845666675596
16.5015,33.47513666675612
16.4827,33.49178666675603
17.21,33.5084666667562
16.5676,33.52512666675635
16.9726,33.541806666756514
16.5776,33.55848666675668
16.3218,33.57511666675657
17.0088,33.5917866667565
16.6028,33.60847666675644
16.7725,33.625146666756365
16.6462,33.64181666675629
16.6684,33.65852666675625
16.6449,33.67519666675618
16.6493,33.69187666675635
16.7402,33.708556666756515
16.7287,33.72523666675668
16.694,33.74196666675666
16.8013,33.75865666675661
16.4696,33.775326666756534
16.5416,33.79199666675646
16.4537,33.808656666756605
16.7003,33.825296666756735
16.8559,33.841956666756886
17.0359,33.85864666675683
16.2926,33.87529666675674
16.7396,33.89195666675689
16.8449,33.90862666675681
16.8984,33.92530666675698
16.3297,33.94195666675689
16.9341,33.958646666756835
16.4308,33.975326666757
16.761,33.992026666757184
16.9941,34.008736666757144
16.235,34.025376666757275
16.6827,34.04206666675722
17.0395,34.05875666675717
16.6508,34.07542666675709
16.4198,34.09206666675722
17.0612,34.10877666675719
16.6185,34.12545666675735
16.2709,34.14212666675728
16.9729,34.15882666675746
16.7452,34.17549666675739
16.7114,34.19218666675734
16.8779,34.20887666675728
16.7331,34.22553666675743
16.1922,34.24221666675759
16.5064,34.25892666675756
16.3574,34.275576666757466
17.2711,34.29224666675739
15.781,34.30892666675756
17.1493,34.32558666675771
16.8202,34.34226666675787
16.7524,34.35897666675784
16.6594,34.37566666675778
16.3339,34.39234666675795
17.4238,34.40903666675789
31.2161,34.42571666675806
10.5364,34.44239666675823
9.3526,34.45905666675838
15.243,34.47578666675836
16.6913,34.492466666758524
17.0461,34.509146666758696
16.5444,34.52582666675886
16.5468,34.54249666675879
16.6955,34.55920666675875
16.5033,34.57584666675888
16.9788,34.59252666675905
16.7467,34.609246666759255
16.7855,34.62596666675946
16.2265,34.64260666675959
16.9697,34.659306666759775
17.0367,34.675996666759715
16.645,34.69264666675962
16.635,34.70932666675979
17.2619,34.72600666675996
16.6313,34.742716666759925
16.6928,34.75939666676009
16.5219,34.77602666675998
16.7384,34.792686666760126
16.7518,34.809396666760094
17.7462,34.82607666676026
14.3668,34.842726666760164
16.7549,34.859436666760125
16.2469,34.87608666676004
17.1308,34.89275666675996
16.6974,34.909446666759905
16.7251,34.92612666676007
16.4372,34.94280666676024
17.3606,34.959506666760426
16.377,34.9761866667606
16.79,34.99285666676052
16.5185,35.00955666676071
16.2447,35.02619666676084
16.8469,35.042896666761024
16.8309,35.059586666760964
16.6985,35.076266666761136
16.6633,35.0929466667613
16.8035,35.109666666761505
16.6908,35.12633666676143
17.3411,35.14300666676136
17.5886,35.15968666676152
16.8214,35.176366666761695
16.565,35.19306666676188
16.4426,35.209736666761806
17.0066,35.22639666676195
17.0105,35.2430566667621
15.408,35.25970666676201
16.7553,35.276376666761934
16.7079,35.29304666676186
16.7936,35.30971666676179
15.1259,35.32636666676169
17.393,35.34303666676162
16.4555,35.35974666676158
17.5872,35.376446666761765
16.5623,35.39313666676171
16.6188,35.40982666676165
16.778,35.42653666676162
16.2229,35.443196666761764
17.1581,35.459896666761956
16.6786,35.47659666676214
16.6098,35.4933066667621
16.7118,35.50999666676205
16.2908,35.52663666676218
17.1439,35.543316666762344
16.6312,35.56000666676229
16.627,35.57669666676223
16.8136,35.59336666676216
16.6605,35.61007666676212
16.6825,35.626746666762045
16.6972,35.64341666676197
16.763,35.660096666762136
16.5712,35.67677666676231
16.6456,35.69347666676249
16.6546,35.71016666676244
16.7453,35.726846666762604
16.5743,35.743506666762755
16.5899,35.76018666676292
16.7156,35.77686666676309
16.607,35.79352666676324
16.9328,35.810206666763406
17.7894,35.82689666676335
14.7447,35.84357666676352
16.7381,35.860266666763465
16.1646,35.876906666763595
17.0494,35.893576666763515
18.1303,35.91026666676346
14.9747,35.92696666676365
17.2996,35.94364666676382
15.6187,35.96030666676396
17.0657,35.97699666676391
16.7289,35.993666666763836
16.7616,36.010346666764
16.8354,36.02700666676415
16.3012,36.04371666676411
16.8368,36.06040666676406
16.7479,36.077096666764
16.5807,36.09375666676415
16.6034,36.11042666676408
16.7734,36.12713666676404
16.7238,36.143806666763965
16.692,36.16049666676391
16.7393,36.177176666764076
16.524,36.19386666676402
17.2415,36.21051666676393
16.8985,36.227186666763856
16.6177,36.243846666764
16.8593,36.26053666676395
16.5203,36.27721666676411
16.6976,36.29389666676428
16.7386,36.31058666676422
16.6231,36.32725666676415
16.1344,36.34392666676408
16.6387,36.360616666764024
16.3194,36.37731666676421
16.7874,36.39399666676437
16.8518,36.41069666676456
16.6098,36.42737666676473
16.2893,36.444026666764636
16.8133,36.460686666764786
16.7053,36.47733666676469
16.9072,36.49400666676462
16.8409,36.51069666676456
16.4444,36.527366666764486
16.7719,36.54405666676443
16.7001,36.5607366667646
16.5982,36.577406666764524
16.7561,36.59408666676469
21.7767,36.61081666676467
12.7806,36.6274866667646
15.4165,36.644176666764544
16.9209,36.660866666764484
16.701,36.677546666764655
16.2253,36.69419666676456
17.1106,36.710876666764726
16.5216,36.72754666676465
16.8337,36.744226666764824
16.6699,36.76090666676499
16.7624,36.777576666764915
16.6568,36.794286666764876
16.609,36.81097666676482
17.825,36.82765666676499
15.2517,36.844326666764914
16.7475,36.861036666764875
16.6816,36.877716666765046
17.5067,36.894406666764986
16.6564,36.91108666676516
15.5797,36.92772666676529
16.8246,36.94438666676544
17.2547,36.9610666667656
16.6974,36.977746666765775
16.3373,36.99439666676568
16.9717,37.01108666676562
16.6742,37.02776666676579
16.44,37.0444166667657
16.9762,37.06109666676586
16.6938,37.07776666676579
16.7654,37.09447666676575
16.8241,37.1111666667657
16.5252,37.127856666765645
16.53,37.144496666765775
16.5999,37.16119666676596
16.8336,37.177876666766124
16.316,37.19452666676603
16.946,37.211236666766
16.7532,37.22790666676592
16.7388,37.24458666676609
16.6345,37.261266666766254
16.2658,37.277906666766384
17.0952,37.29457666676631
16.7089,37.311296666766516
16.7488,37.32798666676646
16.3937,37.34465666676638
16.4352,37.36136666676635
17.5002,37.378046666766515
16.7547,37.39472666676669
17.068,37.41141666676663
16.3985,37.42808666676655
16.2639,37.44480666676676
16.8154,37.46148666676692
17.196,37.478166666767095
16.6628,37.49483666676702
17.0766,37.511516666767186
16.1897,37.52819666676736
16.6306,37.54487666676752
15.9575,37.56156666676747
16.6756,37.57824666676763
16.5854,37.59494666676782
16.7505,37.611636666767765
16.6147,37.62831666676793
16.6012,37.64497666676808
16.8075,37.66166666676803
16.5687,37.678336666767954
16.6648,37.695006666767874
16.8632,37.711686666768045
16.6282,37.72835666676797
16.743,37.74503666676814
16.2899,37.76167666676827
16.9622,37.77834666676819
16.8822,37.79501666676812
16.5962,37.811716666768305
18.2898,37.82838666676823
14.932,37.84507666676817
16.6704,37.861776666768364
16.6629,37.87844666676828
16.6564,37.895126666768455
16.8424,37.91180666676862
16.5308,37.928526666768825
16.2794,37.945166666768955
16.9497,37.96183666676888
17.1951,37.97850666676881
16.5866,37.99519666676875
16.5274,38.01184666676866
17.5117,38.02851666676858
16.6688,38.04519666676875
16.1695,38.06184666676866
16.9789,38.078516666768586
15.3736,38.095156666768716
16.8272,38.1118566667689
17.0975,38.128556666769086
16.2498,38.14522666676901
16.5545,38.16186666676914
16.9206,38.178576666769104
16.8329,38.19526666676905
16.2831,38.21191666676896
16.6663,38.22859666676912
16.9629,38.24526666676905
16.3557,38.26194666676922
17.3155,38.278646666769404
16.5194,38.29532666676957
16.5327,38.312016666769516
16.8854,38.32873666676972
16.5874,38.345416666769886
16.2699,38.36204666676978
17.2491,38.37875666676974
16.5489,38.3954666667697
16.3425,38.41212666676985
17.0946,38.42883666676981
16.8708,38.44552666676976
16.0729,38.46216666676989
17.2045,38.47884666677005
16.6622,38.495526666770225
16.3735,38.512166666770355
16.8833,38.52884666677052
16.2915,38.545496666770426
16.6073,38.56214666677034
17.7958,38.5788266667705
15.3938,38.59546666677063
16.9511,38.61209666677052
16.938,38.628816666770724
16.7013,38.64550666677067
16.3154,38.6621466667708
17.0524,38.67886666677101
16.6387,38.69558666677121
16.4189,38.71226666677138
17.2031,38.72898666677158
16.5993,38.74569666677154
16.4187,38.76240666677151
17.3988,38.779106666771696
17.0615,38.79578666677186
16.4023,38.81242666677199
17.5532,38.82909666677192
14.994,38.84577666677209
16.4195,38.86241666677222
16.9262,38.879116666772404
16.8075,38.89578666677233
16.5281,38.91242666677246
16.7348,38.929106666772626
16.4632,38.94577666677255
16.7094,38.96240666677244
17.3206,38.97912666677264
16.2457,38.99582666677283
16.9134,39.012506666773
16.4572,39.02921666677296
16.7644,39.045916666773145
16.3108,39.06256666677305
16.9017,39.07927666677302
17.4477,39.09595666677318
16.7812,39.11265666677337
16.7205,39.129376666773574
16.6323,39.1460466667735
16.3502,39.16271666677343
17.0949,39.179386666773354
16.7411,39.196076666773294
16.5376,39.212736666773445
16.7824,39.229446666773406
16.7234,39.24613666677335
16.0702,39.2628266667733
16.2482,39.27951666677324
17.1533,39.29619666677341
15.8949,39.31283666677354
17.0728,39.3295466667735
16.3567,39.34619666677341
16.9801,39.362866666773336
16.982,39.379576666773296
15.7399,39.3962266667732
17.4019,39.41289666677313
16.658,39.429566666773056
16.6436,39.44622666677321
16.7419,39.46290666677337
16.6316,39.47962666677358
16.5816,39.49630666677374
16.7824,39.51301666677371
16.8378,39.52969666677387
16.1265,39.54631666677398
17.0023,39.563016666774175
16.5972,39.57969666677434
17.7534,39.596396666774524
16.1186,39.61308666677447
16.3822,39.6297566667744
16.6587,39.646426666774325
16.562,39.663096666774244
16.8473,39.67978666677419
16.8285,39.696466666774356
16.4819,39.713176666774324
16.6396,39.729866666774264
16.6668,39.746546666774435
16.6795,39.76320666677458
16.765,39.779896666774526
16.4749,39.79657666677469
16.7491,39.81325666677486
18.5893,39.829936666775026
14.9369,39.84659666677518
16.5248,39.86327666677535
16.7934,39.87996666677529
16.346,39.89660666677542
16.6859,39.913276666775346
16.9738,39.92995666677551
16.8528,39.94662666677544
16.1697,39.963316666775384
16.8073,39.980006666775324
16.7639,39.99669666677527
16.513,40.01338666677522
16.821,40.03007666677516
16.5147,40.04675666677533
16.6337,40.06346666677529
16.6369,40.08015666677523
17.1471,40.09684666677518
16.6672,40.11352666677534
16.3583,40.130176666775256
17.3486,40.146846666775176
16.7514,40.1635166667751
15.917,40.180196666775274
16.7555,40.19686666677519
16.5905,40.213546666775365
16.7462,40.23024666677555
16.7326,40.2469366667755
16.5522,40.26360666677542
16.7981,40.280296666775364
16.6863,40.297006666775324
16.3885,40.313666666775475
16.8833,40.33035666677542
17.0792,40.34704666677536
16.0843,40.363706666775514
16.8401,40.38038666677568
16.3505,40.39702666677581
16.9708,40.41366666677594
16.7499,40.43034666677611
16.5512,40.44701666677604
16.7396,40.46368666677596
17.3159,40.480396666775924
16.2868,40.497056666776075
16.6882,40.51371666677622
16.4351,40.53042666677619
16.8841,40.54710666677635
16.4699,40.56381666677631
16.768,40.58053666677652
16.667,40.597226666776464
16.607,40.61390666677663
16.602,40.6305866667768
16.8577,40.647266666776964
16.5892,40.66395666677691
16.7693,40.68064666677685
16.5394,40.697306666777
16.719,40.71397666677693
16.9328,40.730656666777094
16.423,40.74732666677702
16.7002,40.76399666677695
16.6542,40.780666666776874
17.126,40.797356666776814
16.3689,40.81400666677673
17.8718,40.83068666677689
15.5864,40.84736666677706
16.57,40.864056666777
16.7064,40.88074666677695
16.3154,40.89739666677686
16.8825,40.9140866667768
16.6129,40.93076666677697
17.6336,40.94746666677715
16.5698,40.96413666677708
16.295,40.980806666777006
17.0241,40.997476666776926
16.326,41.01412666677684
17.2925,41.03079666677676
16.5117,41.047466666776685
16.6103,41.06416666677687
16.6567,41.08084666677704
16.7915,41.09753666677698
16.7657,41.11420666677691
17.03,41.130896666776856
16.6606,41.14760666677682
16.6069,41.164296666776764
17.0436,41.181006666776725
16.3279,41.19769666677667
16.7115,41.21438666677661
16.7018,41.23106666677678
16.6237,41.24772666677693
16.3926,41.26435666677682
15.7616,41.281036666776984
16.7301,41.297716666777156
16.6031,41.31439666677732
16.4929,41.33103666677745
16.9681,41.34771666677762
16.865,41.364396666777786
30.9303,41.38107666677795
10.6354,41.397726666777864
9.6764,41.41438666677801
15.4586,41.43110666677821
16.8219,41.447766666778364
15.9564,41.46441666677827
16.921,41.4810866667782
16.7815,41.4978066667784
16.6601,41.51446666677855
16.7452,41.53114666677872
16.74,41.54782666677888
16.5881,41.56453666677885
16.7969,41.581256666779055
16.5941,41.59793666677922
16.6551,41.614636666779404
16.7308,41.631336666779596
16.6359,41.64803666677978
16.6602,41.664716666779945
16.8147,41.68141666678013
16.6746,41.6980966667803
16.2573,41.71473666678043
17.0028,41.731416666780596
16.7268,41.74808666678052
16.6138,41.764766666780694
16.7644,41.781436666780614
16.6702,41.79812666678056
16.5524,41.81479666678049
17.8069,41.83147666678065
15.6334,41.848156666780824
16.5124,41.86482666678075
16.8781,41.88154666678095
16.6171,41.89822666678112
17.0539,41.914906666781285
16.2699,41.9315566667812
16.8448,41.94823666678136
16.9238,41.96490666678129
16.6902,41.98159666678123
16.423,41.998246666781135
16.8825,42.014886666781265
16.4865,42.03156666678144
16.6995,42.04822666678159
16.6606,42.06490666678175
16.759,42.081586666781924
16.6312,42.098296666781884
16.6616,42.11497666678205
16.4721,42.1316366667822
16.8296,42.148286666782106
16.7214,42.16499666678207
16.7056,42.181726666782055
16.6994,42.19840666678222
16.6053,42.215096666782166
16.7633,42.23177666678233
17.3191,42.24844666678226
16.4957,42.26508666678239
16.7892,42.28176666678255
17.127,42.298466666782744
16.7236,42.31516666678293
16.4051,42.33180666678306
17.0431,42.3484666667832
16.5821,42.36515666678315
16.6481,42.381806666783056
16.8427,42.39848666678323
16.5416,42.41516666678339
16.6164,42.43185666678334
17.1586,42.448536666783504
15.3888,42.465216666783675
30.834,42.48189666678384
10.6474,42.49858666678379
10.0182,42.51523666678369
15.3292,42.5318866667836
16.8313,42.54857666678354
16.085,42.565226666783445
16.4183,42.58187666678336
17.0228,42.59858666678332
17.1596,42.61527666678326
16.3344,42.631926666783166
17.1516,42.64859666678309
16.5352,42.66529666678328
16.2902,42.681966666783204
17.1343,42.69867666678317
16.5907,42.71537666678336
16.4676,42.73205666678352
16.9858,42.74876666678349
16.6151,42.76544666678365
16.2397,42.78207666678354
17.4745,42.798786666783506
16.816,42.81546666678367
17.0962,42.83211666678358
15.3712,42.84883666678378
16.6337,42.86550666678371
16.6954,42.882176666783636
16.6519,42.898886666783596
16.5964,42.915576666783544
16.483,42.93222666678345
17.1393,42.948946666783655
16.8957,42.96562666678382
16.1987,42.982276666783726
16.9066,42.99899666678393
16.7059,43.0156766667841
16.4539,43.03231666678423
16.8486,43.04901666678442
16.9421,43.06569666678458
16.587,43.08235666678473
16.9577,43.09904666678468
17.3526,43.115706666784824
16.6753,43.13237666678475
16.6962,43.149096666784956
15.8846,43.16576666678488
16.2304,43.18241666678479
17.0097,43.199136666784995
16.9715,43.21580666678492
16.2141,43.23244666678505
16.9667,43.24913666678499
16.5888,43.26581666678516
16.3868,43.28248666678509
17.0891,43.29917666678503
16.6804,43.3158566667852
16.6302,43.33252666678513
16.7859,43.34924666678533
16.2161,43.36588666678546
17.0179,43.38255666678538
16.7655,43.39926666678535
16.9454,43.41593666678527
16.2909,43.4326066667852
16.7638,43.449316666785165
16.8244,43.466006666785105
16.4679,43.48267666678503
16.4776,43.49937666678522
16.796,43.51603666678537
16.4081,43.53274666678533
16.5825,43.549416666785255
16.8418,43.5661066667852
16.7014,43.58279666678514
16.5841,43.59948666678509
16.3253,43.61612666678522
17.0915,43.632786666785364
16.7103,43.649466666785536
16.5682,43.666126666785686
16.7051,43.68280666678585
16.3347,43.699466666786
17.1449,43.71616666678619
16.5787,43.73283666678611
16.813,43.74951666678628
16.5718,43.766206666786225
16.6104,43.782916666786186
16.6833,43.79960666678613
17.5345,43.8162866667863
17.6769,43.832976666786244
14.8862,43.849666666786185
16.6412,43.86636666678637
16.9306,43.883036666786296
16.3559,43.89971666678647
16.6816,43.916386666786394
16.7986,43.93306666678656
17.4596,43.94974666678673
15.6301,43.966426666786894
16.3282,43.9830766667868
16.8718,43.99974666678673
17.2482,44.01642666678689
16.6369,44.03309666678682
16.6194,44.04977666678699
17.1695,44.066456666787154
16.6251,44.0831466667871
16.6115,44.099826666787266
17.3748,44.11651666678721
16.4654,44.13318666678714
16.8197,44.1498966667871
16.5244,44.16658666678704
16.9225,44.18324666678719
16.3517,44.19992666678736
16.8719,44.21660666678753
16.6061,44.233276666787454
16.7394,44.24995666678762
16.6481,44.26663666678779
16.7589,44.283306666787716
17.6951,44.29998666678788
14.2582,44.31663666678779
16.7309,44.33330666678771
16.8388,44.3500066667879
16.5824,44.36670666678808
16.7194,44.383386666788255
16.8895,44.400076666788195
16.4482,44.416756666788366
17.3209,44.43342666678829
16.7299,44.45011666678823
16.7462,44.46680666678818
16.592,44.48351666678814
16.8468,44.50020666678809
15.4029,44.51684666678822
17.1385,44.53350666678836
16.624,44.55019666678831
16.6252,44.56688666678826
16.6746,44.58356666678842
16.9434,44.600266666788606
16.2296,44.61693666678853
16.8679,44.63360666678846
16.8028,44.650286666788624
17.0479,44.66695666678855
16.5515,44.68366666678851
16.3033,44.70032666678866
17.5879,44.71699666678859
16.2668,44.733626666788474
17.1857,44.750306666788646
16.5137,44.76697666678857
16.7789,44.78366666678851
16.6589,44.800346666788684
16.682,44.81702666678885
17.6885,44.83370666678902
15.8668,44.85039666678896
16.4104,44.86710666678893
16.6662,44.88378666678909
17.5685,44.90049666678905
16.0715,44.91716666678898
16.3281,44.93382666678913
16.6804,44.95049666678906
16.964,44.96717666678922
16.6333,44.98385666678939
16.8491,45.00054666678933
16.4791,45.017226666789504
16.6632,45.03390666678967
16.6567,45.050596666789616
16.7021,45.067286666789556
16.5992,45.08396666678973
16.7597,45.10066666678991
16.3861,45.11731666678982
17.6435,45.13399666678998
15.9076,45.150676666790154
16.6581,45.16735666679032
16.6588,45.18403666679049
16.6645,45.200716666790655
16.7206,45.21738666679058
16.3414,45.23403666679049
17.0249,45.250726666790435
16.6862,45.26739666679036
17.0854,45.28410666679032
16.8593,45.300786666790486
16.2512,45.31743666679039
17.1516,45.33410666679032
16.6293,45.350776666790246
16.5904,45.36745666679042
15.0893,45.38410666679032
16.8498,45.400796666790264
16.73,45.417456666790414
16.7266,45.43413666679058
16.665,45.45081666679075
16.7059,45.467496666790915
16.693,45.48419666679111
16.7404,45.50087666679127
16.4942,45.5175466667912
32.4792,45.53422666679136
11.3837,45.55090666679153
8.735,45.56757666679146
15.1969,45.5842666667914
15.7705,45.60095666679135
16.7751,45.617626666791274
16.4608,45.634296666791194
16.7081,45.650976666791365
16.2914,45.66762666679127
17.0553,45.68431666679122
16.6145,45.70098666679114
16.8661,45.717706666791344
16.2785,45.734386666791515
16.8046,45.75105666679144
16.943,45.767736666791606
16.5392,45.78442666679155
16.8144,45.80111666679149
16.6536,45.817796666791665
17.603,45.834486666791605
15.6487,45.85116666679178
16.5734,45.86784666679194
16.726,45.88450666679209
16.7866,45.90121666679205
16.9288,45.917896666792224
16.7106,45.93455666679237
16.791,45.95123666679254
16.6452,45.9679166667927
17.0036,45.98460666679265
16.4917,46.001306666792836
16.6852,46.01798666679301
16.6729,46.03467666679295
16.677,46.051366666792894
16.6972,46.068036666792814
16.6625,46.08472666679276
16.7958,46.10141666679271
16.4944,46.11808666679263
16.744,46.134756666792555
16.2389,46.151396666792685
17.2313,46.16807666679286
16.3019,46.18472666679276
16.992,46.20140666679293
16.7061,46.2180866667931
16.5744,46.23476666679326
16.7412,46.25145666679321
16.8143,46.26814666679315
16.9867,46.2848366667931
16.6194,46.30153666679328
16.7189,46.31825666679349
16.4145,46.33489666679362
17.0617,46.35160666679358
16.8954,46.36828666679375
16.1677,46.3849466667939
17.198,46.40161666679382
16.3742,46.41828666679375
16.5444,46.4349466667939
16.6496,46.451596666793805
17.0074,46.46824666679371
16.4251,46.48491666679364
16.7426,46.50163666679384
16.6988,46.51830666679377
16.6745,46.534986666793934
16.6854,46.55167666679388
32.1412,46.568336666794025
11.6699,46.58498666679394
8.8641,46.60164666679408
13.9056,46.61833666679403
15.9243,46.63501666679419
16.6237,46.651676666794344
16.7128,46.66832666679425
16.8831,46.6850166667942
16.5007,46.70167666679434
17.0071,46.71836666679429
16.09,46.735036666794215
17.0506,46.7517366667944
16.792,46.76841666679457
17.0695,46.78510666679451
16.3178,46.80176666679466
17.2231,46.81846666679485
17.5563,46.83516666679503
15.147,46.851846666795204
16.6465,46.86854666679539
16.6596,46.88522666679555
16.544,46.9019166667955
16.8303,46.91860666679544
16.7031,46.93530666679563
16.2993,46.95195666679554
17.0118,46.968676666795744
16.7002,46.98535666679591
16.4123,47.00201666679606
17.0383,47.018696666796224
16.6038,47.035376666796395
16.6431,47.05204666679632
16.6168,47.06874666679651
16.9961,47.08542666679667
16.3867,47.10208666679682
17.0827,47.11879666679678
16.5821,47.135476666796954
16.3806,47.15212666679686
16.9355,47.16883666679682
16.7343,47.18550666679675
16.6341,47.20218666679691
16.6768,47.218866666797084
16.3083,47.23551666679699
16.6963,47.25215666679712
17.0921,47.268876666797325
16.5848,47.28555666679749
16.3068,47.3022066667974
16.801,47.31890666679759
16.5959,47.335576666797515
16.786,47.352266666797455
16.629,47.36893666679738
16.8044,47.385616666797546
16.6666,47.40229666679772
16.637,47.41900666679768
16.8089,47.435676666797605
16.5052,47.45235666679777
16.8249,47.46906666679774
16.6734,47.48575666679768
16.3117,47.50240666679758
16.9261,47.519086666797755
16.9037,47.535776666797695
17.1587,47.55244666679762
16.5472,47.56912666679779
15.7695,47.5857766667977
16.742,47.60241666679783
16.9963,47.61910666679777
16.4592,47.6357466667979
16.9133,47.652416666797826
16.7765,47.66913666679803
16.6219,47.6858166667982
16.3145,47.702456666798334
17.0978,47.71915666679852
16.7096,47.73584666679846
16.8685,47.75255666679843
16.7253,47.76926666679839
16.7069,47.785936666798314
16.6273,47.8026366667985
16.7367,47.819326666798446
18.2657,47.83600666679861
14.9141,47.85266666679876
16.8882,47.869366666798946
16.5979,47.8860266667991
16.6763,47.90270666679926
16.6167,47.91939666679921
17.6132,47.93608666679915
15.0133,47.952736666799055
16.72,47.969416666799226
16.8618,47.98609666679939
17.4833,48.00277666679956
15.9234,48.01947666679975
16.9232,48.03616666679969
16.3185,48.05284666679986
16.7106,48.06954666680004
17.5035,48.086226666800215
16.6343,48.10288666680036
16.6615,48.11958666680055
15.9488,48.13623666680046
16.2956,48.15287666680059
17.3148,48.16956666680053
16.3764,48.186236666800454
16.6702,48.20290666680038
16.6963,48.21959666680032
16.7065,48.23628666680027
17.0548,48.252956666800195
16.575,48.26965666680038
17.1806,48.286356666800565
16.6574,48.30307666680077
16.62,48.319796666800976
16.84,48.336416666801085
16.9903,48.35308666680101
16.6933,48.36977666680096
16.7155,48.386456666801124
16.6079,48.403116666801274
16.7916,48.41979666680144
17.1401,48.436466666801365
16.8912,48.453126666801516
16.5486,48.46979666680144
16.8377,48.48646666680137
16.5164,48.50317666680133
16.6983,48.51986666680127
16.6749,48.5365366668012
16.5988,48.553206666801124
17.0868,48.56990666680131
16.5729,48.586596666801256
15.8695,48.60326666680118
15.5352,48.61995666680112
16.6372,48.63664666680107
16.7331,48.653326666801235
16.7846,48.67002666680142
16.5658,48.686696666801346
16.4825,48.7033566668015
16.9829,48.72003666680167
16.854,48.73670666680159
16.0443,48.75334666680172
17.2946,48.77004666680191
16.6116,48.78671666680183
16.7306,48.80338666680176
16.4956,48.82006666680193
18.3611,48.83674666680209
14.8013,48.853426666802264
16.6965,48.87014666680247
16.7867,48.88680666680261
16.9021,48.90347666680254
16.8031,48.9201866668025
16.51,48.93681666680239
16.6804,48.95349666680256
16.7597,48.970186666802505
16.7709,48.98686666680267
16.6081,49.003536666802596
16.6959,49.02022666680254
17.0973,49.03689666680246
16.5985,49.053596666802655
16.6962,49.07027666680282
16.5165,49.086926666802725
16.8875,49.10364666680293
16.6604,49.12033666680288
16.6632,49.13701666680304
16.371,49.15367666680319
16.3752,49.17036666680313
16.1859,49.187016666803046
17.0835,49.20369666680321
16.6617,49.220376666803375
16.7549,49.23707666680357
16.6738,49.25378666680353
16.6239,49.27046666680369
17.1429,49.287146666803864
16.5348,49.30381666680379
16.7413,49.320516666803975
16.7102,49.3371866668039
16.6821,49.35388666680409
16.8109,49.37056666680425
16.1085,49.387216666804164
17.355,49.40387666680431
16.6742,49.42055666680448
15.6547,49.437206666804386
17.0537,49.45388666680455
16.404,49.470536666804456
17.2162,49.48721666680463
16.7287,49.503886666804554
16.8368,49.520576666804494
16.5713,49.53724666680442
16.7034,49.55395666680438
16.7079,49.57064666680433
16.5823,49.58732666680449
16.6803,49.604026666804685
16.7588,49.62070666680485
16.2844,49.637426666805055
16.9935,49.654116666805
16.4491,49.67080666680494
16.615,49.687486666805114
17.0037,49.704176666805054
16.2193,49.720856666805226
16.8932,49.737546666805166
16.2791,49.75419666680507
16.7353,49.77085666680522
16.7818,49.78752666680515
16.7874,49.804206666805314
16.6212,49.820866666805465
16.5186,49.837506666805595
16.9488,49.85418666680576
16.6746,49.87086666680593
16.6722,49.88755666680588
16.6304,49.9042266668058
16.7883,49.920936666805765
16.5872,49.93763666680595
16.9569,49.95432666680589
16.6704,49.97100666680606
16.589,49.987696666806
16.6088,50.00441666680621
16.8154,50.021086666806134
16.6032,50.03775666680606
16.368,50.05438666680595
16.761,50.07105666680587
16.9145,50.087736666806045
16.693,50.10441666680621
16.7509,50.12109666680638
16.6364,50.1377666668063
16.663,50.15444666680647
16.7057,50.171126666806636
16.6583,50.18781666680658
16.7029,50.20449666680675
16.671,50.22122666680673
16.7413,50.237916666806676
16.6133,50.2545866668066
16.7869,50.27127666680654
17.0118,50.28794666680647
16.4158,50.30460666680662
16.8884,50.321286666806785
16.8546,50.337966666806956
16.2936,50.354606666807086
16.9802,50.37128666680725
16.5768,50.38795666680718
16.7343,50.404626666807104
16.6781,50.42130666680727
16.7213,50.437976666807195
16.3207,50.4546266668071
17.1228,50.47132666680729
16.9105,50.48800666680746
16.3185,50.504676666807384
16.6787,50.52139666680759
16.6612,50.538076666807754
16.3143,50.55472666680766
16.9995,50.57139666680759
17.7583,50.58807666680776
16.6767,50.60475666680792
16.3418,50.62142666680785
16.9248,50.638096666807776
28.4867,50.65474666680768
10.7886,50.67139666680759
10.3235,50.68803666680772
15.8159,50.70471666680788
16.6697,50.72142666680785
16.6774,50.738126666808036
16.3038,50.75478666680819
17.0218,50.77147666680813
16.6984,50.78819666680833
16.6099,50.80488666680828
16.5923,50.82157666680822
17.4752,50.83825666680839
15.8838,50.854956666808576
16.8572,50.87163666680874
16.5014,50.88831666680891
17.3167,50.904996666809076
16.1067,50.921706666809044
16.6389,50.93837666680896
16.8569,50.955056666809135
16.6677,50.971746666809075
16.6609,50.98844666680927
17.1254,51.00515666680923
15.9452,51.02181666680938
17.0086,51.03850666680932
16.6324,51.055156666809225
17.9388,51.071796666809355
17.2477,51.08846666680928
16.712,51.10514666680945
16.5963,51.12182666680962
16.7892,51.138496666809544
16.6349,51.15516666680947
16.3022,51.1718066668096
16.9768,51.18851666680956
16.7246,51.20518666680949
16.3309,51.221856666809416
16.9025,51.2385566668096
16.9099,51.255236666809765
16.3799,51.271896666809916
17.007,51.28857666681009
16.3563,51.30522666680999
16.4397,51.3218766668099
17.0431,51.33858666680986
16.3391,51.355236666809766
17.2786,51.37191666680994
16.3879,51.38863666681014
16.5596,51.40531666681031
16.5858,51.42195666681044
16.9245,51.43865666681062
16.2276,51.45529666681075
16.0852,51.471976666810924
16.9721,51.488686666810885
16.8212,51.50538666681107
16.2377,51.522056666811
17.1224,51.53873666681116
16.2098,51.55537666681129
17.0651,51.57207666681148
16.6216,51.58879666681169
17.1984,51.60547666681185
15.8818,51.6221666668118
17.0592,51.63887666681176
16.5725,51.65554666681169
15.115,51.672196666811594
17.2546,51.688926666811575
16.761,51.70560666681174
16.2245,51.72228666681191
17.1934,51.738966666812075
16.1655,51.75561666681198
17.0154,51.77228666681191
16.8461,51.78899666681187
16.4792,51.80565666681202
16.413,51.82231666681217
18.5286,51.83902666681213
15.3898,51.85569666681206
16.4215,51.87235666681221
16.5555,51.88906666681217
18.2823,51.905736666812096
15.0044,51.92240666681202
16.6114,51.93909666681196
16.6395,51.95576666681189
16.5948,51.97244666681206
16.8065,51.98916666681227
16.7018,52.00584666681243
16.7087,52.022526666812595
16.5928,52.03922666681279
16.5095,52.05589666681271
16.8554,52.072566666812634
16.7529,52.08928666681284
16.5674,52.10596666681301
16.4323,52.12261666681292
16.9701,52.13930666681286
17.1404,52.15598666681303
16.5825,52.172656666812955
16.6371,52.189326666812875
16.6692,52.2059966668128
16.6528,52.22268666681275
16.7272,52.23937666681269
16.657,52.25605666681286
16.7116,52.272736666813024
16.6529,52.28944666681299
16.8218,52.30612666681316
16.6411,52.32280666681333
16.6364,52.33948666681349
16.6689,52.35617666681344
16.6424,52.372856666813604
16.8786,52.38952666681353
17.4792,52.406206666813695
16.3671,52.42287666681362
16.2725,52.43953666681377
16.738,52.45619666681392
16.412,52.47284666681383
17.0194,52.489526666813994
16.7926,52.506206666814165
16.5842,52.52287666681409
16.8602,52.53956666681403
16.4504,52.55625666681398
16.6489,52.572936666814144
16.9251,52.58962666681409
16.5844,52.606326666814276
16.5251,52.62302666681446
16.9359,52.639746666814666
16.4215,52.65641666681459
16.6772,52.67309666681476
15.3702,52.68974666681466
17.3059,52.70641666681459
17.4525,52.72309666681476
16.9411,52.7397866668147
16.3126,52.75646666681487
16.7247,52.77314666681504
16.8813,52.78982666681521
16.4645,52.80650666681537
16.669,52.8231766668153
18.1007,52.839856666815464
15.3946,52.85656666681543
16.4627,52.8732466668156
16.4544,52.8898966668155
16.8077,52.90653666681563
16.5249,52.92317666681576
16.9123,52.939836666815914
16.4581,52.95652666681586
16.4056,52.97317666681577
16.8504,52.98986666681571
17.1692,53.00654666681588
16.6505,53.02322666681604
17.0267,53.039906666816215
16.3255,53.056616666816176
16.797,53.073326666816136
16.6804,53.09004666681634
16.5856,53.10674666681653
16.5681,53.12341666681645
16.796,53.14011666681664
16.5519,53.156786666816565
16.5043,53.17343666681647
16.8628,53.19011666681664
16.7429,53.20679666681681
16.6496,53.22347666681698
16.7135,53.24015666681714
16.6858,53.256836666817314
16.7329,53.273506666817234
16.7533,53.29019666681718
16.605,53.306876666817345
16.6193,53.32355666681752
16.76,53.34026666681748
16.3677,53.35694666681765
17.7562,53.37362666681781
16.5403,53.390306666817985
16.5833,53.40698666681815
16.5349,53.423656666818076
16.7119,53.44033666681824
16.5969,53.45699666681839
16.1933,53.47363666681852
17.2707,53.49032666681847
16.6626,53.50699666681839
16.683,53.52367666681856
16.812,53.540356666818724
16.6791,53.557036666818895
16.7376,53.57370666681882
16.3898,53.590386666818986
16.7905,53.607076666818934
16.7459,53.623766666818874
16.5897,53.64048666681908
16.8807,53.657156666819006
16.475,53.67383666681918
16.4497,53.6905066668191
15.9331,53.707196666819044
16.1091,53.72384666681895
16.8476,53.74051666681888
17.4464,53.75719666681904
16.7934,53.77386666681897
16.8627,53.79054666681914
16.593,53.807226666819304
16.5598,53.823906666819475
17.6603,53.84058666681964
14.632,53.85724666681979
17.0569,53.873906666819934
16.7545,53.89062666682014
16.8976,53.90731666682009
16.0324,53.92397666682024
17.093,53.94066666682018
16.8448,53.957356666820125
16.4187,53.973996666820256
16.843,53.99067666682042
16.738,54.00735666682059
16.597,54.02406666682055
16.761,54.0407566668205
16.682,54.05742666682042
16.6229,54.07410666682059
16.6158,54.09081666682055
16.817,54.10749666682072
16.613,54.12416666682064
16.806,54.14088666682085
16.5582,54.15756666682102
16.7619,54.17424666682118
17.1095,54.190926666821355
16.5198,54.20759666682128
16.3238,54.22423666682141
17.1837,54.240916666821576
16.4439,54.2575866668215
16.8305,54.27425666682143
16.5755,54.290936666821594
16.6889,54.307616666821765
16.397,54.32426666682167
17.0234,54.340946666821836
16.5741,54.35761666682176
16.7873,54.37427666682191
17.2112,54.390986666821874
16.5786,54.407666666822045
16.2608,54.424306666822176
17.1054,54.44098666682234
16.7085,54.457666666822504
16.3577,54.47430666682264
17.2926,54.4910166668226
16.2342,54.50768666682253
16.8198,54.52437666682247
16.6432,54.541076666822654
16.564,54.557756666822826
16.7899,54.57443666682299
16.6443,54.591156666823196
16.6385,54.60783666682337
16.8321,54.62451666682353
16.5303,54.64123666682374
16.5733,54.65791666682391
16.838,54.67459666682407
16.7044,54.69127666682424
16.8369,54.707966666824184
16.2064,54.72461666682409
16.9063,54.74129666682426
16.8186,54.757976666824426
16.5599,54.7746566668246
16.773,54.79133666682476
16.7746,54.808016666824926
16.5071,54.8246966668251
15.6563,54.84135666682525
17.2733,54.85803666682541
16.5914,54.87470666682534
16.5143,54.8914166668253
16.8354,54.90809666682547
16.3941,54.9247366668256
17.2546,54.94140666682553
16.6856,54.95807666682545
16.8665,54.97475666682562
16.813,54.99141666682577
15.7772,55.008116666825956
16.6067,55.02478666682588
17.2077,55.04147666682582
16.2155,55.058156666825994
16.7843,55.07483666682616
16.626,55.091556666826364
16.7283,55.10824666682631
16.561,55.124926666826475
16.7916,55.1415966668264
16.7314,55.15830666682636
16.6745,55.17499666682631
16.6744,55.19168666682625
16.7229,55.20835666682618
16.5726,55.225046666826124
16.4334,55.241686666826254
16.7006,55.25833666682616
16.8865,55.27500666682609
16.7031,55.29168666682625
16.7772,55.30836666682642
16.3435,55.32500666682655
17.0428,55.34168666682672
16.6291,55.35836666682688
16.3803,55.375016666826795
17.3207,55.39169666682696
17.1629,55.408416666827165
15.8844,55.42509666682733
16.6071,55.44174666682724
17.023,55.45843666682718
16.7657,55.475116666827354
16.1543,55.491786666827274
17.3335,55.5084566668272
16.3393,55.52511666682735
16.558,55.541796666827516
17.0253,55.55846666682744
16.7335,55.575146666827614
16.6439,55.591856666827574
16.6682,55.608566666827535
16.6141,55.62523666682746
16.4728,55.64188666682737
16.8622,55.658596666827336
16.701,55.6752766668275
16.2265,55.69193666682765
17.6197,55.70864666682761
16.5205,55.72531666682754
15.7528,55.74195666682767
17.1215,55.758626666827595
16.345,55.77530666682776
16.4909,55.79196666682791
16.7105,55.80865666682785
17.0471,55.8253466668278
16.0498,55.841996666827704
17.2866,55.85871666682791
16.432,55.87537666682806
16.4265,55.89202666682797
16.7655,55.90875666682795
17.1942,55.92544666682789
16.5653,55.942116666827815
16.6024,55.95878666682774
16.6721,55.97547666682769
16.7275,55.99214666682761
16.3958,56.008836666827555
16.9921,56.02550666682748
16.3448,56.04217666682741
17.1323,56.058896666827614
16.1865,56.0755266668275
17.0079,56.09218666682765
16.6672,56.108886666827836
16.7632,56.12560666682804
16.6286,56.142286666828205
17.2084,56.15897666682815
16.7767,56.17567666682834
16.228,56.19233666682849
16.944,56.20904666682845
16.6226,56.225716666828376
16.6263,56.24241666682856
16.7112,56.259116666828746
16.8676,56.27579666682892
16.2935,56.29243666682905
15.963,56.309086666828954
16.9528,56.32575666682888
16.1913,56.34239666682901
16.9242,56.35908666682895
17.1259,56.3757766668289
16.1748,56.39243666682905
16.8766,56.40912666682899
16.8392,56.42580666682916
16.23,56.442436666829046
17.0653,56.45914666682901
17.0033,56.47586666682921
16.6201,56.492546666829384
31.7486,56.50924666682957
11.5636,56.525916666829495
8.7788,56.54254666682938
14.5951,56.55925666682934
16.3648,56.57591666682949
16.6047,56.5925666668294
16.7368,56.60926666682958
16.8443,56.625946666829755
16.6211,56.64261666682968
16.41,56.65926666682959
16.9682,56.67596666682977
16.6679,56.69266666682996
16.7143,56.70938666683016
16.6809,56.72605666683009
16.6236,56.74274666683003
16.8185,56.75945666683
32.8148,56.776126666829924
11.4725,56.79277666682983
8.8247,56.80942666682974
13.6155,56.82611666682968
16.2893,56.84277666682983
16.4517,56.859426666829734
17.0554,56.87607666682964
16.6677,56.89275666682981
17.0802,56.909436666829976
17.2258,56.9261066668299
16.4473,56.94280666683009
17.0957,56.95950666683027
16.3156,56.97621666683024
16.7137,56.992916666830425
17.1986,57.00961666683061
16.5135,57.02632666683057
16.4409,57.04303666683054
16.4735,57.059706666830465
16.8957,57.076396666830405
16.5993,57.09307666683058
16.6541,57.10976666683052
16.7097,57.126456666830464
16.6018,57.143146666830404
16.8132,57.159826666830575
17.0971,57.17650666683074
16.1082,57.19317666683067
16.6255,57.20984666683059
16.8025,57.22653666683053
16.666,57.243216666830705
16.7198,57.259906666830645
16.6033,57.27657666683057
16.6857,57.2932466668305
16.7223,57.30992666683067
16.6853,57.326606666830834
16.6384,57.343286666831
16.6863,57.359976666830946
16.5914,57.37664666683087
16.7013,57.39332666683104
17.13,57.410016666830984
16.3577,57.42668666683091
16.4716,57.44335666683084
16.7123,57.460036666831
16.7218,57.47670666683093
16.6208,57.493376666830855
15.9739,57.510016666830985
16.7805,57.52669666683115
16.6201,57.5433866668311
16.7869,57.56007666683104
16.9021,57.576746666830964
16.4547,57.59339666683087
17.0146,57.610096666831055
17.0229,57.626786666831
16.6496,57.64345666683093
16.2348,57.660106666830835
17.6074,57.676836666830816
16.7304,57.69350666683074
16.9435,57.71018666683091
15.3707,57.72682666683104
16.5967,57.74350666683121
16.5227,57.76021666683117
16.7996,57.776896666831334
16.2087,57.79354666683125
17.037,57.81024666683143
16.6936,57.82696666683164
16.7093,57.843616666831544
16.7446,57.860306666831484
16.4966,57.87699666683143
16.7327,57.89370666683139
16.7749,57.91039666683134
16.9884,57.9270766668315
16.8145,57.94374666683143
16.5956,57.960446666831615
16.3659,57.977086666831745
15.9891,57.99373666683165
17.4277,58.010436666831836
16.5898,58.02710666683176
16.9866,58.043786666831934
16.4742,58.0604666668321
16.6301,58.077136666832025
16.7002,58.09380666683195
16.6729,58.11049666683189
16.7093,58.12718666683184
16.6009,58.1438966668318
16.8042,58.16060666683177
16.6401,58.17729666683171
16.7761,58.19397666683188
16.6828,58.2106466668318
16.7053,58.22733666683175
16.7134,58.24401666683191
16.4313,58.26068666683184
16.7918,58.27736666683201
16.6064,58.294036666831936
16.8183,58.310726666831876
16.522,58.3273966668318
16.8288,58.34406666683173
16.5655,58.36075666683167
16.7629,58.37744666683162
16.6231,58.39410666683177
16.9941,58.41079666683171
16.2193,58.427486666831655
16.7159,58.44416666683182
17.2699,58.460856666831766
16.6856,58.47752666683169
16.6697,58.49420666683186
16.715,58.510876666831784
15.6454,58.52752666683169
17.2082,58.54419666683162
16.6861,58.56088666683156
16.6909,58.577556666831484
16.1698,58.59420666683139
17.0198,58.6108566668313
16.9511,58.62753666683147
16.6524,58.64421666683163
16.2497,58.66087666683178
17.0713,58.677556666831954
16.6236,58.694266666831915
16.8067,58.710956666831855
16.4856,58.72762666683178
16.6552,58.74429666683171
16.7347,58.76100666683167
16.8485,58.77771666683164
17.1423,58.79435666683177
15.7501,58.81100666683167
18.1263,58.827716666831634
15.5879,58.844396666831805
16.5978,58.86107666683197
16.8468,58.8777466668319
16.552,58.89442666683206
16.786,58.91110666683223
16.6345,58.92779666683217
16.634,58.9444666668321
16.6633,58.96117666683206
16.3402,58.97785666683223
17.3323,58.99452666683216
16.9593,59.01122666683234
16.5274,59.027886666832494
16.6349,59.04455666683242
16.6353,59.06124666683236
16.5578,59.07792666683253
16.4342,59.09456666683266
16.9597,59.1112566668326
16.5939,59.127936666832774
16.8503,59.144646666832735
16.7301,59.161336666832675
17.5252,59.1780066668326
16.7598,59.19469666683255
16.7953,59.211396666832734
16.4441,59.228076666832905
16.724,59.244766666832845
16.7788,59.261476666832806
16.7581,59.27815666683298
16.1864,59.29480666683288
16.8495,59.31145666683279
16.8227,59.328126666832716
16.7894,59.34479666683264
16.5822,59.36147666683281
16.5458,59.37812666683271
17.0144,59.39479666683264
16.1069,59.41145666683279
15.5032,59.4281066668327
17.0293,59.444776666832624
16.6528,59.461486666832585
16.6296,59.47818666683277
16.7398,59.49486666683294
17.459,59.51155666683288
17.0069,59.52819666683301
15.5459,59.54485666683316
16.6404,59.56154666683311
16.8326,59.578246666833294
16.5839,59.5949666668335
16.7061,59.61165666683344
16.5796,59.62833666683361
16.8594,59.645016666833776
16.2468,59.66166666683368
17.0682,59.67834666683385
16.5923,59.695056666833814
16.5775,59.71174666683376
16.8936,59.72841666683368
16.5071,59.74507666683383
16.752,59.76174666683376
16.9714,59.778416666833685
16.6709,59.795076666833836
16.8179,59.811766666833776
18.3041,59.82847666683374
14.6137,59.845146666833664
16.464,59.86179666683357
16.9767,59.87850666683354
16.6385,59.8951866668337
16.6241,59.91184666683385
18.178,59.92852666683402
15.3171,59.945196666833944
16.51,59.96189666683413
16.5274,59.9785766668343
16.2617,59.995226666834206
17.0124,60.01188666683436
16.8479,60.02860666683456
16.2053,60.04525666683447
16.8312,60.06191666683461
16.8765,60.07862666683458
16.695,60.095306666834745
16.6923,60.111986666834916
16.6923,60.12866666683508
16.8041,60.14533666683501
16.2475,60.16201666683517
16.881,60.17870666683512
17.0418,60.19538666683528
16.4096,60.212086666835475
16.6458,60.22878666683566
16.6382,60.245466666835824
16.3836,60.262106666835955
16.8024,60.278766666836106
16.842,60.29543666683603
16.6696,60.3121166668362
16.7523,60.3288366668364
16.6812,60.34552666683635
16.6888,60.362196666836276
16.707,60.378886666836216
16.6098,60.39556666683639
16.597,60.41224666683655
16.9716,60.42897666683653
16.484,60.445686666836494
16.5738,60.462366666836665
16.8405,60.479056666836605
16.574,60.49572666683653
16.3618,60.51237666683644
16.7202,60.52903666683659
16.7948,60.54569666683674
16.9452,60.56236666683667
16.4056,60.579036666836586
16.8154,60.59569666683674
16.6011,60.612366666836664
16.7811,60.62904666683683
16.6757,60.645716666836755
16.4871,60.662376666836906
16.9034,60.67908666683687
16.6621,60.695796666836834
16.3357,60.71245666683698
16.9303,60.72913666683715
16.8795,60.74582666683709
16.2513,60.76248666683724
16.8525,60.77916666683741
16.9198,60.79585666683735
16.6774,60.8125466668373
17.9733,60.829246666837484
15.4176,60.84592666683765
16.4026,60.862596666837575
17.0422,60.879306666837536
16.6183,60.89598666683771
17.0044,60.912656666837634
16.7963,60.929366666837595
16.7931,60.946046666837766
16.6113,60.962716666837686
16.7411,60.97938666683761
16.3293,60.99604666683776
16.9347,61.012706666837914
17.2315,61.029396666837854
16.971,61.0460866668378
16.2396,61.06277666683774
16.7572,61.079476666837934
16.7852,61.0961566668381
16.472,61.112826666838025
16.7758,61.12950666683819
16.5408,61.146176666838116
16.7253,61.16286666683806
16.7625,61.179556666838
16.7956,61.196236666838175
16.8391,61.2129066668381
16.4269,61.229586666838266
16.75,61.24624666683842
16.7458,61.26291666683834
16.4949,61.27960666683828
17.0864,61.29629666683823
16.2719,61.31298666683817
16.7031,61.32967666683812
16.7405,61.34636666683806
16.6082,61.363036666837985
16.7643,61.37970666683791
16.6961,61.39638666683808
16.9254,61.41306666683825
16.4627,61.429756666838195
16.6006,61.44643666683836
16.5926,61.46309666683851
17.2466,61.479776666838674
16.2769,61.496456666838846
17.2061,61.51312666683877
15.2255,61.52977666683868
17.256,61.54647666683886
15.9641,61.563116666838994
17.0956,61.579806666838934
16.542,61.596466666839085
16.7632,61.61313666683901
16.3186,61.62979666683916
17.1342,61.64646666683909
16.4373,61.66312666683923
16.7685,61.679806666839404
16.7587,61.696516666839365
16.6029,61.71318666683929
16.559,61.72987666683923
16.8213,61.7465566668394
16.8621,61.76324666683934
16.4364,61.77993666683929
16.7928,61.79664666683925
16.5522,61.81332666683942
17.741,61.83002666683961
15.6615,61.84671666683955
16.5372,61.863386666839475
16.5467,61.8800566668394
16.8748,61.89673666683957
16.685,61.9133766668397
16.9184,61.93004666683962
16.8552,61.946726666839794
15.5286,61.9633766668397
16.8292,61.98004666683963
17.4464,61.99672666683979
16.5877,62.01338666683994
16.8801,62.03008666684013
16.4898,62.046776666840074
16.8337,62.06347666684026
16.5641,62.080196666840465
16.5331,62.096886666840405
16.8195,62.113566666840576
16.5984,62.13027666684054
16.7884,62.14697666684072
16.5026,62.16363666684087
16.8424,62.18029666684102
16.8767,62.196956666841174
16.7582,62.213626666841094
16.7904,62.230306666841265
16.7286,62.24698666684143
16.6518,62.2636666668416
16.6947,62.280346666841766
16.7643,62.29702666684194
16.4257,62.313696666841864
16.9019,62.33039666684205
16.7543,62.34710666684201
16.6154,62.36379666684196
16.5922,62.3804866668419
16.0335,62.39716666684207
16.7688,62.41383666684199
16.507,62.430506666841914
16.8094,62.44717666684184
16.3499,62.46384666684177
16.9156,62.480536666841715
16.6455,62.49719666684186
16.9964,62.51387666684203
16.398,62.53056666684197
16.7416,62.54725666684192
16.389,62.56391666684207
16.9614,62.58059666684223
16.6174,62.59728666684218
16.8406,62.613966666842344
16.5759,62.63065666684229
16.6747,62.647336666842456
16.617,62.66401666684263
16.8927,62.68070666684257
16.6141,62.697376666842494
16.2064,62.714016666842625
17.015,62.73071666684281
16.7392,62.74739666684298
16.5858,62.764076666843145
16.8201,62.78076666684309
16.6207,62.79744666684326
16.6306,62.814116666843184
17.7,62.83080666684313
15.7746,62.847486666843295
16.3307,62.8641366668432
16.8638,62.88085666684341
16.6072,62.89753666684357
16.6392,62.914186666843484
16.8509,62.930876666843425
16.6155,62.947556666843596
16.6897,62.96423666684376
17.165,62.98092666684371
16.2354,62.997576666843614
17.099,63.01423666684376
16.6351,63.03093666684395
16.8869,63.04760666684387
16.5282,63.06428666684404
16.6241,63.080996666844
16.7692,63.09766666684393
16.4478,63.11432666684408
16.7607,63.130996666844005
16.8113,63.14767666684417
16.8654,63.16438666684413
16.4193,63.18107666684408
16.661,63.197766666844025
16.3734,63.214406666844155
17.0578,63.23108666684432
16.6567,63.247766666844484
17.2985,63.26443666684441
16.9039,63.28112666684436
16.7303,63.29780666684452
16.6323,63.31446666684467
16.6911,63.331146666844845
16.7287,63.34782666684501
16.4878,63.364496666844936
16.8016,63.381206666844896
16.6899,63.397896666844844
17.0063,63.41457666684501
16.772,63.431226666844914
15.8914,63.44791666684486
16.3063,63.46458666684479
16.4211,63.48125666684471
17.047,63.49793666684488
16.7048,63.51461666684504
16.4174,63.531276666845194
15.7364,63.547916666845325
17.1801,63.564576666845475
16.2171,63.581216666845606
17.1582,63.59793666684581
16.4247,63.61458666684572
16.5905,63.63124666684587
17.0978,63.64794666684605
16.7895,63.66463666684599
16.5392,63.681316666846165
16.6746,63.698026666846125
17.1682,63.71476666684635
16.1874,63.7314266668465
16.9786,63.74813666684646
16.4625,63.76477666684659
17.012,63.78147666684678
16.2367,63.798146666846705
17.1,63.81482666684687
17.6571,63.831496666846796
15.6333,63.84816666684672
16.4443,63.86480666684685
17.0217,63.88147666684678
16.6529,63.898196666846985
16.5629,63.91487666684715
16.4122,63.931576666847334
16.629,63.948256666847506
16.6566,63.96497666684771
16.4816,63.98164666684764
16.6017,63.9983266668478
16.8068,64.01500666684797
16.7458,64.03172666684817
16.6388,64.0483966668481
16.5895,64.06507666684827
16.907,64.08176666684821
16.6121,64.0984666668484
16.8987,64.11514666684856
16.6904,64.13183666684851
16.6625,64.1485366668487
16.7088,64.16521666684886
16.6792,64.1819066668488
16.5924,64.19856666684896
16.524,64.21521666684886
16.8501,64.2318866668488
16.7997,64.24855666684871
16.4408,64.26520666684863
16.8447,64.28189666684857
16.7789,64.29856666684849
16.5381,64.3152166668484
16.7175,64.33189666684856
16.6999,64.3485666668485
16.6341,64.36525666684844
16.7388,64.38197666684864
16.7969,64.39866666684858
17.005,64.41534666684875
15.913,64.43201666684868
16.8682,64.44867666684883
16.6612,64.46534666684876
16.7618,64.4820366668487
16.6217,64.49870666684862
17.3232,64.51538666684878
16.0798,64.53206666684896
16.8418,64.54873666684888
16.5833,64.56540666684882
16.7451,64.58209666684876
16.8657,64.59881666684896
16.4282,64.6155066668489
16.594,64.63218666684907
16.8375,64.64887666684902
16.7543,64.6655766668492
16.1881,64.6822266668491
17.6055,64.69891666684904
15.9185,64.71556666684896
16.4483,64.73223666684888
16.7551,64.74891666684906
16.4447,64.76556666684895
16.6136,64.78222666684911
16.8013,64.79889666684903
16.8765,64.81556666684895
17.6806,64.83222666684911
15.7056,64.84894666684932
16.5875,64.86561666684923
16.6647,64.88231666684942
16.7426,64.89900666684937
16.7076,64.91568666684954
16.5566,64.9323966668495
16.6716,64.94909666684968
16.5385,64.96579666684987
16.7701,64.98247666685003
16.7085,64.99915666685021
16.7316,65.01582666685013
16.431,65.03248666685028
16.8306,65.04915666685021
16.7886,65.06582666685013
16.591,65.08249666685006
16.7236,65.09917666685023
16.6978,65.11585666685039
16.6599,65.13252666685031
16.7906,65.14921666685026
16.9547,65.16589666685043
16.6745,65.18256666685035
16.6595,65.19926666685055
16.6946,65.21595666685049
16.5123,65.23262666685041
16.7796,65.24930666685057
17.067,65.26596666685073
16.815,65.28263666685065
16.4836,65.29930666685058
16.7069,65.31596666685073
16.7458,65.33263666685065
16.5627,65.34931666685083
16.8126,65.36599666685099
16.8104,65.38268666685093
16.5944,65.39937666685087
16.7533,65.41606666685082
16.6466,65.43275666685076
16.4008,65.44941666685091
16.9655,65.46610666685086
16.5908,65.4827966668508
16.6848,65.49948666685074
17.279,65.51618666685093
16.3782,65.53283666685084
17.1552,65.54950666685076
16.6599,65.56619666685071
16.6046,65.58287666685088
16.191,65.599516666851
16.9689,65.61621666685119
16.4753,65.6328666668511
16.9258,65.64954666685126
16.6363,65.6662166668512
16.8508,65.68288666685112
16.5554,65.69959666685108
16.7385,65.71628666685102
16.5748,65.73294666685118
16.7564,65.74962666685134
16.7867,65.7663366668513
16.4321,65.78301666685147
16.7006,65.79972666685144
17.0655,65.8164066668516
17.2096,65.83308666685177
14.493,65.84975666685169
16.6986,65.86642666685162
16.738,65.88309666685154
16.7204,65.8997866668515
17.1315,65.91645666685142
16.6617,65.93313666685158
16.2437,65.94982666685152
16.651,65.96651666685148
16.7025,65.98319666685164
16.6626,65.99988666685158
17.1292,66.01657666685153
16.6542,66.03324666685145
16.7507,66.04992666685162
16.7684,66.06660666685178
16.6247,66.08328666685196
16.263,66.09993666685186
17.1272,66.11661666685202
16.6054,66.13328666685196
16.639,66.14996666685212
16.752,66.16664666685229
16.6088,66.18331666685222
16.2787,66.19998666685214
18.0419,66.21667666685208
16.6013,66.23334666685201
16.7481,66.25003666685195
16.684,66.26675666685216
16.6599,66.28342666685208
16.5973,66.30010666685226
16.0311,66.31678666685242
16.4811,66.33345666685234
16.5952,66.35013666685252
16.7484,66.3668366668527
16.8154,66.38349666685285
16.4927,66.40017666685301
16.842,66.41684666685295
17.1112,66.43352666685311
16.647,66.45020666685328
16.6071,66.46687666685321
16.5574,66.48355666685337
16.782,66.50024666685331
17.0887,66.51693666685325
16.3587,66.53361666685343
16.5659,66.55030666685337
16.9275,66.56699666685331
16.4833,66.58367666685348
16.6979,66.60034666685341
16.5967,66.61701666685333
16.6695,66.6336966668535
16.693,66.65036666685343
16.4162,66.66701666685333
17.0463,66.68368666685326
16.7025,66.7003766668532
16.6298,66.71705666685337
16.6495,66.73371666685352
16.7302,66.75039666685369
16.5877,66.76707666685385
16.7539,66.7837666668538
16.7749,66.80046666685399
16.3302,66.81712666685414
17.762,66.83382666685432
15.1829,66.85051666685426
16.6174,66.86719666685444
16.2794,66.88384666685434
16.968,66.90053666685428
16.737,66.91721666685446
16.6138,66.93389666685462
16.8446,66.95058666685456
16.7088,66.96726666685473
16.6236,66.9839766668547
16.5799,67.00066666685464
32.7355,67.01733666685456
11.3909,67.03398666685447
8.7198,67.05066666685464
14.4213,67.06735666685458
16.1887,67.08403666685476
17.1848,67.1007266668547
16.2407,67.11740666685486
16.9702,67.13407666685478
16.5862,67.15074666685472
16.7977,67.16741666685463
16.5803,67.1840966668548
17.1779,67.20078666685475
15.707,67.21746666685492
16.9665,67.23413666685484
16.5687,67.25080666685477
16.6525,67.26747666685469
16.8733,67.28414666685462
16.48,67.30083666685456
16.7908,67.3175266668545
16.6683,67.33420666685467
16.6291,67.35089666685462
16.7165,67.36758666685456
16.6396,67.38429666685452
16.989,67.40098666685446
16.5048,67.41767666685442
16.4658,67.43434666685434
16.4319,67.45099666685425
16.9974,67.4676566668544
16.7893,67.48432666685432
16.8202,67.5010066668545
16.4193,67.51766666685464
16.7037,67.5343466668548
16.5474,67.55102666685498
16.8244,67.56770666685514
16.8621,67.58438666685531
16.4992,67.60107666685525
16.7478,67.61778666685521
16.4875,67.63443666685512
16.8126,67.65112666685506
16.3155,67.66778666685522
16.9625,67.68447666685516
16.9309,67.70115666685533
17.1486,67.71780666685524
16.7492,67.73447666685516
16.6416,67.7511366668553
16.7783,67.76781666685548
16.8081,67.78449666685565
16.6917,67.80121666685585
16.5629,67.81788666685577
17.7465,67.83458666685596
14.89,67.85127666685591
16.5953,67.86795666685607
16.365,67.88463666685624
16.9591,67.90132666685618
16.7666,67.91801666685613
16.5331,67.93468666685605
16.7033,67.95136666685622
16.8302,67.9680466668564
17.6845,67.98472666685656
15.0316,68.0013866668567
16.9222,68.01805666685664
16.413,68.03469666685676
17.2254,68.05140666685672
16.471,68.06808666685689
16.6044,68.08476666685706
16.7766,68.10146666685725
16.6255,68.11813666685717
16.6783,68.13481666685733
16.8204,68.15150666685729
16.8118,68.16820666685747
16.3752,68.18488666685764
17.3222,68.20160666685784
16.8435,68.218286666858
16.943,68.23495666685794
16.4328,68.25164666685788
16.7429,68.2683166668578
16.5039,68.28499666685798
16.6825,68.30165666685812
16.66,68.31832666685804
16.7937,68.33500666685822
16.6664,68.35168666685838
16.6161,68.36836666685855
16.7005,68.38504666685871
16.6713,68.40172666685889
16.6622,68.41839666685881
16.3553,68.43507666685898
16.7519,68.45176666685892
16.4954,68.46846666685911
16.788,68.48514666685928
16.546,68.5018166668592
16.9256,68.51849666685936
16.3986,68.5351366668595
16.5775,68.55177666685962
16.4598,68.56842666685954
17.1168,68.58506666685967
15.9766,68.6017066668598
16.7533,68.61834666685994
16.9101,68.63501666685985
16.8121,68.6517066668598
16.6479,68.66838666685996
16.6226,68.68506666686014
16.3444,68.7017466668603
16.9588,68.71844666686049
16.8311,68.73516666686069
16.2737,68.75185666686063
16.9159,68.7685666668606
16.7085,68.78527666686057
16.3475,68.80192666686047
16.7996,68.81855666686036
18.6249,68.8352466668603
14.6059,68.85189666686021
16.8527,68.86858666686015
16.9063,68.88528666686034
16.7295,68.90192666686048
16.576,68.91863666686044
16.7286,68.93532666686038
16.3026,68.9519666668605
17.0906,68.9686866668607
16.6601,68.98540666686091
16.7222,69.00208666686109
16.6397,69.01879666686105
16.3643,69.03546666686097
16.6357,69.0521066668611
16.7415,69.06878666686127
16.9691,69.08546666686144
16.2895,69.10210666686157
16.8878,69.11880666686176
16.8671,69.13548666686192
16.6067,69.15216666686209
16.75,69.16884666686225
16.6858,69.18551666686218
16.29,69.20219666686235
16.8895,69.21888666686229
16.9173,69.23559666686225
16.5567,69.25226666686218
17.3724,69.26898666686239
15.9804,69.28567666686233
16.9745,69.30233666686249
17.0059,69.3190066668624
16.1077,69.3356566668623
16.8498,69.35232666686224
16.7983,69.3690366668622
16.5897,69.38572666686214
16.712,69.40239666686207
16.7854,69.41908666686201
16.6991,69.43576666686218
16.5912,69.45244666686234
16.7004,69.4691366668623
16.7431,69.48582666686224
16.7838,69.50252666686242
16.6697,69.51922666686261
16.63,69.53591666686256
16.2915,69.55258666686248
16.7645,69.56927666686242
17.2268,69.58594666686236
16.713,69.60261666686227
16.7441,69.61930666686222
16.5807,69.6359866668624
16.3196,69.65263666686229
16.8038,69.66929666686244
16.9739,69.68597666686262
16.6962,69.70264666686253
17.0082,69.7193566668625
16.441,69.73603666686266
16.5147,69.75271666686284
16.9279,69.76940666686278
16.5524,69.78608666686294
16.7831,69.8027666668631
16.524,69.81947666686308
17.6631,69.83618666686304
14.9394,69.85285666686296
17.1426,69.86953666686313
15.7798,69.88616666686302
17.0913,69.90283666686295
16.6742,69.91951666686312
16.7044,69.93619666686328
16.6241,69.95287666686345
16.8182,69.96955666686361
16.5978,69.98623666686379
16.6016,70.00290666686371
16.9629,70.01958666686387
16.5051,70.0362566668638
16.8529,70.05296666686377
16.6268,70.06964666686393
16.6804,70.08633666686387
16.6507,70.10299666686403
16.9476,70.11968666686397
16.5193,70.13637666686391
16.6226,70.15304666686384
16.6928,70.16972666686401
16.6175,70.18639666686393
16.5853,70.20306666686386
16.9001,70.2197566668638
16.7203,70.23644666686374
16.6504,70.25311666686368
16.6505,70.26980666686362
16.5659,70.28647666686354
16.7413,70.30314666686347
16.7695,70.31983666686341
16.5981,70.33651666686357
16.5659,70.35319666686375
16.6973,70.36990666686371
17.2283,70.38658666686388
16.8937,70.4032566668638
16.7842,70.41993666686398
16.5673,70.4366066668639
16.7498,70.45327666686381
16.6617,70.469956666864
16.6471,70.48662666686391
16.9955,70.50330666686408
16.8886,70.51999666686403
16.3598,70.53666666686395
16.5355,70.55334666686412
16.7549,70.5700266668643
16.6607,70.58670666686446
16.6584,70.6033966668644
16.6858,70.62008666686434
16.986,70.63676666686452
16.3638,70.65344666686468
16.3965,70.6700866668648
16.9793,70.68676666686498
16.6346,70.7034366668649
16.6762,70.72011666686507
16.8132,70.73680666686501
16.6609,70.75348666686519
16.7193,70.77016666686535
16.5263,70.78684666686551
16.5962,70.80351666686545
17.4081,70.82020666686539
17.2917,70.8369266668656
14.3478,70.8535766668655
17.055,70.87026666686545
17.0304,70.88694666686561
16.646,70.90360666686576
16.6371,70.92028666686592
16.6521,70.93694666686608
16.7631,70.953616666866
16.5061,70.97029666686616
16.79,70.98697666686634
16.6828,71.00364666686626
16.6084,71.02034666686644
16.7879,71.03702666686661
16.6901,71.05369666686654
16.5368,71.07037666686671
16.705,71.08705666686687
32.0195,71.10375666686706
6.982,71.12041666686721
10.7264,71.13709666686738
16.7878,71.1537666668673
16.8441,71.17045666686725
16.7134,71.18713666686742
16.0865,71.20377666686754
16.9507,71.22044666686747
16.8297,71.23713666686741
16.543,71.25380666686735
16.7483,71.27048666686751
16.8671,71.28717666686745
16.7328,71.30384666686737
16.8169,71.32053666686733
16.6613,71.33721666686749
16.4612,71.35387666686763
16.8157,71.37059666686784
17.0797,71.38729666686802
16.3841,71.4039766668682
16.7159,71.4206266668681
17.0613,71.43730666686827
16.5313,71.4539766668682
16.6741,71.47066666686814
16.69,71.48733666686807
16.6287,71.50399666686822
16.7919,71.5206966668684
16.89,71.53736666686832
16.4738,71.55403666686826
16.7597,71.57071666686842
16.7371,71.58742666686838
16.6077,71.60410666686855
16.9647,71.62081666686852
16.4938,71.63749666686869
16.5742,71.65417666686885
16.536,71.67086666686879
15.9677,71.68754666686897
16.7673,71.70421666686889
16.3995,71.7208666668688
17.0893,71.73755666686874
16.3722,71.75422666686866
16.8385,71.77090666686883
16.7369,71.787586666869
17.3645,71.80425666686892
16.7954,71.82093666686909
17.2454,71.83762666686904
15.3715,71.85432666686923
16.6722,71.87102666686941
16.7202,71.88774666686962
16.8785,71.90440666686976
16.5682,71.9210966668697
16.3486,71.93776666686963
16.7007,71.95443666686955
16.7379,71.97112666686951
18.2216,71.98780666686967
15.2609,72.00448666686984
16.3825,72.02114666686998
16.6381,72.03782666687016
17.1697,72.05446666687028
16.8797,72.07114666687045
16.7759,72.08784666687063
16.6321,72.10452666687081
16.7096,72.12120666687098
17.521,72.13789666687092
15.4315,72.15454666687083
17.2238,72.17121666687075
16.5469,72.18790666687069
16.3287,72.20454666687083
16.7095,72.22123666687077
16.8689,72.23791666687093
16.8127,72.25458666687086
16.8078,72.27126666687103
16.4556,72.28794666687119
16.6766,72.30461666687113
16.7521,72.32132666687109
16.6568,72.33801666687103
16.7392,72.35469666687119
16.6699,72.37140666687117
16.6041,72.38811666687113
16.8508,72.40480666687107
16.4081,72.42145666687098
16.9016,72.43810666687088
16.8131,72.4547766668708
16.2352,72.47144666687073
16.7376,72.4881266668709
16.6168,72.50479666687083
16.9361,72.521476666871
16.5428,72.53816666687094
16.3097,72.55481666687085
16.9391,72.57149666687101
16.7688,72.58820666687097
16.5641,72.60490666687116
16.244,72.6215966668711
16.5323,72.63828666687105
16.8298,72.65496666687122
16.411,72.67161666687112
16.8703,72.68828666687105
17.4219,72.7049466668712
16.8424,72.72164666687138
16.6882,72.73832666687156
16.5341,72.7549866668717
16.6843,72.77167666687164
17.3354,72.7883566668718
16.7063,72.80502666687174
16.3127,72.82166666687186
17.3228,72.83837666687182
14.9009,72.85506666687178
16.7013,72.87176666687196
16.7,72.88844666687213
16.6138,72.90511666687206
16.6553,72.92179666687223
16.7996,72.93847666687239
16.5524,72.95514666687231
16.7767,72.97183666687226
16.6937,72.98855666687247
16.6467,73.00524666687241
17.2222,73.02192666687257
15.9689,73.03856666687271
17.1745,73.05524666687288
16.0749,73.07189666687277
16.9324,73.08858666687273
16.7979,73.10527666687267
16.2337,73.12193666687281
16.9298,73.13861666687299
16.6339,73.15525666687311
16.7682,73.17192666687305
16.732,73.18859666687297
16.6484,73.20530666687293
16.7901,73.2219866668731
16.6615,73.2387066668733
16.5912,73.25538666687348
16.4154,73.2720266668736
16.7854,73.28871666687354
16.9237,73.30539666687372
16.6325,73.32210666687368
17.225,73.33879666687362
16.7251,73.35547666687378
16.6129,73.37215666687395
16.6443,73.38882666687388
17.1719,73.4054966668738
15.9544,73.42216666687374
16.9695,73.4388766668737
16.4211,73.45555666687386
16.7874,73.472216666874
17.0139,73.48888666687394
16.6211,73.50554666687408
16.1189,73.52218666687422
17.006,73.53885666687414
16.7395,73.55554666687408
16.6617,73.57222666687426
16.7609,73.5889166668742
16.5746,73.60558666687412
16.7178,73.6222666668743
16.7515,73.63896666687448
16.5985,73.65565666687442
16.6078,73.67233666687459
16.8365,73.68906666687457
15.9546,73.70571666687448
16.7983,73.7223866668744
17.1823,73.73907666687434
16.3626,73.75574666687427
16.7947,73.77242666687444
16.6585,73.78911666687438
16.7185,73.80578666687431
16.727,73.82245666687423
16.4837,73.83911666687439
16.4747,73.85577666687453
16.9399,73.8724866668745
16.7051,73.88916666687466
16.8472,73.90583666687459
16.5572,73.92252666687453
16.7095,73.9392066668747
16.7151,73.95588666687486
16.7258,73.97256666687504
16.6575,73.98925666687498
16.9836,74.00596666687494
16.7043,74.02263666687487
16.5313,74.03928666687477
16.8949,74.05595666687469
16.7786,74.07264666687465
16.3204,74.08928666687477
16.9076,74.10596666687493
16.4836,74.12262666687509
16.9437,74.13930666687526
16.9975,74.15600666687544
15.2646,74.17265666687535
16.998,74.1893466668753
16.7532,74.2060666668755
16.4232,74.22273666687542
16.8103,74.2394166668756
16.8943,74.2561366668758
16.2896,74.2727866668757
17.5708,74.28949666687566
16.5282,74.30617666687584
16.4361,74.32282666687574
17.2847,74.33952666687593
15.8921,74.35617666687584
15.9507,74.37280666687572
17.3063,74.38950666687592
16.898,74.40618666687608
16.5165,74.42286666687625
16.8142,74.43958666687645
16.5776,74.45626666687662
16.6895,74.47294666687678
16.7191,74.48964666687696
16.7125,74.50633666687692
16.6957,74.52305666687712
16.9609,74.53977666687733
16.1734,74.55644666687725
16.8546,74.5731066668774
16.5396,74.58977666687733
16.7783,74.60645666687749
16.6066,74.62311666687764
16.8608,74.63980666687759
16.9979,74.65647666687751
16.5619,74.67314666687744
16.8085,74.68982666687761
16.6136,74.70650666687777
16.7727,74.72318666687794
16.5471,74.73986666687811
17.1458,74.75655666687805
16.5052,74.7732166668782
16.9652,74.78991666687838
16.4702,74.80658666687832
16.7097,74.82325666687824
17.6536,74.83994666687818
15.4192,74.85658666687831
16.9134,74.87326666687848
16.7137,74.88995666687842
17.3021,74.90664666687837
16.164,74.92330666687852
16.6317,74.9400066668787
16.7024,74.95668666687887
16.6379,74.9733566668788
16.8422,74.99004666687874
16.1461,75.00669666687865
17.2193,75.02340666687861
17.0866,75.04008666687878
15.6588,75.0567566668787
16.4647,75.07343666687888
16.6479,75.09013666687906
16.5278,75.1067966668792
16.5233,75.12343666687934
16.9046,75.1401166668795
16.7696,75.15679666687967
16.2071,75.17346666687959
16.7286,75.19012666687975
17.0061,75.20680666687991
16.6669,75.22348666688008
16.5165,75.24015666688001
17.2624,75.25683666688018
16.6912,75.27352666688012
17.5257,75.29023666688008
16.6529,75.30692666688003
16.7796,75.3236066668802
16.5666,75.34031666688016
16.5463,75.35699666688032
16.6186,75.37363666688046
16.8072,75.39028666688036
16.5785,75.40694666688051
16.8786,75.42361666688043
16.8845,75.4402966668806
16.4861,75.45697666688078
16.7024,75.4736466668807
16.6923,75.49031666688062
16.722,75.5069966668808
16.5329,75.52369666688098
16.9999,75.54041666688119
16.1714,75.55709666688135
16.9596,75.57379666688153
16.745,75.5904766668817
16.5567,75.60715666688188
16.6916,75.62383666688204
16.6761,75.64052666688198
16.543,75.65720666688215
16.7578,75.67388666688231
16.7391,75.69055666688224
16.7816,75.70723666688241
16.2605,75.72391666688257
17.0534,75.74060666688253
16.5815,75.75729666688247
16.7899,75.77397666688263
16.6681,75.7906566668828
16.7708,75.80732666688273
16.5381,75.8240066668829
17.0502,75.84068666688306
15.106,75.85737666688301
16.6158,75.87405666688318
16.9523,75.89077666688338
16.442,75.90745666688355
16.6994,75.92411666688369
16.7276,75.94079666688387
16.443,75.95744666688377
16.9521,75.97412666688393
16.5274,75.99082666688412
16.5127,76.00749666688405
16.6753,76.02417666688422
16.7558,76.04085666688438
16.3364,76.0575066668843
17.0015,76.07418666688446
16.7057,76.0908766668844
16.5956,76.10755666688458
16.8004,76.12426666688454
16.5834,76.14095666688448
16.6956,76.1576266668844
17.7556,76.17431666688435
16.3567,76.19098666688427
15.6812,76.20762666688441
16.8693,76.2243266668846
16.7126,76.24099666688451
16.6624,76.25767666688468
16.6683,76.27434666688461
16.7667,76.29102666688478
16.7482,76.30770666688494
16.6274,76.32437666688487
16.7154,76.34106666688481
16.6882,76.35775666688475
16.6083,76.37447666688496
16.8796,76.39116666688491
16.8119,76.40784666688508
16.4943,76.424516666885
16.5237,76.44120666688494
16.7036,76.45788666688512
16.2265,76.47452666688524
16.8149,76.4911866668854
16.9258,76.50784666688554
16.7357,76.5245266668857
16.6242,76.54120666688587
16.8638,76.55788666688605
16.4672,76.57456666688621
16.7839,76.5912666668864
16.7331,76.60794666688656
16.5876,76.62462666688673
16.7119,76.64134666688693
16.7194,76.65804666688712
16.6511,76.67473666688707
16.2602,76.69138666688697
16.9554,76.7080566668869
16.8023,76.72472666688682
16.628,76.74140666688699
16.723,76.75807666688692
16.37,76.77472666688682
16.8053,76.79137666688673
16.7705,76.8080566668869
16.7272,76.82473666688706
18.3404,76.84141666688724
14.7979,76.85810666688718
16.9061,76.87479666688712
16.7342,76.89148666688706
16.6671,76.90817666688702
16.5795,76.92484666688694
16.4062,76.94151666688687
16.817,76.95820666688681
16.821,76.97487666688673
16.7948,76.9915566668869
16.5926,77.00823666688707
16.6487,77.02493666688726
16.7971,77.04161666688742
16.5904,77.05829666688759
16.6232,77.07496666688752
16.7578,77.0916666668877
16.6664,77.10838666688791
16.6781,77.1250866668881
16.6833,77.14176666688826
16.6669,77.1584566668882
17.5563,77.17512666688813
17.6866,77.1918066668883
16.6355,77.20848666688846
14.5758,77.2251266668886
16.6408,77.24176666688872
16.99,77.25843666688866
16.6991,77.27510666688858
16.6542,77.29178666688874
16.7194,77.3084766668887
16.615,77.32514666688861
16.7458,77.34182666688878
16.7036,77.35850666688894
16.6593,77.37518666688912
16.5748,77.3918866668893
16.5024,77.40856666688947
16.9278,77.42523666688939
16.304,77.4418866668893
16.7722,77.45852666688943
16.8197,77.47518666688958
16.7479,77.4918566668895
16.7483,77.50854666688946
16.6219,77.5252066668896
16.7365,77.54188666688977
16.5608,77.5585766668897
16.8009,77.57529666688991
16.5692,77.59196666688985
17.0205,77.60868666689005
16.5755,77.62539666689001
16.2387,77.64206666688993
16.8465,77.65874666689011
16.8679,77.67542666689027
16.6138,77.69212666689046
16.6626,77.70880666689062
16.9977,77.72547666689056
16.6976,77.74214666689048
16.0102,77.75880666689062
16.9692,77.77547666689055
16.6678,77.79214666689047
16.7716,77.80884666689066
16.7502,77.82554666689084
16.3182,77.84218666689098
16.8737,77.85886666689115
16.8057,77.87554666689131
16.6846,77.89223666689126
17.0128,77.90893666689145
16.1583,77.92563666689163
16.6969,77.94230666689155
16.6265,77.9589966668915
16.9378,77.97567666689167
16.3548,77.99230666689155
17.7653,78.00901666689153
16.6485,78.02568666689145
16.4659,78.04232666689157
17.1965,78.05900666689175
16.3027,78.07566666689189
16.7711,78.09236666689208
16.7661,78.10905666689202
16.7175,78.1257366668922
16.2295,78.14237666689232
17.0903,78.15909666689252
16.6766,78.17578666689246
16.6488,78.1924566668924
16.851,78.20915666689258
16.5432,78.22583666689275
15.3934,78.24248666689266
17.2023,78.25915666689258
16.5035,78.27583666689274
16.7383,78.29251666689292
16.9855,78.30923666689313
16.1163,78.32587666689325
16.8634,78.34254666689317
16.7932,78.35924666689337
16.8573,78.37593666689331
16.1775,78.39258666689321
16.8025,78.40927666689316
16.799,78.42594666689308
16.4779,78.44260666689323
16.9762,78.4592866668934
16.3158,78.4759366668933
16.7119,78.49261666689347
16.9346,78.50929666689365
17.1309,78.52593666689377
17.271,78.5426066668937
16.4948,78.55930666689389
16.6135,78.57600666689407
16.4064,78.59266666689422
17.0728,78.6093666668944
16.638,78.62604666689457
16.5648,78.64274666689477
16.686,78.65945666689473
16.6627,78.67613666689489
16.7121,78.69283666689508
16.7836,78.70952666689502
16.7566,78.72621666689497
16.7376,78.74289666689513
16.5833,78.75961666689534
16.519,78.7762966668955
16.7554,78.79297666689567
16.7016,78.80965666689585
16.7633,78.82630666689575
16.5218,78.84297666689567
16.676,78.85965666689584
16.3486,78.87630666689574
16.9767,78.8929666668959
16.6697,78.90965666689584
16.5639,78.92628666689573
16.8255,78.9429666668959
17.3809,78.95964666689606
15.2322,78.9763066668962
16.6129,78.99301666689618
16.8149,79.00970666689612
16.554,79.02639666689606
16.7061,79.04309666689625
16.8196,79.05979666689643
16.223,79.07643666689657
16.9928,79.09315666689677
16.9567,79.10983666689694
16.1586,79.12648666689685
16.7909,79.14317666689679
16.8929,79.15985666689696
16.9565,79.17653666689712
16.7688,79.19320666689705
16.6603,79.209896666897
16.7717,79.22657666689716
16.5359,79.24327666689734
16.7153,79.25994666689728
16.4683,79.27662666689744
16.5781,79.2933366668974
16.6745,79.31003666689759
16.3624,79.3266866668975
16.975,79.34336666689767
16.7982,79.3600566668976
17.0552,79.37673666689778
16.5288,79.3934066668977
16.7741,79.41007666689762
16.8804,79.42674666689756
16.4361,79.44342666689772
17.5488,79.46010666689789
16.4926,79.4767566668978
16.8581,79.49346666689776
16.8429,79.51014666689792
16.1516,79.52679666689784
17.0478,79.54346666689776
16.8131,79.56014666689792
16.5647,79.57683666689788
16.5824,79.59352666689782
16.8306,79.61019666689774
16.7404,79.62687666689791
16.4534,79.6435766668981
17.3727,79.66026666689804
16.6112,79.67693666689796
16.7053,79.69363666689814
16.7391,79.71031666689832
17.2246,79.72699666689849
16.1616,79.74368666689843
16.7657,79.76037666689837
15.9075,79.77702666689828
15.8695,79.79370666689844
16.0687,79.8103666668986
17.7557,79.82703666689852
15.7772,79.84371666689869
16.7554,79.86040666689864
16.4539,79.87705666689854
16.9338,79.8937366668987
16.6387,79.91040666689864
16.5774,79.92707666689856
16.7464,79.94378666689852
16.6223,79.96045666689845
16.842,79.97712666689837
16.5806,79.99380666689854
16.6751,80.01048666689871
16.8199,80.02715666689863
16.6181,80.0438666668986
16.6784,80.06055666689853
16.6819,80.07724666689849
