4.02037918334827, 20.3224,4.19104548310861, 11.3061,0,20.3224,10,-33.69943,-0.496067,173.803504,0,10,1,37
4.03456998290494, 14.2953,4.20888068294153, 18.2658,1,17.30885,9,-5.593733,-1.222534,164.048704,0,10,2,37
4.05491278367117, 17.2833,4.22598738363013, 15.2576,2,17.30033,9,16.33377,-0.363701,168.977792,0,10,3,37
4.07232588389888, 14.518,4.24301618291065, 20.085,3,16.60475,9,16.73963,0.967032,166.952496,0,10,4,37
4.08962038392201, 18.3785,4.2586651830934, 12.6086,4,16.9595,10,17.4733,0.336965,172.512704,0,10,5,37
4.10681728320196, 15.2023,4.27675068331882, 20.0694,5,16.66663,9,16.66707,-0.740002,166.726,0,10,6,37
4.12536968337372, 19.6267,4.2924837837927, 17.411,6,17.0895,10,15.29414,-1.129869,171.619392,0,10,7,37
4.1405604830943, 15.3531,4.31058888463303, 14.9863,7,16.87245,10,15.8828,-0.086336,169.4036,0,10,8,37
4.15668918332085, 14.5779,4.3261096845381, 17.829,8,16.6175,9,16.98327,-0.133203,169.036192,0,10,9,37
4.17621598346159, 20.7241,4.3441022853367, 15.2064,9,17.02816,10,14.48904,-0.12517,172.285792,0,10,10,37
4.19104548310861, 17.6706,4.3597335848026, 17.4657,9,17.08656,9,16.4205,-0.284137,166.772992,0,10,11,37
4.20888068294153, 18.6562,4.37938838405535, 18.6742,9,17.21737,10,16.47797,-0.143704,166.5684,0,10,12,37
4.22598738363013, 14.8254,4.39412158401683, 13.6433,9,17.03337,10,16.46394,0.918533,166.587008,0,10,13,37
4.24301618291065, 14.576,4.41074148425832, 19.4027,9,16.85784,9,16.5251,-0.830434,165.404896,0,10,14,37
4.2586651830934, 18.1737,4.42699018353596, 13.5558,9,16.94557,10,-54.48573,-0.656201,170.232096,0,10,15,37
4.27675068331882, 13.6963,4.44458888331428, 19.2944,9,16.74249,9,8.562867,-0.239868,165.614208,0,10,16,37
4.2924837837927, 20.7835,4.46303578326479, 18.5532,9,16.98019,10,8.595634,-0.346935,171.211392,0,10,17,37
4.31058888463303, 17.9131,4.47725768340752, 14.2242,9,17.03202,10,10.6187,-1.111502,168.9792,0,10,18,37
4.3261096845381, 11.8495,4.49653848400339, 19.2923,9,16.75926,10,10.25327,0.006031,165.296304,0,10,19,37
4.3441022853367, 21.5003,4.51313168322667, 14.9316,9,16.99631,10,11.30404,0.024764,172.739296,0,10,20,37
4.3597335848026, 10.9366,4.51313168322667, 6.0143,9,16.70775,9,9.977302,0.564397,161.251392,0,11,0,18
4.37938838405535, 18.9088,4.53026548353955, 11.1346,9,16.8078,9,10.53517,0.23693,153.4772,0,10,1,37
4.39412158401683, 19.8275,4.54661068273708, 16.1893,9,16.93909,9,9.673136,-0.109037,149.839104,0,10,2,37
4.41074148425832, 13.5944,4.56126578291878, 16.4097,9,16.79973,9,9.647803,-0.759104,152.655296,0,9,3,75
4.42699018353596, 19.3874,4.58056198200211, 18.6769,9,16.90324,9,9.01027,0.285629,151.944608,0,9,4,75
4.44458888331428, 12.8821,4.59496038174257, 13.1958,9,16.74858,8,11.03574,0.489762,152.258704,0,9,5,75
4.46303578326479, 16.1461,4.61383858090267, 20.0394,9,16.72626,9,9.739804,-0.889305,156.152096,0,10,6,37
4.47725768340752, 16.7401,4.62857738090679, 13.5837,9,16.72676,8,10.57497,0.108028,152.995808,0,9,7,75
4.49653848400339, 16.7811,4.64679098082706, 21.2878,9,16.72863,9,9.395338,0.393261,157.502592,0,9,8,75
4.49653848400339, 16.1638,4.66164048062637, 13.5227,9,16.7098,9,8.914405,-0.446306,154.861696,0,9,9,75
4.51313168322667, 17.2616,4.68061228143051, 18.4124,10,16.7276,9,10.10727,-0.584773,156.012704,0,10,10,37
4.53026548353955, 16.3828,4.69701358163729, 15.2526,9,16.71683,9,9.528539,-0.40034,154.882496,0,10,11,37
4.56126578291878, 17.009,4.71183658158407, 16.6484,9,16.72568,9,8.969506,-0.908807,154.5192,0,9,12,75
4.58056198200211, 17.1711,4.72863128175959, 17.7823,8,16.73878,9,12.04877,-0.888574,155.1356,0,9,13,75
4.59496038174257, 21.245,4.7457844815217, 17.5677,8,16.86753,9,10.19894,1.173759,151.458304,0,10,14,37
4.59496038174257, 11.762,4.76423148205504, 15.4272,8,16.72571,9,9.729307,0.192392,155.123904,0,10,15,37
4.62857738090679, 21.285,4.78119858121499, 17.7762,9,16.84893,9,10.57657,-0.856575,151.615296,0,10,16,37
4.64679098082706, 14.8475,4.79582158150151, 13.5547,8,16.79626,8,10.58974,-0.609342,150.322208,0,9,17,75
4.66164048062637, 13.6933,4.81258538225666, 16.7148,8,16.7167,8,10.18961,1.669991,153.344304,0,9,18,75
4.66164048062637, 16.8819,4.8308740821667, 19.6366,8,16.72083,9,9.527675,-0.913376,156.099392,0,10,19,37
4.68061228143051, 16.2684,4.84564378252253, 16.3776,9,16.7098,9,10.72394,-0.189243,156.209296,0,9,20,75
4.71183658158407, 18.1937,4.86250618239865, 14.0409,9,16.74513,8,10.06321,0.74059,152.056496,0,9,21,75
4.72863128175959, 17.4446,4.87958488194272, 20.0938,8,16.76139,9,9.357076,0.284923,154.705792,0,9,22,75
4.72863128175959, 15.4489,4.89845978235826, 15.7802,8,16.73157,9,10.63984,0.515456,155.0376,0,10,23,37
4.7457844815217, 14.8273,4.91499898163602, 18.0956,9,16.68925,9,11.72171,-0.347611,158.306096,0,10,24,37
4.76423148205504, 18.5392,4.93080958118662, 14.4109,9,16.72947,9,8.863577,-0.635278,154.178592,0,10,25,37
4.79582158150151, 21.0691,4.94798518111929, 18.0391,9,16.8218,9,9.095544,-0.082745,151.148704,0,10,26,37
4.81258538225666, 17.3961,4.96206538146362, 13.0672,8,16.83376,8,10.84291,0.665188,146.819504,0,9,27,75
4.81258538225666, 11.2858,4.98064048169181, 19.9326,8,16.72054,9,9.583778,0.004121,155.467104,0,10,28,37
4.84564378252253, 18.5827,4.99747308110818, 15.6148,9,16.75778,9,10.25305,-0.246146,152.498704,0,10,29,37
4.86250618239865, 20.1044,5.01409238157794, 18.0135,8,16.8234,9,9.647612,1.000187,150.4088,0,10,30,37
4.87958488194272, 12.0068,5.0303101814352, 14.7091,8,16.73078,9,8.848579,0.01752,153.111104,0,10,31,37
4.87958488194272, 15.7968,5.04855108214542, 19.6877,8,16.71315,9,11.28715,1.317353,157.002592,0,10,32,37
4.89845978235826, 16.3566,5.06505808187649, 15.0066,9,16.70655,9,9.655313,-0.394414,155.652192,0,10,33,37
4.91499898163602, 16.9778,5.08116598194465, 17.4012,9,16.71148,9,8.64358,-0.643681,156.075904,0,10,34,37
4.93080958118662, 17.0678,5.09905588207766, 16.7171,9,16.71784,9,11.25355,0.336252,155.725296,0,10,35,37
4.96206538146362, 21.1809,5.1152882813476, 17.8833,9,16.79614,9,8.359614,0.527185,152.428192,0,10,36,37
4.96206538146362, 11.5112,5.12932728091255, 12.5423,8,16.70502,8,10.36908,-1.216782,153.459296,0,9,37,75
4.98064048169181, 16.9053,5.14924038061872, 21.246,9,16.70842,8,12.00795,0.457251,145.841696,0,10,0,37
4.99747308110818, 16.3676,5.14924038061872, 4.4094,9,16.70274,8,9.371015,-1.031416,140.072608,0,8,1,150
5.01409238157794, 16.3185,5.16381958080456, 10.5483,9,16.69644,8,9.989982,0.271317,140.127104,0,8,2,150
5.0303101814352, 17.4686,5.1802207804285, 17.5227,9,16.70889,8,11.11725,-1.08565,141.241296,0,8,3,150
5.04855108214542, 15.1309,5.19717488018796, 16.2454,9,16.68385,8,10.69002,0.757483,140.792,0,9,4,75
5.06505808187649, 18.4244,5.21507048001513, 17.9747,9,16.71104,8,10.54608,0.082216,140.451904,0,9,5,75
5.08116598194465, 14.8898,5.23091597994789, 14.5522,9,16.68302,7,8.99115,0.553249,136.642304,0,8,6,150
5.09905588207766, 19.0668,5.24718118039891, 15.2522,9,16.71914,6,10.72562,-1.288818,133.842096,0,7,7,300
5.12932728091255, 21.5379,5.2642702809535, 18.736,9,16.79106,5,8.820384,0.193015,136.7352,0,6,8,600
5.12932728091255, 12.5544,5.28135938150808, 15.4477,8,16.72876,8,11.14455,-0.481152,137.746592,0,9,9,75
5.16381958080456, 16.9462,5.29945978103206, 17.9571,9,16.73191,8,8.862118,-0.854319,135.987008,0,9,10,75
5.1802207804285, 18.0604,5.31452848063782, 16.3,7,16.75089,8,11.17418,-0.539086,137.4812,0,9,11,75
5.19717488018796, 15.783,5.33296458097175, 17.2774,7,16.73726,8,9.350552,-0.625653,140.628,0,9,12,75
5.19717488018796, 13.3112,5.34816858125851, 16.458,7,16.68967,8,11.72592,-0.91152,140.518,0,9,13,75
5.21507048001513, 17.4891,5.36474808072671, 17.38,8,16.70062,8,10.58529,-0.929987,96.909504,0,9,14,75
5.28135938150808, 57.583,5.38082468090579, 13.9727,8,17.25309,8,11.96635,-0.035754,113.3344,0,9,15,75
5.28135938150808, 2.0842,5.39781288011, 18.5084,5,17.05084,8,10.54862,0.925579,126.5676,0,9,16,75
5.28135938150808, 1.6871,5.41424878081307, 14.9201,6,16.84868,8,10.27169,0.171712,140.844496,0,9,17,75
5.28135938150808, 4.5668,5.43197478121147, 18.8435,7,16.68918,8,12.24655,-0.704855,138.768608,0,9,18,75
5.29945978103206, 17.6704,5.44869298068807, 15.5952,8,16.70176,8,9.536421,0.355378,140.756304,0,9,19,75
5.31452848063782, 15.081,5.46440398087725, 17.069,8,16.68124,8,7.632488,-0.237489,137.275008,0,9,20,75
5.33296458097175, 18.5723,5.48083658097312, 15.0913,8,16.70488,8,9.503555,-0.389956,142.172608,0,9,21,75
5.34816858125851, 14.6775,5.49890128104016, 19.5746,8,16.67985,8,12.12792,-0.739923,138.543904,0,9,22,75
5.36474808072671, 17.9556,5.51455968013033, 14.3264,8,16.69541,8,9.360889,-0.18149,139.878496,0,9,23,75
5.38082468090579, 17.0157,5.53179538017139, 18.3506,8,16.69927,8,9.598856,-0.325157,139.0428,0,9,24,75
5.39781288011, 16.3882,5.54859697958454, 15.5529,8,16.69556,8,9.960923,-0.711324,138.014496,0,9,25,75
5.41424878081307, 17.9032,5.56560477940366, 16.8742,8,16.70977,8,10.10379,-1.002691,139.532704,0,9,26,75
5.43197478121147, 15.5064,5.58136597974226, 17.0244,8,16.69578,8,9.763157,0.181542,141.051504,0,9,27,75
5.44869298068807, 16.7894,5.59875427884981, 18.3074,8,16.69685,8,9.797024,-0.216725,138.894592,0,9,28,75
5.46440398087725, 16.3831,5.61482697864994, 14.2261,8,16.69329,8,12.26479,-0.184992,138.793792,0,9,29,75
5.48083658097312, 17.513,5.63100867858157, 17.412,8,16.7025,8,10.66076,-0.509459,138.777504,0,9,30,75
5.49890128104016, 16.1752,5.64870677841827, 16.1588,8,16.69664,8,11.20562,-0.072626,139.4008,0,9,31,75
5.51455968013033, 17.0756,5.66479637799785, 17.6987,8,16.7008,8,9.768492,-0.880793,138.216096,0,9,32,75
5.53179538017139, 16.2889,5.6815298772417, 15.1043,8,16.69633,7,11.59536,-0.17946,140.603504,0,8,33,150
5.54859697958454, 17.0527,5.69918237766251, 19.4399,8,16.70016,6,10.28103,0.888973,138.002096,0,7,34,300
5.56560477940366, 16.4798,5.7146489773877, 13.8784,8,16.69781,8,9.440193,-0.223594,143.602592,0,6,35,600
5.58136597974226, 15.0871,5.73140987800434, 20.6874,8,16.68086,8,12.45836,-1.434661,139.339504,0,9,36,75
5.59875427884981, 18.338,5.74858007812873, 14.0747,8,16.69812,8,9.245827,0.719772,138.7068,0,9,37,75
5.61482697864994, 16.3919,5.76520577864721, 15.7592,8,16.69496,8,8.556494,-0.522795,141.775504,0,9,38,75
5.63100867858157, 15.1044,5.7822037790902, 18.1731,8,16.67873,8,9.847761,0.040638,140.604992,0,9,39,75
5.64870677841827, 18.497,5.80092847952619, 17.3259,8,16.6971,8,12.87133,0.375471,141.913104,0,9,40,75
5.66479637799785, 15.0263,5.8157369797118, 16.3341,8,16.68039,7,8.665895,-0.301696,101.3882,0,8,41,150
5.73140987800434, 55.6838,5.83230337919667, 15.1586,8,17.06656,8,11.68536,-0.137363,116.865296,0,9,42,75
5.73140987800434, 2.2059,5.84853807883337, 17.6819,5,16.92087,8,9.608629,0.72747,132.433904,0,9,43,75
5.73140987800434, 1.5791,5.86713847937062, 17.1476,6,16.77192,8,8.989496,-0.171697,140.632896,0,9,44,75
5.73140987800434, 8.4238,5.88209517905489, 16.623,7,16.69165,8,10.16816,-0.521464,140.021792,0,9,45,75
5.74858007812873, 16.6933,5.8998253797181, 16.0829,8,16.69167,8,9.50963,-1.180331,138.767504,0,9,46,75
5.76520577864721, 17.9592,5.91520198015496, 16.7043,8,16.70363,8,8.938297,-0.925198,140.5032,0,9,47,75
5.7822037790902, 14.5267,5.93271587928757, 16.2628,8,16.68328,8,9.906164,-0.407565,138.668704,0,9,48,75
5.80092847952619, 18.9562,5.9487233790569, 17.1208,8,16.70433,8,11.76343,0.900568,132.3824,0,9,49,75
5.83230337919667, 23.1903,5.96502467943355, 16.9046,8,16.76383,8,10.6929,0.436801,141.269104,0,9,50,75
5.83230337919667, 8.6115,5.98236278025433, 17.4976,7,16.68972,8,10.60437,-0.536666,139.525696,0,9,51,75
5.84853807883337, 15.8815,5.99849447933957, 14.1389,8,16.68244,8,10.00753,-0.838833,139.558896,0,9,52,75
5.86713847937062, 18.5107,6.01533597847447, 18.5427,8,16.69876,8,10.3905,-0.3068,140.045104,0,9,53,75
5.88209517905489, 14.7533,6.03221877804026, 15.2402,8,16.68155,8,9.088466,-0.755167,139.5664,0,9,54,75
5.8998253797181, 18.392,6.04881977802143, 17.9124,8,16.69655,8,11.75333,0.462666,140.283104,0,9,55,75
5.91520198015496, 14.9591,6.06585647864267, 15.6758,8,16.68144,8,10.3845,1.337399,139.195904,0,9,56,75
5.93271587928757, 18.5939,6.08198327897117, 17.5062,8,16.69793,8,9.658567,0.390732,140.413504,0,9,57,75
5.9487233790569, 15.0305,6.09970687841997, 16.2482,8,16.68368,8,10.39293,-0.056035,141.878704,0,9,58,75
5.96502467943355, 15.5533,6.11534427804872, 17.0184,8,16.6741,8,9.064501,-0.215602,138.286704,0,9,59,75
5.98236278025433, 19.1495,6.13215177832171, 15.5573,8,16.6949,8,8.136568,-0.805969,139.212608,0,9,60,75
5.99849447933957, 16.9487,6.14876887900755, 17.8746,8,16.69701,8,11.02374,-1.297936,137.526896,0,9,61,75
6.01533597847447, 16.7065,6.16506757913157, 15.0204,8,16.69709,8,9.668702,-0.879303,140.477504,0,9,62,75
6.03221877804026, 15.9689,6.18222657917067, 18.9194,8,16.69112,8,9.894569,0.29673,138.543392,0,9,63,75
6.04881977802143, 16.4864,6.19862957997248, 14.5517,8,16.68946,8,10.49234,-0.402437,139.364704,0,9,64,75
6.06585647864267, 17.4808,6.21538957906887, 18.3021,8,16.69584,8,12.6985,0.772196,139.154208,0,9,65,75
6.08198327897117, 15.9353,6.23238607821986, 15.7252,8,16.68976,8,10.43757,-0.728271,140.972608,0,9,66,75
6.09970687841997, 16.4069,6.24966007797047, 18.2244,8,16.68751,8,10.89954,0.449862,139.977296,0,9,67,75
6.11534427804872, 17.0373,6.26675707800314, 16.0427,8,16.69027,8,9.976004,0.550995,140.305904,0,9,68,75
6.13215177832171, 17.0725,6.28282867884263, 17.4003,8,16.69325,8,10.74617,0.307128,140.6564,0,9,69,75
6.14876887900755, 16.2558,6.30086187971756, 16.61,8,16.68986,8,10.36754,0.713561,140.166208,0,9,70,75
6.16506757913157, 17.4446,6.31631007930264, 16.9491,8,16.69567,8,9.215905,-0.931006,140.000096,0,9,71,75
6.18222657917067, 16.3788,6.33397377980873, 16.2117,8,16.69325,8,9.093472,0.746227,139.765296,0,9,72,75
6.19862957997248, 16.6713,6.34912657970563, 16.4359,8,16.69308,8,9.105939,-0.31544,141.256096,0,9,73,75
6.21538957906887, 16.3037,6.36801108019426, 17.7946,8,16.69015,8,8.883206,-0.431807,139.363296,0,9,74,75
6.23238607821986, 17.2699,6.38244938058779, 15.3773,8,16.69448,8,10.45757,0.073826,142.4624,0,9,75,75
6.24966007797047, 15.0369,6.40176788112149, 18.1356,8,16.6822,7,10.65814,-1.406941,129.2776,0,9,0,75
6.26675707800314, 18.359,6.41621608147398, 15.8226,8,16.69453,7,9.908107,0.086692,121.180704,0,8,1,150
6.28282867884263, 15.0954,6.41621608147398, 4.4465,8,16.68286,7,10.83517,-0.575775,124.7742,0,8,2,150
6.30086187971756, 18.9397,6.43237638147548, 10.8421,8,16.69921,7,9.759141,0.296458,123.6236,0,7,3,300
6.31631007930264, 14.6656,6.44969148235396, 18.2589,8,16.68458,7,12.92151,-1.078609,125.397504,0,8,4,150
6.33397377980873, 18.1689,6.46630978258327, 17.0176,8,16.69518,7,9.663875,0.716724,123.789,0,8,5,150
6.34912657970563, 14.9291,6.48459038184956, 16.7034,8,16.68266,7,10.08444,0.280957,123.904096,0,8,6,150
6.36801108019426, 18.406,6.49976288201287, 16.7965,8,16.6948,7,9.726609,-0.04521,123.8352,0,8,7,150
6.38244938058779, 14.6745,6.51637008273974, 14.7898,8,16.68067,7,12.39068,0.952123,122.559904,0,8,8,150
6.40176788112149, 19.0515,6.53397758351639, 18.9871,8,16.69713,7,9.038043,0.263356,122.7712,0,8,9,150
6.41621608147398, 15.9168,6.54986608261243, 14.6369,8,16.69175,7,11.03521,-0.359011,117.788704,0,8,10,150
6.43237638147548, 17.3126,6.56573598319665, 17.5252,7,16.696,7,9.658777,-0.744878,122.899504,0,8,11,150
6.46630978258327, 19.8274,6.58242438407615, 14.8428,7,16.7173,7,10.23704,0.325055,123.4192,0,8,12,150
6.46630978258327, 13.7756,6.59992218436673, 18.8861,6,16.69743,7,9.554511,0.756588,124.6682,0,8,13,150
6.48459038184956, 14.6737,6.61621678480878, 15.1932,7,16.68385,7,9.856578,-0.318379,121.914704,0,8,14,150
6.49976288201287, 17.4976,6.63361848564819, 18.7464,7,16.68927,7,10.25914,-0.769246,124.2042,0,8,15,150
6.51637008273974, 17.0031,6.6494596847333, 14.2493,7,16.69135,7,8.964712,-0.623113,122.017,0,8,16,150
6.53397758351639, 16.605,6.66667518438771, 18.8947,7,16.69078,7,10.12548,0.15102,125.5882,0,8,17,150
6.54986608261243, 17.0753,6.68312828475609, 14.8886,7,16.69329,7,9.671046,-0.126947,122.0372,0,8,18,150
6.56573598319665, 15.763,6.7008651853539, 19.3326,7,16.68725,7,10.35861,-0.328514,124.858704,0,8,19,150
6.58242438407615, 17.0333,6.71613928535953, 13.4825,7,16.68949,7,12.15908,-0.515181,124.1624,0,8,20,150
6.59992218436673, 16.1153,6.73358758585528, 18.9362,7,16.6858,7,9.449447,0.252952,124.827104,0,8,21,150
6.61621678480878, 17.2781,6.75153898494318, 16.5819,7,16.68958,7,9.794214,-0.025715,125.5712,0,8,22,150
6.63361848564819, 16.2985,6.76644918462262, 16.9632,7,16.6871,7,11.62778,-0.971782,122.032096,0,8,23,150
6.6494596847333, 17.1704,6.78458468383178, 17.9139,7,16.69014,7,10.00015,0.463351,125.2112,0,8,24,150
6.66667518438771, 16.1704,6.79908968368545, 12.6314,7,16.68689,7,11.07302,0.036484,122.767,0,8,25,150
6.68312828475609, 16.8554,6.81741308281198, 20.0337,7,16.68794,7,9.904782,0.343717,124.163504,0,8,26,150
6.7008651853539, 16.6714,6.83323968248442, 14.2271,7,16.68784,7,12.26545,0.48545,123.940096,0,8,27,150
6.71613928535953, 17.3658,6.85085898311809, 18.7626,7,16.692,7,8.921016,-0.510517,121.569104,0,8,28,150
6.73358758585528, 15.2846,6.86701378272846, 15.0609,7,16.68341,7,11.32258,-0.044184,126.0798,0,8,29,150
6.75153898494318, 18.4924,6.88328418182209, 16.1209,7,16.69438,7,9.15275,-0.586551,123.2614,0,8,30,150
6.76644918462262, 14.0251,6.90059258090332, 18.5357,7,16.6783,7,10.82142,0.313882,124.3204,0,8,31,150
6.78458468383178, 18.6426,6.91758378082886, 15.8239,7,16.69006,7,10.26498,0.147515,123.030704,0,8,32,150
6.79908968368545, 16.5921,6.93366768071428, 17.6513,7,16.68948,7,11.23675,1.429248,123.9074,0,8,33,150
6.81741308281198, 16.9828,6.95094558084384, 15.6927,7,16.69121,7,10.10402,-0.596219,121.5396,0,8,34,150
6.83323968248442, 16.3299,6.96673378022388, 17.2067,7,16.68909,7,11.07878,0.125914,124.228496,0,8,35,150
6.85085898311809, 17.6566,6.98360128002241, 15.2882,7,16.69475,7,9.514152,0.108747,122.978,0,8,36,150
6.86701378272846, 15.9226,7.00074477912858, 18.6115,7,16.69026,7,7.630719,-0.52262,123.034704,0,8,37,150
6.88328418182209, 16.7077,7.01742097968236, 15.4569,7,16.69036,7,10.22459,0.202313,122.3938,0,8,38,150
6.90059258090332, 16.801,7.0331534803845, 16.8578,7,16.69099,7,11.11975,-0.410054,122.0848,0,8,39,150
6.91758378082886, 16.7978,7.05073658050969, 16.1564,7,16.6916,7,9.57062,-0.624021,124.670096,0,8,40,150
6.93366768071428, 17.1075,7.06622568005696, 16.798,7,16.69397,7,9.970887,-0.442588,123.074496,0,8,41,150
6.95094558084384, 16.8844,7.08485478023067, 19.47,7,16.69504,7,9.354554,0.192445,123.524,0,8,42,150
6.96673378022388, 15.5861,7.10086067998782, 13.99,7,16.68881,7,11.84122,-0.462622,123.3798,0,8,43,150
6.98360128002241, 16.774,7.11641928041354, 17.2234,7,16.68929,7,10.60029,-0.865389,124.424496,0,8,44,150
7.00074477912858, 16.4978,7.13446888001636, 16.3534,7,16.68822,7,11.79566,-0.414156,123.0382,0,8,45,150
7.01742097968236, 16.5677,7.15052248025313, 17.6122,7,16.68756,7,9.488622,-0.583223,123.9416,0,8,46,150
7.0331534803845, 16.9395,7.16750198090449, 15.5526,7,16.68894,7,11.90859,-0.78679,127.1172,0,8,47,150
7.05073658050969, 17.1329,7.18381738150492, 18.0525,7,16.69137,7,9.538856,-0.658357,124.2584,0,8,48,150
7.06622568005696, 13.718,7.20245758118108, 16.8777,7,16.67521,7,11.73022,0.099876,124.892,0,8,49,150
7.08485478023067, 18.9788,7.21693228138611, 16.1192,7,16.68766,7,10.12509,-0.096291,126.7024,0,8,50,150
7.10086067998782, 15.9173,7.23508298164234, 16.5508,7,16.68352,7,10.10476,-0.728958,123.678096,0,8,51,150
7.11641928041354, 16.8349,7.25063068186864, 18.6453,7,16.68433,7,10.17782,0.513375,122.266304,0,8,52,150
7.13446888001636, 17.7793,7.26839218242094, 14.7366,7,16.69015,7,10.30479,-0.040892,123.892704,0,8,53,150
7.15052248025313, 16.0158,7.28326218249276, 14.6033,7,16.68659,7,9.873258,0.447441,124.5616,0,8,54,150
7.16750198090449, 16.7837,7.300135883037, 18.4098,7,16.6871,7,12.13533,0.627874,124.1218,0,8,55,150
7.18381738150492, 15.3237,7.31767658377066, 15.9924,7,16.67996,7,9.105692,-0.111993,126.892704,0,8,56,150
7.20245758118108, 18.2423,7.3338600830175, 17.8024,7,16.6881,7,9.494959,0.30844,125.204496,0,8,57,150
7.21693228138611, 14.5509,7.35072668315843, 17.3216,7,16.67702,7,9.259526,-1.285427,127.476304,0,8,58,150
7.23508298164234, 18.0675,7.3676014826633, 16.3788,7,16.68419,7,8.791493,-0.314394,123.0662,0,8,59,150
7.25063068186864, 14.9529,7.38395448261872, 17.2251,7,16.67531,7,9.65896,0.453339,124.681296,0,8,60,150
7.26839218242094, 19.1208,7.4000449818559, 14.7095,7,16.68779,7,10.96083,-0.096828,124.7206,0,8,61,150
7.28326218249276, 16.4799,7.4190200814046, 18.0953,7,16.68673,7,10.94619,-0.037995,125.0896,0,8,62,150
7.300135883037, 16.5622,7.43422608124092, 16.601,7,16.6861,7,10.11206,-0.375062,126.718496,0,8,63,150
7.31767658377066, 16.5986,7.45086318114772, 16.9674,7,16.68566,7,10.75163,-0.055529,124.679696,0,8,64,150
7.3338600830175, 14.7964,7.46783328102902, 16.4251,7,16.67622,7,9.654295,-0.168996,124.805,0,8,65,150
7.35072668315843, 18.7135,7.48386028083041, 16.6734,7,16.68635,7,11.54756,-1.037363,123.731904,0,8,66,150
7.3676014826633, 14.9523,7.50085128145292, 15.078,7,16.67777,7,9.810729,-0.28013,124.922096,0,8,67,150
7.38395448261872, 19.3455,7.51744368160143, 18.2719,7,16.69091,7,11.2195,-0.852097,124.326304,0,8,68,150
7.4000449818559, 14.2022,7.5345569816418, 15.3928,7,16.67871,6,9.909363,0.192936,125.7432,0,7,69,300
7.4190200814046, 17.8458,7.55049558216706, 17.2495,7,16.6844,5,12.32053,0.471469,125.1556,0,6,70,600
7.43422608124092, 15.4535,7.56864918256178, 16.8697,7,16.67843,4,9.889497,-0.104898,124.2124,0,5,71,2147483647
7.45086318114772, 18.4227,7.58493348257616, 17.8347,7,16.68686,7,12.05976,-0.521065,122.439296,0,8,72,150
7.46783328102902, 15.0166,7.60064498195425, 14.0738,7,16.67883,7,9.364831,-0.562232,123.987296,0,8,73,150
7.48386028083041, 18.4973,7.61736048245803, 16.7241,7,16.68753,7,8.810298,0.764201,123.4952,0,8,74,150
7.50085128145292, 16.8846,7.63461188273504, 18.4326,7,16.68847,7,9.839765,0.249834,123.7122,0,8,75,150
7.51744368160143, 15.4773,7.65079348208383, 14.9839,7,16.68273,7,9.821132,-0.850833,82.686304,0,8,76,150
7.5345569816418, 17.7169,7.66704128170386, 17.9343,7,16.6876,7,11.9567,-0.8947,96.8634,0,8,77,150
7.60064498195425, 58.0018,7.68566568242386, 16.9765,7,16.88157,7,7.332666,0.139433,112.1514,0,8,78,150
7.60064498195425, 2.2931,7.70082358224317, 16.4689,4,16.8134,7,8.811533,0.524866,124.692704,0,8,79,150
7.60064498195425, 1.4952,7.71881918190047, 16.7818,5,16.74215,7,11.932,0.650999,122.098,0,8,80,150
7.60064498195425, 4.6525,7.7345628826879, 17.1935,6,16.68618,7,10.57487,0.017132,124.1156,0,8,81,150
7.61736048245803, 17.0597,7.75061768246815, 14.4661,7,16.6879,7,11.08883,-0.319835,122.523296,0,8,82,150
7.63461188273504, 15.9068,7.76727708196267, 17.9242,7,16.68432,7,10.8496,-0.343902,124.8084,0,8,83,150
7.65079348208383, 17.1139,7.78403848176822, 15.5216,7,16.68628,7,9.237468,-1.005669,122.8662,0,8,84,150
7.66704128170386, 16.7286,7.80154938204214, 19.0127,7,16.68647,7,9.388635,0.065464,122.874896,0,8,85,150
7.68566568242386, 17.4911,7.81857318198308, 15.5498,7,16.69011,7,9.792402,-0.136103,121.5014,0,8,86,150
7.70082358224317, 17.2481,7.83471348276362, 17.2557,7,16.69262,7,9.857969,0.29893,123.1684,0,8,87,150
7.71881918190047, 16.4585,7.85098408302292, 15.085,7,16.69157,7,12.32154,-0.443837,122.728096,0,8,88,150
7.7345628826879, 16.2308,7.86750338366255, 17.8978,7,16.68952,7,9.529803,-0.436204,125.120896,0,8,89,150
7.75061768246815, 16.4505,7.88487528404221, 16.0097,7,16.68846,7,11.61547,-0.104371,122.127296,0,8,90,150
7.76727708196267, 16.349,7.90189678361639, 18.7416,7,16.68695,7,9.457637,-0.635138,123.791296,0,8,91,150
7.78403848176822, 17.1574,7.91764328395948, 14.1632,7,16.68903,7,9.990304,-1.100105,121.952496,0,8,92,150
7.80154938204214, 16.611,7.93477558484301, 18.2746,7,16.68868,7,10.13207,-0.298872,124.239504,0,8,93,150
7.81857318198308, 16.8013,7.95088348491117, 14.9631,7,16.68917,7,11.58024,-0.511539,122.886,0,8,94,150
7.83471348276362, 15.9478,7.96786478487775, 18.2341,7,16.68595,6,10.31561,-0.277406,124.6886,0,7,95,300
7.85098408302292, 17.6668,7.98553358530626, 16.3127,7,16.6902,7,12.48257,0.164027,124.5772,0,8,96,150
7.86750338366255, 15.7603,8.00110358512029, 17.5628,7,16.68619,7,9.978839,-0.60714,125.031,0,8,97,150
7.88487528404221, 16.9432,8.01995938597247, 16.8317,7,16.68729,7,11.93331,-0.379707,121.999296,0,8,98,150
7.90189678361639, 16.7817,8.03551228577271, 17.2359,7,16.6877,7,9.892173,0.107326,124.7906,0,8,99,150
7.91764328395948, 17.3644,8.05161118553951, 14.3325,7,16.69058,7,10.62904,-0.810341,121.971904,0,8,100,150
7.93477558484301, 16.1255,8.06886158557609, 18.9165,7,16.68818,7,10.23511,-0.884141,124.711,0,8,101,150
7.95088348491117, 17.7132,8.08533438527957, 14.8961,7,16.69251,7,16.58807,-0.726091,109.699296,0,8,102,150
7.96786478487775, 15.1689,8.10182308452204, 17.9058,7,16.68611,7,14.64154,-0.739824,124.1272,0,8,103,150
8.00110358512029, 30.3205,8.11846468457952, 15.3083,7,16.74315,7,20.82604,-0.129874,125.0442,0,8,104,150
8.00110358512029, 4.7915,8.13582928525284, 19.2193,6,16.69335,7,17.77919,-0.261174,124.761,0,8,105,150
8.01995938597247, 14.9778,8.15139218559489, 15.8948,7,16.68624,7,17.69152,-0.058507,124.5302,0,8,106,150
8.03551228577271, 16.4088,8.16842518514022, 16.1244,7,16.68509,7,16.99727,-1.034507,124.840096,0,8,107,150
8.05161118553951, 17.3677,8.18688808521256, 17.1369,7,16.6879,7,16.75647,0.121843,122.719904,0,8,108,150
8.06886158557609, 16.9003,8.20253168558702, 17.2103,7,16.68877,7,14.78551,-0.649317,123.577904,0,8,109,150
8.08533438527957, 15.8819,8.21788448514417, 13.7617,7,16.68547,7,16.77981,0.240523,123.481296,0,8,110,150
8.10182308452204, 17.0936,8.23456768551841, 17.9517,7,16.68713,7,17.52416,0.24406,127.033904,0,8,111,150
8.11846468457952, 16.1227,8.25176248559728, 16.0251,7,16.68485,7,5.676617,0.071194,123.1444,0,8,112,150
8.13582928525284, 15.1455,8.26852208608761, 18.6976,7,16.67864,7,11.38548,-1.133048,126.507696,0,8,113,150
8.15139218559489, 18.3901,8.28511148551479, 14.5002,7,16.68551,7,10.21264,0.09011,123.845696,0,8,114,150
8.16842518514022, 14.9603,8.30185708636418, 18.3238,7,16.67861,7,12.17701,-0.930177,123.598304,0,8,115,150
8.18688808521256, 18.2905,8.31899518566206, 15.6285,7,16.68504,7,8.946848,0.192129,123.995296,0,8,116,150
8.20253168558702, 17.1647,8.33446308551356, 16.9171,7,16.68694,7,13.19829,-1.237365,123.9006,0,8,117,150
8.21788448514417, 16.7308,8.35300948610529, 17.128,7,16.68711,7,9.867377,-0.045922,122.412304,0,8,118,150
8.23456768551841, 17.5259,8.36867048544809, 17.4302,7,16.69041,7,9.436071,-1.208479,124.8154,0,8,119,150
8.25176248559728, 16.2461,8.38529428606853, 14.7577,7,16.68867,7,11.43476,0.067969,122.891,0,8,120,150
8.26852208608761, 16.6313,8.40280648646876, 19.0347,7,16.68845,7,10.36072,-0.298031,123.379296,0,8,121,150
8.28511148551479, 16.3397,8.41870318679139, 14.4179,7,16.68709,7,11.92398,-0.459331,124.555504,0,8,122,150
8.30185708636418, 17.3297,8.43496958678588, 17.8104,7,16.68958,7,11.16403,-1.00826,124.5694,0,8,123,150
8.31899518566206, 16.1641,8.45378468697891, 17.3425,7,16.68755,7,9.300831,-0.215589,125.5262,0,8,124,150
8.33446308551356, 16.1453,8.46869998658076, 16.1565,7,16.68547,7,12.46883,1.495535,122.2674,0,8,125,150
8.35300948610529, 16.8297,8.4856350873597, 17.7872,7,16.68602,7,9.86426,-1.022827,124.5466,0,8,126,150
8.36867048544809, 17.2697,8.50184298725799, 14.0101,7,16.68825,7,13.11259,1.513216,122.100896,0,8,127,150
8.38529428606853, 16.4608,8.51882708678022, 18.7404,7,16.68738,7,10.56376,1.381985,125.189296,0,8,128,150
8.40280648646876, 16.8924,8.53503338666633, 14.4459,7,16.68816,7,8.734227,0.264882,122.897,0,8,129,150
8.41870318679139, 15.7511,8.5519436863251, 18.8398,7,16.68462,7,11.23358,0.222579,124.557696,0,8,130,150
8.43496958678588, 17.3551,8.56877358676866, 15.0688,7,16.68715,7,8.672015,-0.609949,125.5272,0,8,131,150
8.45378468697891, 16.0206,8.58531548688188, 17.6739,7,16.68465,7,4.430518,-0.12893,123.854704,0,8,132,150
8.46869998658076, 15.2575,8.60277868667617, 16.2273,7,16.67932,7,10.03182,-0.402612,123.5484,0,8,133,150
8.4856350873597, 18.7317,8.61842398578301, 17.0588,7,16.68695,7,10.55975,0.358606,124.811904,0,8,134,150
8.50184298725799, 16.4792,8.63601738633588, 16.1724,7,16.68618,7,10.87283,-0.308705,123.7002,0,8,135,150
8.51882708678022, 16.145,8.65215318696573, 17.4082,7,16.68419,7,8.936912,1.238284,126.678704,0,8,136,150
8.53503338666633, 17.1463,8.66954318666831, 16.0345,7,16.68588,7,12.48409,-0.853981,125.105504,0,8,137,150
8.5519436863251, 15.0019,8.68589858757332, 17.9806,7,16.67972,7,9.164805,0.422117,126.6614,0,8,138,150
8.56877358676866, 18.1253,8.70387928793207, 16.5467,7,16.68499,7,12.31182,1.082285,125.341696,0,8,139,150
8.58531548688188, 14.8891,8.71859018830582, 16.4453,7,16.67846,7,7.815281,-0.653112,124.091296,0,8,140,150
8.60277868667617, 17.9962,8.73708098893985, 16.6758,7,16.68324,7,11.01288,-0.62974,125.2418,0,8,141,150
8.61842398578301, 17.3017,8.75168608920649, 16.051,7,16.68547,7,9.322915,-0.275735,124.172896,0,8,142,150
8.63601738633588, 16.9823,8.76951158838347, 18.1327,7,16.68654,7,10.78281,-0.0339,124.276096,0,8,143,150
8.65215318696573, 16.5828,8.7867906880565, 15.5139,7,16.68616,7,10.87414,0.211252,125.102896,0,8,144,150
8.66954318666831, 17.3558,8.80274238856509, 17.4582,7,16.68856,7,9.853135,-0.347813,123.681904,0,8,145,150
8.68589858757332, 14.3492,8.81952098803595, 15.1764,7,16.68023,7,9.0116,-0.311678,126.715904,0,8,146,150
8.70387928793207, 18.5275,8.8350638882257, 17.1059,7,16.68678,7,10.28345,1.184025,125.184496,0,8,147,150
8.71859018830582, 14.8849,8.85455568740144, 17.9196,7,16.68041,7,9.238713,-0.791913,127.018496,0,8,148,150
8.73708098893985, 18.3902,8.86972698708996, 16.8577,7,16.68644,7,12.41558,-0.691895,123.5208,0,8,149,150
8.75168608920649, 14.7766,8.88616938656196, 16.6107,7,16.67973,7,12.52188,-0.380377,124.615904,0,8,150,150
8.76951158838347, 18.9017,8.90338738588616, 15.4033,7,16.6875,6,9.604113,1.768448,112.3378,0,8,0,150
8.7867906880565, 16.1094,8.91898678569123, 17.2043,7,16.68549,6,9.982995,1.635196,108.633504,0,7,1,300
8.80274238856509, 17.2916,8.93562398618087, 15.0786,7,16.68759,6,12.70458,-0.635454,106.542,0,7,2,300
8.81952098803595, 16.0931,8.93562398618087, 6.0268,7,16.68554,6,9.337252,1.085165,110.223104,0,7,3,300
8.8350638882257, 15.2741,8.95301278633997, 11.5704,7,16.68067,6,10.2757,-1.466179,106.0476,0,7,4,300
8.85455568740144, 19.1027,8.96877098595724, 17.0106,7,16.68899,6,8.885054,-0.676023,108.629904,0,7,5,300
8.86972698708996, 14.5042,8.98838218627498, 18.1858,7,16.68151,6,11.18853,-0.950847,106.954704,0,7,6,300
8.88616938656196, 19.1708,9.00210028653964, 14.9941,7,16.69001,6,9.865179,0.436535,107.8094,0,7,7,300
8.90338738588616, 15.7157,9.02174418745562, 18.2983,7,16.68669,6,13.52032,-0.072803,106.715696,0,7,8,300
8.91898678569123, 17.2221,9.03611388755962, 15.5466,7,16.68851,6,10.28895,1.492258,111.009696,0,7,9,300
8.93562398618087, 16.3941,9.05456418683752, 17.2564,7,16.68751,6,11.38237,-0.249235,108.0062,0,7,10,300
8.95301278633997, 17.4676,9.06980968685821, 16.3651,6,16.69014,6,10.0731,-0.833181,109.5072,0,7,11,300
8.96877098595724, 13.1288,9.08643468702212, 17.4236,6,16.67819,6,12.06294,0.337077,106.620896,0,7,12,300
8.98838218627498, 18.382,9.10368628660217, 15.3778,6,16.68389,6,9.083435,0.196854,110.5782,0,7,13,300
9.00210028653964, 15.3434,9.11921478668228, 16.8444,6,16.67942,6,10.76398,-1.470086,109.1554,0,7,14,300
9.02174418745562, 18.3452,9.13601918751374, 15.4582,6,16.68495,6,10.07222,-0.043926,109.727296,0,7,15,300
9.03611388755962, 15.1674,9.153442888055, 19.1251,6,16.67993,6,10.03835,-0.290084,105.531696,0,7,16,300
9.05456418683752, 17.5432,9.17129248799756, 16.1194,6,16.68278,6,8.873886,-0.669994,107.521504,0,7,17,300
9.06980968685821, 15.887,9.18630348844454, 16.4589,6,16.68016,6,13.04223,-0.431482,108.885104,0,7,18,300
9.08643468702212, 18.4675,9.2019738885574, 14.2714,6,16.68602,6,4.118884,0.826662,107.8824,0,7,19,300
9.10368628660217, 16.6609,9.21900958893821, 18.6507,6,16.68594,6,10.30449,-0.08471,108.6186,0,7,20,300
9.11921478668228, 16.208,9.2382014892064, 17.5717,6,16.68438,6,9.535282,-0.502333,108.303504,0,7,21,300
9.13601918751374, 17.222,9.25271648960188, 16.2185,6,16.68613,6,10.02154,-0.179156,106.7834,0,7,22,300
9.153442888055, 15.2173,9.26988899009302, 15.9537,6,16.68137,6,8.73781,0.257921,108.030496,0,7,23,300
9.17129248799756, 17.5948,9.28596548968926, 17.2791,6,16.68432,6,10.89443,-0.024002,109.0324,0,7,24,300
9.18630348844454, 16.7544,9.3029211894609, 15.2341,6,16.68454,6,12.33756,0.005022,108.929696,0,7,25,300
9.2019738885574, 16.3013,9.31902279006317, 17.5482,6,16.68332,6,10.29208,-0.244334,109.513296,0,7,26,300
9.21900958893821, 15.6028,9.33687639096752, 16.6049,6,16.67986,6,11.5569,0.272126,107.929104,0,7,27,300
9.2382014892064, 17.8215,9.35297189140692, 17.7187,6,16.6835,6,10.29128,0.186548,105.5804,0,7,28,300
9.25271648960188, 16.8123,9.37207419099286, 17.3955,6,16.68391,6,10.69843,-0.428101,108.3986,0,7,29,300
9.26988899009302, 16.1627,9.38536479091272, 14.5784,6,16.68226,6,10.10497,-0.137308,107.484704,0,7,30,300
9.28596548968926, 17.5067,9.40197919076309, 15.1576,6,16.68486,6,10.35185,-0.388974,108.2234,0,7,31,300
9.3029211894609, 16.5957,9.41978279082105, 19.4134,6,16.68458,6,9.645601,0.640663,109.1802,0,7,32,300
9.31902279006317, 16.7414,9.43692569015548, 15.8277,6,16.68476,6,12.37841,0.707993,108.675504,0,7,33,300
9.33687639096752, 16.4306,9.45276419026777, 17.1685,6,16.68396,6,10.56787,-0.340884,107.3684,0,7,34,300
9.35297189140692, 15.8049,9.47097179060802, 16.7623,6,16.68122,6,12.34624,-0.634538,108.962,0,7,35,300
9.37207419099286, 18.183,9.48692129133269, 17.6773,6,16.68589,6,10.21161,0.718674,107.2886,0,7,36,300
9.38536479091272, 16.4607,9.5038508917205, 15.1533,6,16.68519,6,11.31408,-0.283624,109.309,0,7,37,300
9.40197919076309, 15.9949,9.51984309172258, 17.5887,6,16.68306,6,10.94104,0.281836,107.117,0,7,38,300
9.41978279082105, 16.9459,9.5366795915179, 15.2721,6,16.68387,6,12.54543,0.371432,108.767104,0,7,39,300
9.43692569015548, 17.1341,9.55404369113967, 19.1544,6,16.68525,6,9.671924,0.645005,107.832,0,7,40,300
9.45276419026777, 16.2412,9.56994949048385, 14.0489,6,16.68389,6,12.04496,-0.300854,108.6744,0,7,41,300
9.47097179060802, 16.7475,9.58679919084534, 18.3974,6,16.68409,6,10.39587,0.409632,107.524,0,7,42,300
9.48692129133269, 17.3551,9.60479669040069, 16.4195,6,16.68613,6,11.5462,-0.224228,109.5668,0,7,43,300
9.5038508917205, 15.8347,9.61981568997726, 16.6769,6,16.68355,6,11.37435,-0.742349,106.895696,0,7,44,300
9.51984309172258, 16.6151,9.63680178998038, 15.4653,6,16.68334,6,11.04657,0.318087,107.6964,0,7,45,300
9.5366795915179, 16.6254,9.65384609019384, 18.667,6,16.68316,6,9.413628,-0.316547,106.9576,0,7,46,300
9.55404369113967, 17.6577,9.67069758987054, 14.9866,6,16.68609,6,11.89445,-0.274448,108.319504,0,7,47,300
9.56994949048385, 16.1027,9.68607708951458, 16.9029,6,16.68435,6,11.17711,0.665359,107.871,0,7,48,300
9.58679919084534, 16.8783,9.70343689015135, 16.1393,6,16.68492,6,11.70075,-0.546434,108.138896,0,7,49,300
9.60479669040069, 17.4055,9.72077348968014, 18.7676,6,16.68707,6,10.69725,-0.441427,107.595104,0,7,50,300
9.61981568997726, 16.2593,9.73785678995773, 15.8105,6,16.6858,6,12.27664,-0.00405,109.32,0,7,51,300
9.63680178998038, 16.2203,9.75262759020552, 16.4879,6,16.68442,6,9.508834,-0.048202,109.557,0,7,52,300
9.65384609019384, 17.0841,9.7709940909408, 16.5402,6,16.6856,6,12.31243,-0.95727,107.744,0,7,53,300
9.67069758987054, 16.1381,9.7871831911616, 17.8627,6,16.68399,6,8.39855,0.494004,107.661504,0,7,54,300
9.68607708951458, 17.4597,9.80445139063522, 17.6969,6,16.68627,6,11.0225,-0.771577,109.0402,0,7,55,300
9.70343689015135, 16.9753,9.82021368993446, 15.1617,6,16.68711,6,11.95447,0.095997,109.2088,0,7,56,300
9.72077348968014, 16.4106,9.83835619082674, 16.3281,6,16.6863,6,10.4855,-0.238529,108.281696,0,7,57,300
9.73785678995773, 16.8482,9.85480589000508, 18.227,6,16.68678,6,9.852577,-0.075648,108.130704,0,7,58,300
9.75262759020552, 16.8731,9.87226799083874, 17.0418,6,16.68731,6,10.2202,-0.057185,107.408896,0,7,59,300
9.7709940909408, 16.2626,9.88762469077483, 15.3351,6,16.68609,6,11.76523,-0.759446,107.092896,0,7,60,300
9.7871831911616, 14.9116,9.90360249066725, 14.7599,6,16.68097,6,10.77505,-0.301791,107.555296,0,7,61,300
9.80445139063522, 18.7901,9.92047779122368, 18.068,6,16.68703,6,10.31258,-1.24194,110.395696,0,7,62,300
9.82021368993446, 14.7432,9.93604929139838, 14.4273,6,16.68147,6,10.38825,-0.21518,109.4008,0,7,63,300
9.83835619082674, 18.3474,9.95354619203135, 18.8095,6,16.68622,6,10.98899,-0.632207,109.1496,0,7,64,300
9.85480589000508, 14.831,9.9724934916012, 17.6712,6,16.68094,6,10.98174,0.008517,106.1498,0,7,65,300
9.87226799083874, 18.3185,9.98814399121329, 17.3235,6,16.68559,6,11.40118,-0.500179,109.071504,0,7,66,300
9.88762469077483, 16.023,10.0039244904183, 15.7711,6,16.68371,6,10.97841,-0.416277,108.527104,0,7,67,300
9.90360249066725, 18.0792,10.0206673904322, 15.0794,6,16.68766,6,10.74678,-0.11129,106.6066,0,7,68,300
9.92047779122368, 15.8879,10.0377720906399, 18.8092,6,16.6854,6,9.930679,-0.274681,108.1172,0,7,69,300
9.93604929139838, 17.1111,10.0540821901523, 16.5664,6,16.6866,6,12.49448,0.052597,109.9118,0,7,70,300
9.95354619203135, 15.4242,10.069668489974, 13.504,6,16.68306,6,10.64719,-0.508961,106.2134,0,7,71,300
9.9724934916012, 17.869,10.0888470890932, 19.3788,6,16.68637,6,12.10728,0.557799,108.5656,0,7,72,300
9.98814399121329, 15.0117,10.1040453887545, 16.806,6,16.68171,6,10.8861,-0.496757,108.6558,0,7,73,300
10.0039244904183, 18.3967,10.1205708882771, 14.6981,6,16.68648,6,11.90326,-0.355368,108.3196,0,7,74,300
10.0206673904322, 16.261,10.1374146877788, 18.6131,6,16.6853,6,11.0913,-0.451833,105.869904,0,7,75,300
10.0377720906399, 15.0427,10.1542478869669, 15.1328,6,16.68076,6,11.53606,-0.842484,108.5282,0,7,76,300
10.0540821901523, 18.4546,10.1708066868596, 18.1178,6,16.68564,6,11.20347,-0.436344,105.928304,0,7,77,300
10.069668489974, 17.2612,10.187133887317, 14.8113,6,16.68723,6,12.34103,-0.68191,107.350096,0,7,78,300
10.0888470890932, 16.2657,10.2045295867138, 18.9239,6,16.68607,6,11.15768,-0.570857,106.323,0,7,79,300
10.1040453887545, 16.522,10.2201589862816, 13.9217,6,16.68562,6,12.82934,-0.266038,107.777904,0,7,80,300
10.1205708882771, 16.635,10.2366445860825, 18.0566,6,16.68549,6,10.60231,0.198709,108.7022,0,7,81,300
10.1374146877788, 16.6742,10.253875286784, 15.6469,6,16.68545,6,12.74906,-1.08827,107.3376,0,7,82,300
10.1542478869669, 16.9827,10.2706679864787, 18.4375,6,16.68626,6,11.13744,0.106629,109.8812,0,7,83,300
10.1708066868596, 16.1347,10.2875320869498, 17.0587,6,16.68477,6,12.07209,-0.440501,107.5954,0,7,84,300
10.187133887317, 17.0984,10.3041902869008, 15.7341,6,16.68588,6,10.57477,0.175141,109.6878,0,7,85,300
10.2045295867138, 15.8753,10.3215101878159, 18.4181,6,16.6837,6,11.21607,-0.462771,106.8102,0,7,86,300
10.2201589862816, 16.5856,10.3376460871659, 14.2996,6,16.68344,6,10.5087,-0.451453,110.3876,0,7,87,300
10.2366445860825, 16.861,10.3549342877232, 18.9529,6,16.68392,6,10.59046,-0.015537,106.381904,0,7,88,300
10.253875286784, 17.0073,10.3707745871507, 14.1294,6,16.68478,6,10.33967,-0.425095,108.6008,0,7,89,300
10.2706679864787, 14.557,10.3871148875915, 18.1343,6,16.67912,6,10.81575,0.32871,106.947696,0,7,90,300
10.2875320869498, 18.7301,10.4037301870994, 14.7243,6,16.68456,6,11.07364,-0.086457,109.5098,0,7,91,300
10.3041902869008, 16.5595,10.4207848864608, 18.7782,6,16.68423,6,9.964395,-0.613688,108.276096,0,7,92,300
10.3215101878159, 16.1863,10.4370015873574, 14.5325,6,16.68292,6,11.28229,-0.006637,109.982496,0,7,93,300
10.3376460871659, 16.6733,10.4545627865009, 19.2354,6,16.68289,6,9.829857,-0.067539,108.847504,0,7,94,300
10.3549342877232, 17.0496,10.4720560866408, 15.8153,6,16.68385,6,6.246288,0.308657,107.104896,0,7,95,300
10.3707745871507, 16.49,10.4886292866431, 18.1967,6,16.68335,6,12.09774,0.00813,108.7758,0,7,96,300
10.3871148875915, 16.5436,10.5036695864983, 15.4082,6,16.68298,6,10.53714,-0.073615,106.7936,0,7,97,300
10.4037301870994, 16.936,10.5208142870106, 15.1928,6,16.68364,6,10.24104,0.804615,108.846496,0,7,98,300
10.4207848864608, 16.7165,10.5373120871373, 18.387,6,16.68373,6,10.23187,-0.004734,107.2694,0,7,99,300
10.4370015873574, 16.7202,10.5538789876737, 14.738,6,16.68382,6,10.12502,-0.787814,111.421504,0,7,100,300
10.4545627865009, 16.0003,10.5706955869682, 18.0528,6,16.68205,6,12.02868,-0.807108,108.1322,0,7,101,300
10.4720560866408, 18.9463,10.5894118868746, 17.3695,6,16.68789,6,9.732434,-0.031261,110.904304,0,7,102,300
10.4886292866431, 13.1143,10.6049177865498, 17.2662,6,16.6787,6,11.78801,-0.431246,107.882896,0,7,103,300
10.5036695864983, 17.9674,10.6213360871188, 14.6774,6,16.68201,6,10.95451,0.320849,108.5784,0,7,104,300
10.5208142870106, 16.7362,10.6388334869407, 19.5083,6,16.68214,6,12.80266,-0.573328,109.453696,0,7,105,300
10.5373120871373, 17.1197,10.6549473865889, 14.0983,6,16.68326,6,10.60515,-0.03773,108.9354,0,7,106,300
10.5538789876737, 16.6297,10.6708380873315, 17.3245,6,16.68312,6,12.10055,-0.208072,108.0634,0,7,107,300
10.5706955869682, 15.4637,10.6885652872734, 16.3392,6,16.68003,6,10.04273,0.825835,108.247296,0,7,108,300
10.5894118868746, 18.1367,10.7043490870856, 17.6179,6,16.68372,6,12.48343,-0.581105,108.1882,0,7,109,300
10.6049177865498, 15.4527,10.7208441863768, 14.5809,6,16.68061,6,10.27777,0.184757,108.0418,0,7,110,300
10.6213360871188, 18.218,10.7378251864575, 18.4013,6,16.68448,6,12.07897,-0.39834,109.248896,0,7,111,300
10.6388334869407, 14.7731,10.7538721873425, 14.714,6,16.67968,6,9.430105,-0.463355,109.460496,0,7,112,300
10.6549473865889, 18.6564,10.7705493881367, 18.5096,6,16.68463,6,12.63974,-0.439534,109.276496,0,7,113,300
10.6708380873315, 14.9358,10.7885010889731, 16.1428,6,16.68026,6,10.39444,-1.153233,108.322496,0,7,114,300
10.6885652872734, 17.934,10.8047562888823, 18.1454,6,16.68339,6,10.49786,0.564406,108.763296,0,7,115,300
10.7043490870856, 15.2414,10.821751288604, 15.0568,6,16.6798,6,10.22693,-0.390672,109.5928,0,7,116,300
10.7208441863768, 17.765,10.8373099886812, 16.8104,6,16.68249,6,8.994133,0.625714,107.829504,0,7,117,300
10.7378251864575, 15.8356,10.8548955884762, 16.2763,6,16.6804,6,13.05439,0.034926,109.004096,0,7,118,300
10.7538721873425, 17.9165,10.8715894878842, 18.7458,6,16.68345,6,9.708672,-0.44752,107.995296,0,7,119,300
10.7705493881367, 16.6309,10.8884651870467, 14.8676,6,16.68332,6,12.17599,0.223523,109.8576,0,7,120,300
10.7885010889731, 16.2539,10.9040820873342, 17.4282,6,16.68226,6,10.09597,0.539765,106.956896,0,7,121,300
10.8047562888823, 16.7735,10.9216601881199, 15.764,6,16.68249,6,11.73562,-0.159829,109.383696,0,7,122,300
10.821751288604, 17.3862,10.9388122889213, 19.2486,6,16.68421,6,12.30768,0.544467,107.816096,0,7,123,300
10.8373099886812, 16.7757,10.9546470898204, 13.8741,6,16.68443,6,10.42803,-0.4707,108.916,0,7,124,300
10.8548955884762, 16.0863,10.9718684903346, 18.5133,6,16.68298,6,11.33143,-0.166043,109.152304,0,7,125,300
10.8715894878842, 17.0224,10.9888111907057, 15.4545,6,16.6838,6,10.37113,0.202944,110.148704,0,7,126,300
10.8884651870467, 16.4616,11.0044638901018, 17.561,6,16.68326,6,11.3745,0.205855,108.7894,0,7,127,300
10.9040820873342, 15.1961,11.0217553894036, 15.4329,6,16.67967,6,10.85944,-0.72897,108.0424,0,7,128,300
10.9216601881199, 17.711,11.0387827898376, 18.7067,6,16.68216,6,12.26516,0.147371,109.754496,0,7,129,300
10.9388122889213, 16.8567,11.0560350897722, 15.4971,6,16.68258,6,10.34214,-1.115572,108.932096,0,7,130,300
10.9546470898204, 18.2061,11.0716162896715, 17.4587,6,16.68623,6,11.57537,0.897659,108.815904,0,7,131,300
10.9718684903346, 15.5017,11.090618989896, 17.214,6,16.6834,6,11.40433,0.275149,109.4546,0,7,132,300
10.9888111907057, 16.6508,11.104667390231, 15.8281,6,16.68332,6,11.93957,-0.912313,108.1248,0,7,133,300
11.0044638901018, 15.3422,11.1216803905554, 15.2262,6,16.68012,6,11.83164,0.424567,109.283904,0,7,134,300
11.0217553894036, 18.2672,11.1386012905277, 18.9051,6,16.68389,6,9.036251,-0.187562,108.9114,0,7,135,300
11.0387827898376, 14.8075,11.1540063903667, 13.4777,6,16.67945,6,11.73771,0.101484,106.8662,0,7,136,300
11.0560350897722, 18.2589,11.1716447905637, 19.4177,6,16.68318,5,11.19643,-0.271002,111.737696,0,6,137,600
11.0716162896715, 15.8981,11.1888248906471, 15.5257,6,16.68133,4,11.53176,0.010201,109.6644,0,5,138,2147483647
11.090618989896, 17.4997,11.2044231905602, 15.454,6,16.68326,3,10.60762,-0.464858,107.832896,0,4,139,2147483647
11.104667390231, 14.5705,11.2217881898396, 19.4421,6,16.6783,6,11.744,-0.672554,106.8926,0,7,140,300
11.1216803905554, 18.5092,11.2385689890943, 16.4355,6,16.68258,6,10.3763,-0.228376,109.3338,0,7,141,300
11.1386012905277, 16.8427,11.255249589216, 15.0112,6,16.68296,6,10.18006,-0.770866,108.183296,0,7,142,300
11.1540063903667, 16.898,11.2714202883653, 15.9571,6,16.68346,6,10.74345,-0.905677,66.0851,0,7,143,300
11.1716447905637, 16.4624,11.2886902890168, 18.9037,6,16.68295,6,10.87708,-0.722965,79.0198,0,7,144,300
11.1888248906471, 16.2408,11.3054296891205, 15.0896,6,16.68192,6,8.859466,0.101202,95.3264,0,7,145,300
11.255249589216, 60.4373,11.3220018888824, 18.3393,6,16.78321,6,10.83718,-0.358702,109.414704,0,7,146,300
11.255249589216, 2.1887,11.3387137888931, 15.1223,3,16.7495,6,12.92346,-0.174466,108.769696,0,7,147,300
11.255249589216, 1.7065,11.3552211890928, 18.0132,4,16.71484,6,11.1995,0.010316,108.3254,0,7,148,300
11.255249589216, 0.6915,11.3714992883615, 14.7795,5,16.678,6,11.8938,-0.304838,106.540304,0,7,149,300
11.2714202883653, 18.9624,11.3885754882358, 18.3175,6,16.68324,6,10.77587,-0.924607,109.926304,0,7,150,300
11.2886902890168, 17.2401,11.4044677889906, 16.7958,6,16.68452,6,10.13118,-0.557118,107.846304,0,7,151,300
11.3054296891205, 16.6816,11.4215270890854, 14.8962,6,16.68451,6,10.43884,-0.065029,109.9242,0,7,152,300
11.3220018888824, 15.6679,11.4386827885173, 19.0537,6,16.68219,6,9.889007,-0.144433,108.951104,0,7,153,300
11.3387137888931, 16.8196,11.455416189041, 14.7393,6,16.68251,6,11.87492,0.087638,109.691,0,7,154,300
11.3552211890928, 16.8007,11.4724505892955, 18.8783,6,16.68277,6,10.45793,-0.506818,108.857696,0,7,155,300
11.3714992883615, 16.9891,11.4883991884999, 16.016,6,16.68347,6,10.54073,-0.200843,107.960096,0,7,156,300
11.3885754882358, 14.812,11.50588998897, 15.5521,6,16.67924,6,10.25136,-0.292569,109.0238,0,7,157,300
11.4044677889906, 17.9731,11.5217629889958, 17.1388,6,16.68216,6,10.51482,0.056866,108.624704,0,7,158,300
11.4215270890854, 16.7907,11.5388598884456, 15.8932,6,16.6824,6,10.52034,-0.625659,110.752896,0,7,159,300
11.4386827885173, 16.7093,11.5550054884516, 17.7783,6,16.68246,6,12.13247,0.809038,109.368496,0,7,160,300
11.455416189041, 16.4551,11.5726740877144, 16.0503,6,16.68195,6,10.54743,0.443735,108.133,0,7,161,300
11.4724505892955, 15.6499,11.5888189873658, 17.778,6,16.67965,6,11.84206,-0.533668,110.131904,0,7,162,300
11.4883991884999, 18.026,11.6052241879515, 16.6534,6,16.68265,6,11.27866,-0.573971,108.827696,0,7,163,300
11.50588998897, 17.7064,11.6220825887285, 16.4583,6,16.68492,6,11.09896,-0.013049,113.180896,0,7,164,300
11.5217629889958, 15.5721,11.6393060884438, 17.5707,6,16.68246,6,9.950068,-0.415348,108.898096,0,7,165,300
11.5388598884456, 16.7691,11.6549921887927, 15.4649,6,16.68265,6,12.56817,-0.888364,110.5392,0,7,166,300
11.5550054884516, 14.5938,11.6737999892794, 18.9474,6,16.67804,6,12.52845,1.070958,108.4292,0,7,167,300
11.5726740877144, 19.3596,11.6907063885592, 15.0759,6,16.68394,6,10.78525,-0.445412,110.263,0,7,168,300
11.5888189873658, 14.9036,11.7056575887837, 16.5441,6,16.68003,6,12.48686,0.854077,109.942496,0,7,169,300
11.6052241879515, 18.4593,11.723572388757, 16.3487,6,16.68393,6,11.23774,-0.138347,110.5544,0,7,170,300
11.6220825887285, 14.8147,11.7386246887036, 16.649,6,16.67984,6,10.94901,-0.723721,109.2194,0,7,171,300
11.6393060884438, 18.1511,11.756782789249, 17.8296,6,16.68305,6,11.16892,-0.763538,109.504096,0,7,172,300
11.6549921887927, 15.6075,11.7725193896331, 16.2196,6,16.68071,6,11.08245,-0.690393,109.102704,0,7,173,300
11.6737999892794, 16.7981,11.789629988838, 15.4627,6,16.68097,6,10.57802,0.134754,109.138496,0,7,174,300
11.6907063885592, 17.7348,11.8059909888543, 18.019,6,16.68325,6,12.80584,0.425329,110.125,0,7,175,300
11.7056575887837, 15.3172,11.8226342895068, 14.9157,6,16.68029,6,11.56549,-0.099454,109.9708,0,7,176,300
11.723572388757, 17.3319,11.8385206894018, 17.3674,6,16.6817,6,12.73635,-0.526229,107.884496,0,7,177,300
11.7386246887036, 15.14,11.8561770902015, 16.1379,6,16.67838,6,10.40947,-0.674881,108.312496,0,7,178,300
11.756782789249, 18.45,11.8728272900917, 18.2838,6,16.68219,6,11.55115,0.018821,106.648304,0,7,179,300
11.7725193896331, 17.2484,11.8895690892823, 15.162,6,16.6834,6,10.98513,0.308331,109.0378,0,7,180,300
11.789629988838, 17.2311,11.9056806885637, 17.6588,6,16.68458,6,12.58818,-0.598262,109.6908,0,7,181,300
11.8059909888543, 16.0653,11.921674687881, 14.401,6,16.68325,6,11.37798,-0.219158,107.5542,0,7,182,300
11.8226342895068, 17.5452,11.9398510870524, 19.9346,6,16.68509,6,12.05757,-0.764334,108.681696,0,7,183,300
11.8385206894018, 15.8344,11.9579642866738, 16.4872,6,16.68328,6,9.999962,-0.485015,109.102304,0,7,184,300
11.8561770902015, 17.0725,11.9718341869302, 14.9351,6,16.68411,6,12.52836,0.500279,109.8338,0,7,185,300
11.8728272900917, 16.6774,11.9907307871617, 17.805,6,16.68409,6,10.94443,-0.580726,107.950704,0,7,186,300
11.8895690892823, 16.3951,12.0060070869513, 16.8156,6,16.68348,6,12.67152,0.051469,111.202096,0,7,187,300
11.9056806885637, 16.7974,12.0231819865294, 17.5334,6,16.68372,6,11.12902,0.412215,105.967904,0,7,188,300
11.921674687881, 16.776,12.0386008867063, 14.8877,6,16.68392,6,11.50543,-0.14422,109.8846,0,7,189,300
11.9398510870524, 14.8335,12.0563464858569, 18.0853,6,16.68003,6,10.62763,0.383691,107.291296,0,7,190,300
11.9579642866738, 19.8962,12.072894486133, 14.6613,6,16.68677,6,10.49139,0.159593,107.9566,0,7,191,300
11.9718341869302, 13.2286,12.0899781868793, 17.1455,6,16.67954,6,9.94042,-0.078775,108.370496,0,7,192,300
11.9907307871617, 19.3439,12.1050728871487, 16.7499,6,16.6851,6,12.29781,-0.12625,108.725104,0,7,193,300
12.0060070869513, 14.9898,12.1222237865441, 15.6553,6,16.68157,6,10.06721,0.560916,108.004896,0,7,194,300
12.0231819865294, 18.4792,12.1397226857953, 18.8922,6,16.6853,6,11.86257,-0.573333,108.910096,0,7,195,300
12.0386008867063, 14.741,12.1561956866644, 15.0962,6,16.68127,6,10.64215,-0.211775,109.568704,0,7,196,300
12.0563464858569, 18.6744,12.1726983874105, 17.9534,6,16.6854,6,12.02278,-0.44849,110.5364,0,7,197,300
12.072894486133, 15.6359,12.1908000870608, 16.5407,6,16.68323,6,9.480233,0.560096,108.1622,0,7,198,300
12.0899781868793, 15.8235,12.2059214874171, 16.482,6,16.68146,6,10.26797,-0.73954,107.852496,0,7,199,300
12.1050728871487, 17.749,12.2260098881088, 18.7165,6,16.68365,6,10.83639,-0.90538,110.195104,0,7,200,300
12.1222237865441, 16.3787,12.2387757883407, 14.0044,6,16.68303,6,10.3795,-0.265893,112.134496,0,7,201,300
12.1397226857953, 15.9786,12.2557491888292, 15.6686,6,16.68158,6,9.85424,-0.280808,108.039696,0,7,202,300
12.1561956866644, 16.6523,12.2731232889928, 18.9944,6,16.68152,6,12.78238,-0.254481,110.079,0,7,203,300
12.1726983874105, 15.4091,12.2901627891697, 17.349,6,16.67893,6,11.51779,-0.24373,107.5302,0,7,204,300
12.1908000870608, 18.6503,12.3066088897176, 14.5547,6,16.68294,6,12.18491,0.198978,111.891904,0,7,205,300
12.2059214874171, 14.9265,12.3220633896999, 16.9729,6,16.67937,6,10.16838,-0.988904,108.239296,0,7,206,300
12.2260098881088, 18.8383,12.3397022890858, 16.2821,6,16.68375,6,12.36583,0.791742,112.0474,0,7,207,300
12.2387757883407, 15.006,12.3568578897975, 19.3678,6,16.68036,6,10.72812,-0.211226,107.8018,0,7,208,300
12.2557491888292, 18.1714,12.3727500899695, 14.5387,6,16.68337,6,11.7908,-0.210947,110.8802,0,7,209,300
12.2731232889928, 14.6114,12.3897649901919, 18.3988,6,16.67919,6,11.55786,0.571105,106.9908,0,7,210,300
12.2901627891697, 18.5507,12.4062864906155, 14.3039,6,16.68296,6,11.12133,-0.197179,108.921696,0,7,211,300
12.3066088897176, 16.2539,12.423833291512, 19.332,6,16.68209,6,10.37745,-0.614339,107.123504,0,7,212,300
12.3220633896999, 17.7983,12.4396245921962, 13.9086,6,16.68433,6,12.3112,1.484737,109.367296,0,7,213,300
12.3397022890858, 16.5685,12.4565682928078, 18.5,6,16.6841,6,9.962679,-0.294408,107.435504,0,7,214,300
12.3568578897975, 17.3148,12.4736429932527, 15.5185,6,16.68536,6,12.23174,-0.082956,108.6728,0,7,215,300
12.3727500899695, 15.3536,12.4896413940005, 17.5948,6,16.6827,6,11.10396,-0.517179,107.6534,0,7,216,300
12.3897649901919, 17.4862,12.5068175937049, 15.5538,6,16.6843,6,10.45081,-0.250332,110.567296,0,7,217,300
12.4062864906155, 16.3646,12.5225666943006, 17.6014,6,16.68367,6,10.98026,-0.701115,108.2988,0,7,218,300
12.423833291512, 16.388,12.5396979949437, 15.3682,6,16.68308,6,9.866779,-0.439601,109.854096,0,7,219,300
12.4396245921962, 16.4236,12.5569067946635, 19.3376,6,16.68257,6,12.55133,-0.295886,107.6596,0,7,220,300
12.4565682928078, 16.704,12.5731876953505, 14.4356,6,16.68261,6,10.49662,-0.516103,110.2964,0,7,221,300
12.4736429932527, 16.3337,12.5898059955798, 17.8882,6,16.68192,6,12.7384,0.314904,108.493296,0,7,222,300
12.4896413940005, 17.1901,12.6063373959623, 14.9955,6,16.68292,6,10.58239,-0.729258,111.245296,0,7,223,300
12.5068175937049, 16.1805,12.6231590951793, 18.8175,6,16.68194,6,12.1956,0.126206,112.384896,0,7,224,300
12.5225666943006, 17.0871,12.6406836952083, 15.2834,6,16.68273,6,11.2073,-0.408063,112.563,0,7,225,300
12.5396979949437, 16.7443,12.6566150947474, 19.5149,6,16.68285,6,11.66196,0.3547,113.245904,0,7,226,300
12.5569067946635, 16.5224,12.6733204941265, 17.6504,6,16.68254,6,11.28479,0.037235,112.498304,0,7,227,300
12.5731876953505, 16.8184,12.6894114944153, 16.9772,6,16.6828,6,11.80556,-0.449922,113.3494,0,7,228,300
12.5898059955798, 16.2881,12.7069193939678, 16.9704,6,16.68204,5,11.0836,-0.681554,112.4528,0,6,229,600
12.6063373959623, 16.808,12.7234549946152, 16.063,6,16.68228,6,11.73757,-0.549836,111.924304,0,7,230,300
12.6231590951793, 16.2745,12.7407210948877, 17.1218,6,16.68149,5,10.44142,-0.901451,112.4334,0,6,231,600
12.6406836952083, 17.0198,12.7560187946074, 16.1228,6,16.68214,6,10.57585,0.130214,112.154496,0,7,232,300
12.6566150947474, 17.8464,12.773048795294, 17.3227,6,16.68439,6,10.81724,0.77238,112.210704,0,6,233,600
12.6733204941265, 15.6916,12.7901001959108, 16.2006,6,16.68248,6,10.82405,0.087077,113.9504,0,6,234,600
12.6894114944153, 17.6301,12.8076131953858, 17.3492,6,16.6843,6,11.45729,0.165388,96.9378,0,7,235,300
12.7069193939678, 16.1735,12.8231588951312, 16.2291,6,16.68332,6,10.00382,-1.009206,112.0798,0,6,236,600
12.7234549946152, 15.5048,12.8401933959685, 17.2449,6,16.68107,6,11.18112,0.122257,96.7884,0,7,237,300
12.7560187946074, 33.7667,12.8567724968307, 16.7538,6,16.71367,6,10.40911,0.314287,112.795104,0,7,238,300
12.7560187946074, 0.526,12.8728046971373, 15.6672,5,16.68284,5,11.92161,0.012794,102.748704,0,6,239,600
12.7901001959108, 31.0903,12.8897791965865, 15.7995,6,16.71023,6,11.49914,0.519384,107.4728,0,6,240,600
12.7901001959108, 1.4087,12.9063353962265, 17.4154,5,16.68119,6,10.26311,-0.518022,112.318704,0,6,241,600
12.8231588951312, 27.6399,12.9238478965126, 17.5931,6,16.70195,6,10.09301,-0.603814,107.690304,0,6,242,600
12.8401933959685, 12.5636,12.9420616957359, 17.2859,5,16.69413,6,10.15272,0.137079,113.907104,0,7,243,300
12.8401933959685, 10.7966,12.956400596071, 15.6434,5,16.683,6,11.45602,-0.837634,109.903296,0,7,244,300
12.8728046971373, 20.488,12.9735008967109, 15.8585,6,16.69016,6,10.93541,0.345327,94.802496,0,7,245,300
12.8728046971373, 11.8378,12.9904715963639, 18.0555,5,16.68104,6,6.514721,-0.835461,107.455296,0,7,246,300
12.8897791965865, 19.3894,13.0070121963508, 15.3884,6,16.68612,6,11.63873,0.336552,102.977104,0,7,247,300
12.9238478965126, 31.2249,13.0239992965944, 16.12,6,16.71335,5,11.31687,-0.241967,100.824096,0,6,248,600
12.9420616957359, 6.6022,13.0408530966379, 19.2522,5,16.69445,6,9.806161,-0.17932,111.1186,0,6,249,600
12.956400596071, 18.1713,13.0561346965842, 13.6957,5,16.69721,6,11.50355,0.190752,112.0792,0,7,250,300
12.9735008967109, 18.8772,13.0731412968598, 16.7224,5,16.70127,6,9.886167,0.047375,108.9976,0,6,251,600
12.9735008967109, 8.5725,13.0902042961679, 18.8673,5,16.68616,5,11.02322,0.622316,107.853696,0,6,252,600
12.9904715963639, 14.247,13.1077154963277, 15.2168,6,16.68163,6,10.45025,-0.564903,110.880096,0,6,253,600
13.0070121963508, 20.8406,13.1232599965297, 17.7481,6,16.68933,6,10.76702,-0.35924,98.313,0,6,254,600
13.0239992965944, 16.7611,13.1402587960474, 15.6179,6,16.68947,5,10.01118,0.34928,105.6048,0,6,255,600
13.0408530966379, 14.2668,13.1568101956509, 17.2905,6,16.685,5,11.3265,-0.558946,111.534704,0,6,256,600
13.0731412968598, 30.7722,13.1745740952902, 18.2067,6,16.71094,6,11.17614,-0.125718,106.234704,0,6,257,600
13.0902042961679, 6.7481,13.1906044944189, 14.0376,5,16.69263,6,12.40482,-1.167937,98.9162,0,7,258,300
13.0902042961679, 10.5548,13.2071293941699, 16.4867,5,16.68136,5,9.958846,-0.797381,99.6688,0,6,259,600
13.1232599965297, 25.1374,13.2242206945084, 19.836,6,16.69685,6,10.52832,-0.408397,101.9986,0,6,260,600
13.1402587960474, 21.9706,13.2402378949337, 14.6518,5,16.70649,5,10.75314,-0.479861,96.4504,0,6,261,600
13.1568101956509, 15.6677,13.2582710958086, 16.4207,5,16.7046,4,13.16868,0.006339,97.984704,0,5,262,2147483647
13.1745740952902, 14.393,13.2738073957153, 16.7239,5,16.70039,6,11.1981,-0.565869,103.9172,0,4,263,2147483647
13.1906044944189, 22.4883,13.2908219960518, 16.9377,5,16.71091,6,10.30916,-0.416228,111.9234,0,6,264,600
13.2071293941699, 14.0775,13.3073497959413, 15.6111,5,16.70613,6,10.77206,-0.898288,97.953296,0,6,265,600
13.2242206945084, 15.8281,13.3259391956963, 21.77,5,16.70454,5,11.47647,0.274933,103.374304,0,6,266,600
13.2242206945084, 5.1476,13.340696495492, 13.1439,5,16.68364,6,10.89903,-0.299724,66.2795,0,7,267,300
13.2582710958086, 29.4066,13.356248695869, 15.4366,6,16.70661,6,12.36149,0.064213,81.014304,0,7,268,300
13.2738073957153, 12.8318,13.3742627953179, 18.2524,5,16.69963,5,11.49687,-1.283912,97.1556,0,6,269,600
13.3259391956963, 53.5125,13.3902869955637, 16.4171,5,16.76583,6,11.57432,-1.379901,105.991,0,6,270,600
13.3259391956963, 1.2845,13.4083390948363, 16.0185,3,16.73804,6,10.54239,-0.267292,106.100096,0,7,271,300
13.3259391956963, 1.6379,13.4243697957136, 17.7792,4,16.71098,6,9.827412,0.202047,99.384704,0,6,272,600
13.340696495492, 6.9779,13.4404158950783, 15.8162,5,16.69357,6,11.9356,-0.644823,113.4508,0,6,273,600
13.356248695869, 17.3349,13.4585010954179, 17.4411,5,16.69471,6,13.46559,0.851326,111.113104,0,7,274,300
13.3742627953179, 24.6204,13.4751058951952, 17.9071,5,16.70884,6,10.73235,0.162633,97.1156,0,7,275,300
13.3742627953179, 1.3551,13.4910173960961, 15.4207,5,16.68152,6,11.59002,0.367246,100.568896,0,7,276,300
13.3902869955637, 18.0017,13.5085187968798, 15.6601,6,16.68387,6,11.10887,-0.26548,112.914096,0,7,277,300
13.4243697957136, 30.7869,13.52410799684, 16.7987,6,16.70887,6,11.03257,-0.165926,104.847696,0,7,278,300
13.4404158950783, 13.7028,13.5410998971201, 17.1467,5,16.70355,6,10.03735,0.481335,101.406496,0,6,279,600
13.4404158950783, 3.8282,13.5586521965452, 16.1729,5,16.6808,6,11.57198,-0.28603,108.268704,0,7,280,300
13.4751058951952, 24.1813,13.5746969957836, 16.115,6,16.69403,6,10.66563,-0.096321,111.016704,0,7,281,300
13.4910173960961, 18.6545,13.5917414953001, 15.2123,5,16.69748,6,12.07957,1.248934,107.293296,0,7,282,300
13.4910173960961, 8.7948,13.6071848948486, 15.6561,5,16.6836,6,9.60483,-0.44149,107.176096,0,7,283,300
13.5085187968798, 14.6778,13.6246980954893, 17.4273,6,16.68008,6,12.24152,-0.148058,109.646896,0,7,284,300
13.52410799684, 18.7323,13.6407514945604, 15.0173,6,16.68367,6,10.53187,0.198743,104.340896,0,7,285,300
13.5410998971201, 17.2958,13.6572111942805, 17.1676,6,16.68474,6,10.80029,0.373421,108.9102,0,7,286,300
13.5586521965452, 14.2991,13.6747183934785, 16.7697,6,16.68058,6,10.80786,-0.88328,113.992704,0,7,287,300
13.5917414953001, 23.3334,13.6917745941319, 18.0348,6,16.69217,6,12.03056,-0.21717,110.5454,0,7,288,300
13.5917414953001, 11.3228,13.7083336939104, 15.8815,5,16.68283,6,10.04548,0.397465,108.387904,0,7,289,300
13.6071848948486, 14.8765,13.7241376941092, 19.9597,6,16.67969,6,11.74948,0.815755,110.2114,0,7,290,300
13.6246980954893, 17.39,13.7412314941175, 13.9445,6,16.68092,6,11.52847,-1.155949,108.185,0,7,291,300
13.6407514945604, 17.3934,13.7573935934342, 15.2469,6,16.68216,6,12.07664,0.416176,111.127696,0,7,292,300
13.6572111942805, 16.3017,13.7744978931732, 18.1127,6,16.6815,6,9.994045,-0.034239,109.3444,0,7,293,300
13.6747183934785, 16.7845,13.7905856934376, 14.7548,6,16.68168,6,10.87305,0.574974,111.643504,0,7,294,300
13.6917745941319, 15.2365,13.8072286942042, 18.1793,6,16.67919,6,11.06592,-0.2919,108.9402,0,7,295,300
13.7083336939104, 17.7904,13.8249287945218, 16.0064,6,16.6811,6,11.21734,-0.824834,111.510096,0,7,296,300
13.7241376941092, 15.4757,13.841647694353, 17.7753,6,16.67903,6,10.03643,0.963301,109.154304,0,7,297,300
13.7412314941175, 18.4943,13.8584842947312, 15.7905,6,16.68214,6,9.0239,0.082777,111.490496,0,7,298,300
13.7573935934342, 15.7819,13.8743935939856, 18.3521,6,16.6806,6,10.55343,0.359038,108.0536,0,7,299,300
13.7744978931732, 17.1887,13.8912833933719, 14.8326,6,16.68147,6,10.9033,-0.312353,109.835504,0,7,300,300
13.7905856934376, 16.6308,13.9085975927301, 18.9664,6,16.68138,5,9.364223,-0.120467,96.511104,0,7,0,300
13.8072286942042, 16.9423,13.9241190929897, 13.5049,6,16.68183,5,9.005462,-1.276423,93.216304,0,6,1,600
13.8249287945218, 16.5287,13.9408671935089, 18.3106,6,16.68156,4,10.35855,-0.444526,93.3504,0,5,2,2147483647
13.841647694353, 15.9167,13.9585746941157, 16.1529,6,16.68027,4,12.28477,0.128975,91.499696,0,5,3,2147483647
13.8584842947312, 17.9324,13.9585746941157, 4.371,6,16.68239,5,10.90402,0.709412,90.9572,0,6,4,600
13.8743935939856, 16.33,13.9760316950269, 13.0353,6,16.68179,5,13.17383,-0.183163,93.496704,0,6,5,600
13.8912833933719, 17.0603,13.9913948946632, 17.1941,6,16.68243,5,11.04932,-0.069074,92.914304,0,6,6,600
13.9085975927301, 16.4382,14.0076145944186, 14.5876,6,16.68202,5,10.06099,0.374451,78.563504,0,6,7,600
13.9241190929897, 17.9145,14.0240146950819, 17.3713,6,16.68409,5,9.405163,-0.052345,82.526096,0,6,8,600
13.9408671935089, 16.5675,14.0427107946016, 19.1071,6,16.6839,5,10.33417,-1.147603,90.1204,0,6,9,600
13.9585746941157, 16.0935,14.0586095941253, 15.5111,6,16.68291,5,11.94385,1.353952,94.9336,0,6,10,600
13.9913948946632, 31.078,14.0765090943314, 16.7265,5,16.70698,5,9.810145,-0.126274,91.004304,0,6,11,600
14.0076145944186, 12.4999,14.0914845946245, 16.4622,4,16.69995,5,9.931303,-0.297245,94.720704,0,6,12,600
14.0076145944186, 9.0112,14.109593893867, 16.6102,4,16.68714,5,13.11805,-0.142568,91.7106,0,6,13,600
14.0240146950819, 13.2976,14.1259353938513, 18.1055,5,16.6815,5,10.42577,0.009947,93.6488,0,6,14,600
14.0427107946016, 18.0922,14.1418664935045, 14.1621,5,16.68384,5,10.30315,-0.054407,91.5438,0,6,15,600
14.0586095941253, 15.0252,14.1590557931922, 18.7417,5,16.68109,5,12.29497,-0.517267,92.4932,0,6,16,600
14.0765090943314, 18.5507,14.1761454935186, 15.5406,5,16.68419,5,10.36685,0.261064,91.915904,0,6,17,600
14.0914845946245, 15.9912,14.1923594935797, 17.929,5,16.68304,5,11.92311,-0.81952,92.498896,0,6,18,600
14.109593893867, 16.9111,14.2087915944867, 14.8058,5,16.68342,5,10.48847,-1.014225,92.525504,0,6,19,600
14.1259353938513, 15.915,14.2241081944667, 16.864,5,16.68215,5,12.36524,-0.535867,94.163296,0,6,20,600
14.1418664935045, 17.3196,14.2425572942011, 16.742,5,16.6832,5,10.12592,-0.360784,93.7546,0,6,21,600
14.1590557931922, 17.0373,14.2584905936383, 17.6199,5,16.68378,5,12.89312,-0.193463,93.377904,0,6,22,600
14.1761454935186, 15.1779,14.2752214944921, 15.2046,5,16.68131,5,11.51667,-0.246983,93.2178,0,6,23,600
14.1923594935797, 17.9018,14.2930507953279, 19.5391,5,16.68331,5,12.55878,0.409356,91.0218,0,6,24,600
14.2087915944867, 16.3267,14.3087543952279, 15.9183,5,16.68273,5,10.80326,-0.123074,92.9054,0,6,25,600
14.2241081944667, 16.5691,14.3253210945986, 16.1918,5,16.68254,5,10.42268,0.47251,92.5344,0,6,26,600
14.2425572942011, 16.9696,14.3415792952292, 16.8095,5,16.68301,5,11.37244,-0.321181,93.854704,0,6,27,600
14.2584905936383, 16.577,14.3580856951885, 14.3806,5,16.68284,5,9.639574,-0.690034,93.3818,0,6,28,600
14.2752214944921, 16.7345,14.3748296960257, 18.6181,5,16.68292,5,12.02829,-0.77038,92.7958,0,6,29,600
14.2930507953279, 15.4867,14.3918411969207, 15.1154,5,16.68098,5,9.753181,-0.380761,93.4246,0,6,30,600
14.3087543952279, 17.172,14.4086672975682, 18.4918,5,16.68178,5,12.31283,-0.831101,91.143696,0,6,31,600
14.3253210945986, 15.3787,14.4252883973531, 14.9061,5,16.67967,5,10.84278,0.007774,93.9266,0,6,32,600
14.3415792952292, 18.2868,14.4429387967102, 17.7,5,16.68227,5,12.82166,0.833255,93.7266,0,6,33,600
14.3580856951885, 16.5169,14.4585004965775, 17.1459,5,16.682,5,10.7254,0.646302,93.2466,0,6,34,600
14.3748296960257, 16.5864,14.4745253971778, 14.305,5,16.68185,5,12.87903,-0.933087,92.6682,0,6,35,600
14.3918411969207, 16.9151,14.4925393979065, 19.6977,5,16.68222,5,10.32504,-0.539689,93.251,0,6,36,600
14.4086672975682, 14.5916,14.5086329984479, 14.3916,5,16.67887,5,11.1958,-0.649296,93.9642,0,6,37,600
14.4252883973531, 18.3593,14.5251968982629, 17.8789,5,16.68156,5,9.682887,-0.805741,93.872304,0,6,38,600
14.4429387967102, 16.6483,14.5424514985643, 16.0697,5,16.68151,5,10.95609,-0.668902,94.046704,0,6,39,600
14.4585004965775, 17.7277,14.5590132991783, 18.3105,5,16.68317,5,12.4491,-0.258327,92.256096,0,6,40,600
14.4745253971778, 15.8318,14.57732390007, 16.5442,5,16.68182,5,10.74124,0.211343,93.3004,0,6,41,600
14.4925393979065, 16.6119,14.5922264005058, 16.52,5,16.68171,5,12.6906,-0.050675,96.101696,0,6,42,600
14.5086329984479, 17.6285,14.6098303007893, 17.8028,5,16.68321,5,11.32123,0.757816,91.4794,0,6,43,600
14.5251968982629, 15.9699,14.6257557007484, 14.179,5,16.68208,5,10.63256,0.178534,93.970896,0,6,44,600
14.5424514985643, 17.1427,14.6424317001365, 18.1866,5,16.68281,5,10.04887,-0.587545,94.303104,0,6,45,600
14.5590132991783, 14.8487,14.6597607000731, 17.6501,5,16.67991,5,12.05748,0.456021,91.891104,0,6,46,600
14.57732390007, 18.8645,14.6758729009889, 14.2421,5,16.68336,5,9.222466,-0.475341,96.047696,0,6,47,600
14.5922264005058, 14.5396,14.6914069005288, 17.0315,5,16.67998,5,11.81495,-0.642029,92.3088,0,6,48,600
14.6098303007893, 18.244,14.7097790003754, 18.5747,5,16.68244,5,11.17488,-0.39803,93.5134,0,6,49,600
14.6257557007484, 16.4725,14.7257150006481, 14.0606,5,16.68211,5,11.51804,-0.940124,93.894096,0,6,50,600
14.6424317001365, 14.9272,14.7428765003569, 19.0842,5,16.67936,5,10.57723,-0.990822,93.985,0,6,51,600
14.6597607000731, 18.2435,14.7590979007073, 14.5042,5,16.68181,5,12.68463,0.227128,94.0978,0,6,52,600
14.6758729009889, 16.493,14.7752243005671, 17.6973,5,16.68151,5,10.96582,-0.149092,91.3808,0,6,53,600
14.6914069005288, 15.6361,14.7926632002927, 16.0169,5,16.67988,5,12.93402,0.104143,92.551296,0,6,54,600
14.7097790003754, 18.2782,14.8095119004138, 18.3685,5,16.68237,5,11.10457,-0.986746,91.646304,0,6,55,600
14.7257150006481, 16.5343,14.8262861003168, 16.6467,5,16.68214,5,11.64979,-0.030755,91.6282,0,6,56,600
14.7428765003569, 16.662,14.8419942003675, 13.9447,5,16.68211,5,10.18286,-0.064487,95.259104,0,6,57,600
14.7590979007073, 17.1391,14.8585387994535, 18.3097,5,16.68282,5,11.81375,0.135536,94.283104,0,6,58,600
14.7752243005671, 16.4579,14.8757788990624, 15.5524,5,16.68247,5,11.68795,-0.954865,92.5494,0,6,59,600
14.7926632002927, 16.5866,14.892383298371, 16.5686,5,16.68232,5,12.09309,-0.041828,93.510496,0,6,60,600
14.8095119004138, 15.2931,14.9095785976388, 18.9238,5,16.68018,5,10.03056,0.375601,94.469,0,6,61,600
14.8262861003168, 18.3527,14.9266125974245, 17.3767,5,16.68275,5,11.85376,-0.408755,92.5778,0,6,62,600
14.8419942003675, 16.1946,14.942926496733, 14.4605,5,16.682,5,11.10843,0.12897,94.937904,0,6,63,600
14.8585387994535, 16.9178,14.9586321958341, 17.8785,5,16.68237,5,12.0262,0.410141,92.959904,0,6,64,600
14.8757788990624, 16.1761,14.9769511953928, 17.1344,5,16.68159,5,9.451555,-0.662954,93.9234,0,6,65,600
14.892383298371, 16.5641,14.9928200957365, 14.6727,5,16.68141,5,12.27033,-0.037971,90.718896,0,6,66,600
14.9095785976388, 15.9888,15.0092033953406, 18.3499,5,16.68035,5,10.44146,0.259805,93.0704,0,6,67,600
14.9266125974245, 17.7047,15.0267816954292, 15.7262,5,16.68192,5,11.67375,0.807011,92.399296,0,6,68,600
14.942926496733, 16.3112,15.0425885957666, 17.2739,5,16.68135,5,10.79317,-0.237637,94.0242,0,6,69,600
14.9586321958341, 18.2187,15.0591096957214, 15.0143,5,16.68369,5,12.0428,0.306081,92.802896,0,6,70,600
14.9769511953928, 15.7257,15.0757359960116, 18.0764,5,16.68223,5,10.01889,-0.549949,93.4664,0,6,71,600
14.9928200957365, 15.7892,15.0923927952535, 15.118,5,16.68088,5,11.20804,-0.209105,93.757904,0,6,72,600
15.0092033953406, 17.374,15.1097700954415, 18.999,5,16.68193,5,10.42862,-0.032601,94.0546,0,6,73,600
15.0267816954292, 17.3324,15.12732099602, 16.1109,5,16.68291,5,9.898849,-1.258285,93.305104,0,6,74,600
15.0425885957666, 15.6283,15.1421533958055, 16.2912,5,16.68132,5,10.72801,-0.270543,94.761,0,6,75,600
15.0591096957214, 17.2824,15.1609593951143, 17.5737,5,16.68223,5,12.2082,0.158898,93.825296,0,6,76,600
15.0757359960116, 16.2959,15.1760939951055, 16.5928,5,16.68164,5,9.980685,-0.806247,95.181504,0,6,77,600
15.0923927952535, 17.5942,15.1947365957312, 16.8445,5,16.68302,5,13.19254,-0.235166,93.9074,0,6,78,600
15.1097700954415, 15.4877,15.2099975957535, 16.9433,5,16.68122,5,10.4553,-0.158685,96.791104,0,6,79,600
15.12732099602, 17.4401,15.2281678966247, 16.5045,5,16.68236,5,11.61515,-0.160204,96.213104,0,6,80,600
15.1421533958055, 14.7445,15.2425955967046, 16.1005,5,16.67946,5,12.84567,-0.634723,93.4868,0,6,81,600
15.1609593951143, 18.7004,15.2616679971106, 17.4257,5,16.68248,5,10.07728,-0.029626,93.134704,0,6,82,600
15.1760939951055, 14.7479,15.2775281970389, 17.6315,5,16.67959,5,10.3228,0.057332,92.570496,0,6,83,600
15.1947365957312, 18.2149,15.2945466977544, 17.6362,5,16.68188,5,11.99652,-0.055084,93.962704,0,6,84,600
15.2099975957535, 14.9354,15.3091623974033, 12.2098,5,16.67928,5,12.72633,-0.137694,93.953504,0,6,85,600
15.2281678966247, 19.2054,15.3264772971161, 18.8529,5,16.68303,5,10.50377,-0.303888,94.4108,0,6,86,600
15.2425955967046, 14.574,15.3420203975402, 14.0091,5,16.67991,5,12.10138,-0.642994,93.718704,0,6,87,600
15.2616679971106, 17.6633,15.3590488969348, 19.0552,5,16.68136,5,10.44419,-0.302368,93.604096,0,6,88,600
15.2775281970389, 15.1463,15.3761951974593, 15.1373,5,16.67909,5,12.00809,-1.076535,93.747104,0,6,89,600
15.2945466977544, 18.2044,15.3930651969276, 18.6611,5,16.68134,5,10.67229,-0.681778,93.681504,0,6,90,600
15.3091623974033, 17.4203,15.4116805973463, 16.7277,5,16.68243,5,12.58387,-0.179135,94.288704,0,6,91,600
15.3264772971161, 16.4662,15.4263555970974, 16.3516,5,16.68212,5,10.95004,-0.146136,96.7868,0,6,92,600
15.3420203975402, 16.9694,15.4449386973865, 17.112,5,16.68254,5,10.82718,0.205803,93.8888,0,6,93,600
15.3590488969348, 16.3769,15.4597473978065, 16.3113,5,16.68209,5,12.61524,-0.57515,95.519296,0,6,94,600
15.3761951974593, 16.529,15.4781892984174, 17.1364,5,16.68187,5,10.24764,0.285301,94.2206,0,6,95,600
15.3930651969276, 14.4019,15.4931952985935, 16.8995,5,16.67853,5,12.1956,-0.541046,95.559504,0,6,96,600
15.4116805973463, 18.9666,15.5115562989376, 16.0682,5,16.68187,5,9.99525,-0.129968,93.546896,0,6,97,600
15.4263555970974, 15.0144,15.526497899089, 16.645,5,16.67944,5,10.6544,-0.661123,95.7344,0,6,98,600
15.4449386973865, 18.1924,15.5449755997397, 16.8926,5,16.68164,5,11.79465,0.32823,93.1828,0,6,99,600
15.4597473978065, 15.1566,15.5597859998234, 16.4964,5,16.67942,5,11.34257,-0.210605,92.918304,0,6,100,600
15.4781892984174, 18.5894,15.5780005999841, 16.5758,5,16.6822,5,12.13252,-0.522447,93.054896,0,6,101,600
15.4931952985935, 14.5828,15.5932230004109, 16.7703,5,16.67915,5,11.03067,-0.277176,93.1952,0,6,102,600
15.5115562989376, 19.2663,15.6098336004652, 16.7144,5,16.6829,5,11.66611,0.183393,92.3496,0,6,103,600
15.526497899089, 15.0909,15.6264619012363, 14.8264,5,16.6806,5,10.56795,-0.751748,95.457,0,6,104,600
15.5449755997397, 18.7838,15.643671000842, 18.92,5,16.68364,5,10.59118,1.283399,90.7284,0,6,105,600
15.5597859998234, 14.4642,15.6600746014155, 14.6043,5,16.68044,5,10.82031,-0.380511,93.295,0,6,106,600
15.5780005999841, 18.6909,15.6762789008208, 17.8452,5,16.68333,5,9.926948,-0.132376,91.3512,0,6,107,600
15.5932230004109, 14.6705,15.6934516006149, 17.7781,5,16.68044,5,11.1523,-0.930127,93.2876,0,6,108,600
15.6098336004652, 18.7418,15.7096314006485, 14.0123,5,16.6834,5,8.873811,-0.549821,93.210096,0,6,109,600
15.6264619012363, 16.3243,15.726614701096, 18.8911,5,16.68288,5,10.49118,-0.705723,94.0928,0,6,110,600
15.643671000842, 17.1815,15.7436301005073, 15.2371,5,16.6836,5,10.62923,0.028898,93.940496,0,6,111,600
15.6600746014155, 15.5569,15.7595801004209, 17.4934,5,16.68199,5,10.96572,0.413909,91.2506,0,6,112,600
15.6762789008208, 15.6818,15.7767439004965, 15.6045,5,16.68056,5,10.99612,0.127305,92.8414,0,6,113,600
15.6934516006149, 17.8792,15.7939652004279, 18.7613,5,16.68227,5,9.845602,0.053328,89.9896,0,6,114,600
15.7096314006485, 17.026,15.8105842010118, 16.8735,5,16.68275,5,10.30719,-0.750226,90.3524,0,6,115,600
15.726614701096, 16.7998,15.8266752013005, 14.1095,5,16.68292,5,11.5322,0.233383,92.636496,0,6,116,600
15.7436301005073, 16.8928,15.8437860016711, 18.4839,5,16.68322,5,10.19387,0.204902,94.3696,0,6,117,600
15.7595801004209, 17.4988,15.8597851009108, 14.647,5,16.68438,5,11.96603,0.238894,90.538496,0,6,118,600
15.7767439004965, 16.0581,15.8761361003853, 16.4205,5,16.68349,5,11.28222,-0.3243,92.592896,0,6,119,600
15.7939652004279, 15.1316,15.8935686000623, 17.4158,5,16.6813,5,11.8299,-1.026083,91.848896,0,6,120,600
15.8105842010118, 17.5918,15.9109221999533, 19.3238,5,16.68258,5,10.22631,0.436794,91.240496,0,6,121,600
15.8266752013005, 17.5121,15.9266121000983, 13.681,5,16.68375,5,11.7527,0.123077,94.087696,0,6,122,600
15.8437860016711, 16.5675,15.9433570005931, 18.6223,5,16.68359,5,10.77448,-0.867053,91.668096,0,6,123,600
15.8597851009108, 15.7485,15.9601852004416, 15.0038,5,16.68227,5,13.06091,-0.513025,93.9962,0,6,124,600
15.8761361003853, 16.8834,15.9762235996313, 16.2748,5,16.68255,4,9.802623,-0.103963,93.5996,0,5,125,2147483647
15.8935686000623, 16.6884,15.9940072991885, 19.5443,5,16.68256,4,9.997453,0.345137,91.9992,0,5,126,2147483647
15.9109221999533, 16.3702,16.0098274988122, 13.9417,5,16.68213,5,11.75772,-0.872531,91.967696,0,6,127,600
15.9266121000983, 16.2684,16.026969299186, 18.596,5,16.68155,5,10.63886,0.135464,92.636496,0,6,128,600
15.9433570005931, 16.8895,16.0431714993902, 16.4926,5,16.68184,5,10.50686,0.036893,94.199504,0,6,129,600
15.9601852004416, 17.5807,16.0590191991068, 15.9797,5,16.68309,5,9.649631,0.496495,80.7188,0,6,130,600
15.9762235996313, 16.099,16.0767735992558, 16.0676,5,16.68228,5,11.45464,-1.121235,81.806496,0,6,131,600
15.9940072991885, 16.205,16.0940078985877, 16.8736,5,16.68161,5,10.04471,-0.715492,90.782496,0,6,132,600
16.0098274988122, 16.7168,16.1106374994852, 18.2798,5,16.68166,5,12.078,0.132354,95.3922,0,6,133,600
16.0431714993902, 28.2728,16.1270264000632, 14.7918,5,16.69774,5,11.61584,-0.138673,93.3698,0,6,134,600
16.0590191991068, 17.1671,16.1436767992564, 18.2543,4,16.69839,5,11.54539,-0.209357,93.1368,0,6,135,600
16.0590191991068, 5.4133,16.1596769993193, 14.3878,4,16.68278,5,12.57625,-0.731681,93.847296,0,6,136,600
16.0767735992558, 15.9491,16.1781943985261, 20.5603,5,16.68177,5,10.36517,-0.360408,90.929296,0,6,137,600
16.0940078985877, 17.425,16.1940426980145, 15.4029,5,16.68279,5,11.94786,1.20775,93.9004,0,6,138,600
16.1106374994852, 15.8176,16.2110412982292, 15.5842,5,16.6816,5,10.68018,-0.913222,96.212304,0,6,139,600
16.1270264000632, 16.645,16.2268695984967, 17.3547,5,16.68155,5,10.82181,-0.631073,95.9774,0,6,140,600
16.1436767992564, 17.2936,16.2430470981635, 14.3753,5,16.68239,5,11.02165,0.087672,92.856496,0,6,141,600
16.1596769993193, 16.6184,16.2609120984562, 19.5898,5,16.6823,5,8.985722,0.398105,93.9882,0,6,142,600
16.1781943985261, 14.5663,16.2773511991836, 16.8781,5,16.6794,5,11.66747,0.156815,92.431104,0,6,143,600
16.1940426980145, 18.5214,16.2959762983955, 18.2856,5,16.68192,5,12.68103,-1.041841,96.453696,0,6,144,600
16.2110412982292, 16.2539,16.3107558987103, 13.1333,5,16.68134,5,10.36699,-0.069735,94.144,0,6,145,600
16.2268695984967, 17.3002,16.3276074989699, 18.432,5,16.68218,5,9.693185,0.407134,93.6746,0,6,146,600
16.2430470981635, 15.9103,16.3436942989938, 14.3525,5,16.68113,5,11.82354,-0.412965,92.613696,0,6,147,600
16.2609120984562, 15.3253,16.3610825981013, 19.3482,5,16.67929,5,11.53804,-0.061023,94.670096,0,6,148,600
16.2773511991836, 16.6417,16.3770993980579, 14.3319,5,16.67924,5,11.93737,-0.241028,91.726704,0,6,149,600
16.2959762983955, 18.7611,16.3939176979475, 18.291,5,16.68206,5,9.246965,0.626569,94.1298,0,6,150,600
16.3107558987103, 16.8951,16.4112318973057, 15.8338,5,16.68235,5,11.38522,-0.259899,92.608896,0,6,151,600
16.3276074989699, 16.5549,16.428174497094, 18.611,5,16.68218,5,9.676928,-0.002782,91.870704,0,6,152,600
16.3436942989938, 16.467,16.4435946973972, 13.5233,5,16.68189,5,12.06853,0.390848,93.2542,0,6,153,600
16.3610825981013, 16.96,16.4611181966029, 19.3629,5,16.68226,5,9.421599,-0.299664,92.5172,0,6,154,600
16.3770993980579, 16.7588,16.4781874972396, 15.2379,5,16.68237,5,12.20018,0.219511,93.6624,0,6,155,600
16.3939176979475, 16.7314,16.4941258965991, 15.9929,5,16.68243,5,10.37845,-0.736313,92.817104,0,6,156,600
16.4112318973057, 16.9303,16.5108850966208, 18.3144,5,16.68276,5,11.54746,-0.295452,93.348304,0,6,157,600
16.428174497094, 15.3831,16.5271309963427, 14.6457,5,16.68102,5,10.63269,0.231516,94.976,0,6,158,600
16.4435946973972, 17.1949,16.5437167971395, 18.3397,5,16.68171,5,11.76421,-0.199836,92.3302,0,6,159,600
16.4611181966029, 16.0737,16.5606542970054, 15.2282,5,16.68089,5,10.84265,-0.218275,94.017504,0,6,160,600
16.4781874972396, 17.8539,16.5771214975975, 18.3848,5,16.68246,5,12.16048,-0.384178,91.207904,0,6,161,600
16.4941258965991, 15.6503,16.5943181975745, 17.2772,5,16.68108,5,9.501436,-0.286415,93.431104,0,6,162,600
16.5108850966208, 17.4599,16.6111400979571, 14.8138,5,16.68212,5,11.75338,0.552204,95.236496,0,6,163,600
16.5271309963427, 17.1755,16.6281729987822, 18.8627,5,16.68278,5,10.54508,-0.222788,92.155904,0,6,164,600
16.5437167971395, 16.1892,16.6434282991104, 13.3791,5,16.68212,5,12.23532,-0.135833,92.873296,0,6,165,600
16.5606542970054, 17.3088,16.6613744995557, 19.5316,5,16.68296,5,10.0974,-0.737622,92.694896,0,6,166,600
16.5771214975975, 14.851,16.6777100986801, 16.6573,5,16.68053,5,11.50199,0.081898,92.360096,0,6,167,600
16.5943181975745, 18.1562,16.6947069982998, 15.0746,5,16.68248,5,8.655233,-0.0575,94.474704,0,6,168,600
16.6111400979571, 16.5403,16.7102600983344, 17.2581,5,16.68229,5,7.675822,-0.71192,93.762304,0,6,169,600
16.6281729987822, 16.5378,16.7280572983436, 16.3587,5,16.6821,5,7.378102,-0.861886,91.9036,0,6,170,600
16.6434282991104, 17.7902,16.7438903986476, 17.4547,5,16.68356,5,7.0889,-0.499652,93.973104,0,6,171,600
16.6613744995557, 13.8983,16.7615013993345, 16.0132,5,16.67989,5,7.71792,-0.149191,92.372304,0,6,172,600
16.6777100986801, 18.3114,16.7775441999547, 17.5993,5,16.68204,5,7.277686,0.68427,93.622896,0,6,173,600
16.6947069982998, 16.9507,16.794054699596, 15.0911,5,16.68239,5,7.837152,-0.446524,91.277504,0,6,174,600
16.7102600983344, 17.0579,16.8117008986883, 19.1282,5,16.68289,5,7.201991,-0.114374,93.7082,0,6,175,600
16.7280572983436, 16.0717,16.8279963987879, 14.4693,5,16.68209,5,7.68613,-0.272601,93.3142,0,6,176,600
16.7438903986476, 16.3495,16.8444853979163, 17.5999,5,16.68165,5,7.018724,-0.9112,92.5448,0,6,177,600
16.7615013993345, 17.7287,16.861069697421, 15.3823,5,16.68302,5,7.490974,-0.589365,93.355,0,6,178,600
16.7775441999547, 16.1646,16.877849498298, 18.5957,5,16.68234,5,6.942001,-0.725109,92.7764,0,6,179,600
16.794054699596, 17.2872,16.8946064985357, 16.8926,5,16.68313,5,6.8735,0.102466,93.165104,0,6,180,600
16.8117008986883, 15.8709,16.9116735993885, 15.1011,5,16.68207,5,7.896265,0.462141,93.584704,0,6,181,600
16.8279963987879, 17.568,16.9283492988907, 18.3781,5,16.68323,5,8.692309,-0.718011,94.096496,0,6,182,600
16.8444853979163, 15.4391,16.9448186992668, 14.8605,5,16.68161,5,8.051234,-0.359718,94.1986,0,6,183,600
16.861069697421, 17.3418,16.9608797985129, 17.7372,5,16.68247,5,7.144959,-0.043885,92.6026,0,6,184,600
16.877849498298, 14.6741,16.9776088981889, 15.0864,5,16.67986,5,6.555111,-0.211343,93.998304,0,6,185,600
16.8946064985357, 18.36,16.9945330987684, 18.8719,5,16.68204,5,7.610418,0.102825,93.1848,0,6,186,600
16.9116735993885, 17.1083,17.0136479991488, 17.2106,5,16.68259,5,8.454085,0.092891,93.6926,0,6,187,600
16.9283492988907, 16.727,17.0270111993887, 15.1299,5,16.68265,5,7.087243,-1.142276,97.161696,0,6,188,600
16.9448186992668, 16.2694,17.0450519998558, 17.6655,5,16.68211,5,8.370475,-0.821373,92.3008,0,6,189,600
16.9608797985129, 17.5278,17.0617487006821, 16.7139,5,16.6832,5,8.951009,-0.46997,93.2662,0,6,190,600
16.9776088981889, 15.1248,17.0787761011161, 15.6328,5,16.6812,5,6.386076,0.351604,92.311904,0,6,191,600
16.9945330987684, 15.2447,17.0959553015418, 18.7134,5,16.67935,5,9.375673,-0.78606,93.8286,0,6,192,600
17.0136479991488, 18.2459,17.1110853017308, 13.3848,5,16.68136,5,9.34077,-0.459011,93.2336,0,6,193,600
17.0270111993887, 17.0648,17.1273341015913, 18.0294,5,16.68185,5,7.169496,-0.627862,93.108704,0,6,194,600
17.0450519998558, 16.4289,17.1445494019426, 15.4745,5,16.68153,5,8.63496,0.450841,92.6666,0,6,195,600
17.0617487006821, 17.0764,17.1614118018188, 18.5936,5,16.68203,5,7.584611,-0.222245,92.5336,0,6,196,600
17.0787761011161, 16.0952,17.1785158016719, 15.4995,5,16.68129,5,8.657562,-0.406431,92.469296,0,6,197,600
17.0959553015418, 17.9644,17.1946012009867, 17.839,5,16.68292,5,8.083359,-0.025841,93.0208,0,6,198,600
17.1110853017308, 15.9095,17.2118083001114, 15.4676,5,16.68194,5,6.577445,-0.706881,91.7958,0,6,199,600
17.1273341015913, 16.9042,17.2270593005233, 16.7716,5,16.68222,5,9.238331,0.637678,91.660496,0,6,200,600
17.1445494019426, 16.1631,17.2446319009177, 16.1061,5,16.68156,5,9.462641,-0.520763,93.6792,0,6,201,600
17.1614118018188, 17.5364,17.2616657014005, 18.0792,5,16.68264,5,6.334981,-0.195588,91.399504,0,6,202,600
17.1785158016719, 16.1418,17.2776203020476, 14.9163,5,16.68196,5,8.364322,-0.369913,95.334304,0,6,203,600
17.1946012009867, 17.9345,17.2942019025795, 17.799,5,16.68354,5,8.626963,1.491762,91.7724,0,6,204,600
17.2118083001114, 16.2654,17.311682402622, 18.2839,5,16.68302,5,8.605788,-0.436818,91.9632,0,6,205,600
17.2270593005233, 17.0424,17.3286656024866, 14.7628,5,16.68347,5,8.368913,-1.607087,94.0406,0,6,206,600
17.2446319009177, 16.6642,17.3450907017104, 20.5986,5,16.68344,5,9.456738,-0.276301,90.995696,0,6,207,600
17.2616657014005, 16.9757,17.36249250127, 13.4133,5,16.68381,5,4.404918,-0.933015,94.3796,0,6,208,600
17.2776203020476, 15.9866,17.3787129013799, 16.1772,5,16.68294,5,7.950887,0.424463,92.0488,0,6,209,600
17.2942019025795, 15.6744,17.3947812016122, 17.7515,5,16.68167,5,9.211201,-0.233804,94.813104,0,6,210,600
17.311682402622, 18.6315,17.4119774024002, 15.5862,5,16.68411,5,7.651115,-0.874771,94.706704,0,6,211,600
17.3286656024866, 14.4415,17.4280501022004, 17.8255,5,16.68131,5,7.921337,0.468977,94.5998,0,6,212,600
17.3450907017104, 17.0746,17.4447940024547, 14.7437,5,16.6818,5,8.572004,-0.697927,92.060496,0,6,213,600
17.36249250127, 16.2168,17.4619423015974, 18.9808,5,16.68122,5,7.488471,-0.339959,94.723904,0,6,214,600
17.3787129013799, 16.6654,17.4784474014305, 16.5589,5,16.6812,5,8.385523,0.463758,92.4638,0,6,215,600
17.3947812016122, 16.6718,17.4948144010268, 16.5649,5,16.68119,5,7.616727,-0.674637,94.617104,0,6,216,600
17.4119774024002, 17.4573,17.511729800608, 14.9174,5,16.68215,5,6.400859,-0.335213,96.9398,0,6,217,600
17.4280501022004, 16.1943,17.5286765000783, 18.8575,5,16.68155,5,7.688942,0.508917,93.0636,0,6,218,600
17.4447940024547, 16.8356,17.5452099009417, 14.575,5,16.68174,5,8.711637,-0.131723,93.751504,0,6,219,600
17.4619423015974, 14.3671,17.5617439015768, 16.5202,5,16.67887,5,8.591513,0.2049,93.3516,0,6,220,600
17.4784474014305, 16.3405,17.5785274016671, 18.6632,5,16.67845,5,8.128483,-0.982667,93.779104,0,6,221,600
17.4948144010268, 19.5576,17.5958564016037, 15.6815,5,16.68201,5,8.642823,-0.141096,92.148496,0,6,222,600
17.511729800608, 16.5748,17.6114902007394, 17.2623,5,16.68188,5,9.2194,-0.790089,93.635,0,6,223,600
17.5286765000783, 15.816,17.6286398000084, 15.4158,5,16.68081,5,10.70177,-0.972013,93.875504,0,6,224,600
17.5452099009417, 18.3562,17.6457689008676, 18.7832,5,16.68287,5,11.7309,-0.16367,91.284896,0,6,225,600
17.5617439015768, 16.7941,17.6627514003776, 15.1637,5,16.68301,5,10.98199,0.18253,93.2778,0,6,226,600
17.5785274016671, 16.2148,17.6786980009638, 17.7009,5,16.68243,5,12.65461,-0.934047,91.3532,0,6,227,600
17.5958564016037, 17.0075,17.6976402006112, 17.2476,5,16.68283,5,12.17467,-0.854637,93.5166,0,6,228,600
17.6114902007394, 16.3784,17.7113788002171, 13.7874,5,16.68246,5,12.09017,-0.432836,94.423296,0,6,229,600
17.6286398000084, 17.1289,17.7287765000947, 19.1222,5,16.683,5,10.72755,-0.934667,94.827696,0,6,230,600
17.6457689008676, 16.7026,17.7452287008055, 14.7771,5,16.68303,5,11.53234,-0.513507,94.890896,0,6,231,600
17.6627514003776, 17.0931,17.7629676000215, 19.2567,5,16.68353,5,8.245436,-1.088008,92.931296,0,6,232,600
17.6786980009638, 13.3577,17.7787542999722, 14.2641,5,16.67947,5,10.98407,-1.117376,93.972304,0,6,233,600
17.6976402006112, 18.1952,17.7954983008094, 18.5992,5,16.68132,5,12.42991,-0.059858,93.9192,0,6,234,600
17.7113788002171, 17.1702,17.8145479005761, 17.2335,5,16.68192,5,10.99401,-0.036283,92.142096,0,6,235,600
17.7287765000947, 16.3883,17.8289780006744, 14.4281,5,16.68156,5,12.92288,0.098652,92.973904,0,6,236,600
17.7452287008055, 16.4983,17.8448994015343, 17.5393,5,16.68134,5,11.42586,-0.692917,93.2044,0,6,237,600
17.7629676000215, 16.085,17.8627271023579, 16.0313,5,16.68061,5,12.10818,-0.453105,91.4574,0,6,238,600
17.7787542999722, 17.6109,17.8785276026465, 15.8338,5,16.68174,5,11.01295,0.123603,93.491696,0,6,239,600
17.7954983008094, 15.5444,17.8949781027623, 16.376,5,16.68036,5,11.90552,-1.016728,93.5142,0,6,240,600
17.8145479005761, 18.4776,17.9116134033538, 18.7082,5,16.68254,5,10.22221,-0.953948,93.3176,0,6,241,600
17.8289780006744, 16.388,17.9282956034876, 14.6408,5,16.68218,5,12.0775,0.066961,94.6162,0,6,242,600
17.8448994015343, 16.3339,17.944635102991, 18.3677,5,16.68176,5,9.791928,-0.940034,93.2806,0,6,243,600
17.8627271023579, 16.2745,17.9626988028176, 16.2971,5,16.68127,4,12.97835,-0.49544,94.3278,0,5,244,2147483647
17.8785276026465, 16.6132,17.978845403064, 16.4167,5,16.68119,3,11.34474,-0.935846,94.3726,0,4,245,2147483647
17.8949781027623, 16.7951,17.9957210035063, 18.0934,5,16.68133,5,7.505534,-1.241124,94.7372,0,4,246,2147483647
17.9116134033538, 17.227,18.01303190412, 15.8908,5,16.68198,5,11.15804,0.756136,92.133696,0,6,247,600
17.9282956034876, 16.4235,18.0286950045265, 17.4704,5,16.68167,5,10.64185,0.024636,94.575904,0,6,248,600
17.944635102991, 16.1878,18.0453741052188, 16.2322,5,16.68108,5,12.77132,-0.792708,54.9994,0,6,249,600
17.9626988028176, 17.8794,18.0631502051838, 18.2434,5,16.68251,5,12.08686,-0.519801,69.3338,0,6,250,600
17.978845403064, 15.9233,18.0785265048034, 13.32,5,16.6816,5,9.660464,0.82101,84.7458,0,6,251,600
17.9957210035063, 16.4144,18.0958195053972, 18.856,5,16.68129,5,10.83581,0.527767,96.833904,0,6,252,600
18.0453741052188, 54.0242,18.1119654052891, 14.4477,5,16.72574,5,10.7929,-0.227652,95.148704,0,6,253,600
18.0631502051838, 3.9117,18.1284338054247, 18.2454,3,16.7105,5,11.01359,0.285094,94.5334,0,6,254,600
18.0631502051838, 1.8564,18.147358505521, 17.2682,3,16.69286,5,11.08263,0.641592,94.860896,0,6,255,600
18.0631502051838, 5.1882,18.1628358052112, 17.2764,4,16.67922,5,9.661852,0.224409,97.6196,0,6,256,600
18.0785265048034, 18.8532,18.1815822054632, 17.1682,5,16.68179,5,12.18941,-0.034806,95.316304,0,6,257,600
18.0958195053972, 16.7212,18.1961995051242, 16.1058,5,16.68184,5,10.12601,-1.402918,96.0356,0,6,258,600
18.1119654052891, 16.2769,18.2143280045129, 16.604,5,16.68136,5,11.26839,0.337152,94.3404,0,6,259,600
18.1284338054247, 15.0419,18.2303573046811, 17.8007,5,16.67942,5,10.02421,-0.431092,93.3664,0,6,260,600
18.147358505521, 18.3082,18.2481962055899, 16.0043,5,16.68134,5,11.90572,-0.339704,94.2038,0,6,261,600
18.1628358052112, 15.3164,18.2627563052811, 16.0363,5,16.67974,5,11.72255,0.756057,94.667504,0,6,262,600
18.1815822054632, 18.9128,18.2797705051489, 17.2172,5,16.68237,5,11.66699,-0.224666,93.175904,0,6,263,600
18.1961995051242, 14.7797,18.2954071057029, 13.8061,5,16.68013,5,10.7227,-0.28935,94.019904,0,6,264,600
18.2143280045129, 18.4806,18.3130292058922, 19.3172,5,16.68224,5,12.20964,-0.772929,94.642896,0,6,265,600
18.2303573046811, 14.4806,18.3297444065101, 14.9445,5,16.67966,5,9.341566,-0.950603,92.263104,0,6,266,600
18.2481962055899, 18.8427,18.3454437074251, 17.35,5,16.68219,5,10.10995,-0.793269,93.8326,0,6,267,600
18.2627563052811, 14.779,18.3626811080612, 15.6231,5,16.67997,5,10.60443,-0.491569,92.6408,0,6,268,600
18.2797705051489, 18.0058,18.3796449084766, 18.6283,5,16.68152,5,10.4736,-0.445715,94.2472,0,6,269,600
18.2954071057029, 16.814,18.3956305091269, 14.4337,5,16.68167,5,12.77577,-0.393635,92.089904,0,6,270,600
18.3130292058922, 17.183,18.4125106097199, 18.7531,5,16.68226,5,10.84257,0.451195,93.387104,0,6,271,600
18.3297444065101, 16.0371,18.4291971088387, 14.8508,5,16.68151,5,12.41492,-0.566564,92.457696,0,6,272,600
18.3454437074251, 17.3608,18.446249908302, 18.9608,5,16.68229,5,10.60083,-1.17457,95.1426,0,6,273,600
18.3626811080612, 16.6935,18.462790208403, 14.5356,5,16.68231,5,12.37941,0.103856,93.108,0,6,274,600
18.3796449084766, 17.1609,18.4794874084182, 18.4579,5,16.68286,5,11.35236,-0.458562,94.2292,0,6,275,600
18.3956305091269, 15.2339,18.4955715076067, 14.3047,5,16.68118,5,10.89407,-0.599069,92.564896,0,6,276,600
18.4125106097199, 16.6577,18.5130314067937, 19.3416,5,16.68116,5,13.27674,-0.053779,93.958704,0,6,277,600
18.4291971088387, 16.637,18.5295611065812, 14.6026,5,16.68111,5,10.25616,-0.190459,92.443504,0,6,278,600
18.446249908302, 17.4734,18.5462258071639, 18.5941,5,16.68202,5,12.55237,-0.524968,94.602896,0,6,279,600
18.462790208403, 16.2587,18.5627508074977, 14.5943,5,16.68153,5,11.35258,-0.290079,93.420896,0,6,280,600
18.4794874084182, 16.8479,18.5791293070652, 18.2414,5,16.68172,5,11.96826,0.570464,94.2314,0,6,281,600
18.4955715076067, 16.3284,18.5956807066686, 14.813,5,16.68132,5,10.33217,-0.121617,92.8684,0,6,282,600
18.5130314067937, 16.9323,18.6130858068354, 19.0911,5,16.68161,5,10.47588,-0.114757,95.3512,0,6,283,600
18.5295611065812, 16.324,18.6298286062665, 15.142,5,16.68119,5,10.64014,0.468233,94.0874,0,6,284,600
18.5462258071639, 16.8835,18.6456693061627, 17.6935,5,16.68143,5,9.513517,-0.058527,92.864704,0,6,285,600
18.5627508074977, 16.4094,18.6627435055561, 15.0467,5,16.68112,5,12.02326,-1.210434,95.594304,0,6,286,600
18.5791293070652, 16.7359,18.680082004983, 19.2187,5,16.68118,5,10.51197,0.454354,92.9982,0,6,287,600
18.5956807066686, 16.9896,18.6955122048967, 15.7255,5,16.68153,5,9.541827,-0.275128,96.3224,0,6,288,600
18.6130858068354, 16.1742,18.7125824051909, 14.9509,5,16.68095,5,11.99083,0.175401,96.6822,0,6,289,600
18.6298286062665, 16.6094,18.7300275056623, 19.339,5,16.68087,5,11.63695,-0.29564,94.8388,0,6,290,600
18.6456693061627, 17.1506,18.7464832062833, 14.5542,5,16.6814,5,9.738828,-0.80785,92.679696,0,6,291,600
18.6627435055561, 17.0362,18.764833107125, 20.3603,5,16.68181,5,12.3708,-0.049468,92.984896,0,6,292,600
18.680082004983, 14.4383,18.7815774078481, 14.7986,5,16.67926,4,9.96004,0.107262,91.944496,0,5,293,2147483647
18.6955122048967, 19.1215,18.7969368076883, 17.2767,5,16.68203,3,12.13885,0.18204,97.803,0,4,294,2147483647
18.7125824051909, 15.85,18.8125164075755, 13.6906,5,16.68109,2,11.12797,-0.780638,91.907504,0,3,295,2147483647
18.7300275056623, 16.9358,18.8297345074825, 17.2408,5,16.68138,5,11.79584,-0.912193,96.162496,0,6,296,600
18.7464832062833, 17.5341,18.8463054071181, 16.4934,5,16.68234,5,10.10896,-0.401597,91.3174,0,6,297,600
18.764833107125, 14.6363,18.864949807059, 20.4943,5,16.68003,5,10.14404,-0.437863,51.7042,0,6,298,600
18.7815774078481, 18.6026,18.879483607132, 12.7072,5,16.6822,5,12.88749,0.074247,62.6023,0,6,299,600
18.7969368076883, 14.3144,18.8961807065643, 18.5686,5,16.67953,5,11.2533,0.430437,81.028,0,6,300,600
18.8125164075755, 19.1123,18.9124449067749, 14.267,5,16.68227,5,12.39116,-0.011114,95.521296,0,6,301,600
18.879483607132, 60.7092,18.9317151070572, 21.0961,5,16.73179,5,12.50455,-0.915329,92.066096,0,6,302,600
18.879483607132, 2.014,18.9463190068491, 12.9112,2,16.71526,5,10.25766,0.717721,93.815504,0,6,303,600
18.879483607132, 0.4009,18.9637802061625, 18.8265,3,16.69695,5,9.558914,-0.096868,92.4128,0,6,304,600
18.879483607132, 1.9652,18.9798688055016, 16.4584,4,16.68043,5,11.78003,-0.426802,93.6284,0,6,305,600
18.8961807065643, 17.9927,18.9962238059379, 14.5379,5,16.6819,5,10.58738,0.47742,95.677504,0,6,306,600
18.9124449067749, 16.7237,19.0127885066904, 18.4728,5,16.68195,5,10.13747,-0.330709,91.888704,0,6,307,600
18.9317151070572, 16.1934,19.0295187071897, 14.7905,5,16.6814,5,12.1518,-0.558222,93.046896,0,6,308,600
18.9463190068491, 17.131,19.0462469072081, 18.3464,5,16.6819,5,10.47578,-0.583142,95.919696,0,6,309,600
18.9637802061625, 15.7798,19.0634575081058, 17.8293,5,16.6809,5,11.43311,-0.614368,92.2986,0,6,310,600
18.9798688055016, 17.6907,19.0796284084208, 13.9011,5,16.68202,5,10.84702,0.084188,96.566,0,6,311,600
18.9962238059379, 15.6557,19.0962662086822, 16.8143,5,16.68088,5,12.50954,0.895571,94.7066,0,6,312,600
19.0127885066904, 16.679,19.1139631089754, 19.5511,5,16.68088,5,11.12027,-0.904051,95.716304,0,6,313,600
19.0295187071897, 17.5521,19.12977590831, 13.9311,5,16.68184,5,12.68891,-0.634111,95.223296,0,6,314,600
19.0462469072081, 15.375,19.1477105082013, 19.6424,5,16.6804,5,10.36983,-0.35287,93.923696,0,6,315,600
19.0634575081058, 16.7815,19.1644353088923, 14.9212,5,16.68051,5,10.93605,-0.114349,94.384096,0,6,316,600
19.0796284084208, 17.5372,19.1811452084221, 18.5471,5,16.68146,5,11.32801,0.230659,93.2222,0,6,317,600
19.0962662086822, 16.5336,19.1971701090224, 16.0404,5,16.68129,5,10.43867,-0.006821,94.779696,0,6,318,600
19.1139631089754, 16.5455,19.2140762084164, 15.2458,5,16.68114,5,10.51905,-0.547602,97.505696,0,6,319,600
19.12977590831, 16.946,19.2298365090974, 17.4058,5,16.68143,5,10.36644,0.099063,94.969296,0,6,320,600
19.1477105082013, 16.0031,19.246511308942, 14.841,5,16.68069,5,10.10382,0.988057,93.099,0,6,321,600
19.1644353088923, 17.4248,19.263823708985, 18.9822,5,16.68151,5,10.2805,-0.092705,94.4086,0,6,322,600
19.1811452084221, 14.6047,19.2811842081137, 17.3312,5,16.67922,5,10.86164,-0.758897,94.705104,0,6,323,600
19.1971701090224, 18.8262,19.2970198080875, 16.2889,5,16.68158,5,10.11944,-0.129242,96.575696,0,6,324,600
19.2140762084164, 15.688,19.313005308155, 13.8174,5,16.68049,5,9.163205,-1.180277,97.4808,0,6,325,600
19.2298365090974, 17.2043,19.3296379079111, 18.5142,5,16.68106,5,8.213197,-0.831093,94.276,0,6,326,600
19.246511308942, 16.9712,19.3486187071539, 17.2675,5,16.68138,5,12.68064,-0.412032,93.367296,0,6,327,600
19.263823708985, 14.8286,19.3632729067467, 16.699,5,16.67936,5,10.51608,-0.271322,94.5376,0,6,328,600
19.2811842081137, 16.7529,19.3828664063476, 17.6578,5,16.67944,5,13.19259,-0.012187,95.634096,0,6,329,600
19.2970198080875, 18.7263,19.3966311062686, 15.5206,5,16.68167,5,10.81713,-0.305014,95.967904,0,6,330,600
19.313005308155, 15.7083,19.4132993067615, 14.7996,5,16.68061,5,12.36532,-0.118986,94.0918,0,6,331,600
19.3296379079111, 16.9453,19.4312646067701, 18.1157,5,16.6809,5,10.37929,-0.260224,96.5768,0,6,332,600
19.3486187071539, 16.8976,19.4494097060524, 17.9934,5,16.68113,5,10.33801,-0.347268,93.252304,0,6,333,600
19.3632729067467, 15.2091,19.4629935058765, 15.5431,5,16.67953,5,10.65229,-0.245892,95.306704,0,6,334,600
19.3828664063476, 18.4049,19.4797759051435, 16.5286,5,16.68141,5,10.23412,-0.293392,93.478304,0,6,335,600
19.3966311062686, 15.0071,19.4991313046776, 17.4918,5,16.67959,5,10.60557,-0.265345,96.456304,0,6,336,600
19.4132993067615, 17.7297,19.5133986049332, 14.4051,5,16.68073,5,10.14369,-0.270947,94.8212,0,6,337,600
19.4312646067701, 17.6006,19.5312939048745, 19.6546,5,16.68172,5,9.925392,-0.321145,93.989296,0,6,338,600
19.4494097060524, 16.1541,19.5474034049548, 14.3257,5,16.68115,5,10.54714,-0.476183,94.5544,0,6,339,600
19.4629935058765, 14.7906,19.5636838045903, 17.7688,5,16.67911,5,10.58345,-0.241918,94.155696,0,6,340,600
19.4797759051435, 16.4284,19.5799904041924, 14.7931,5,16.67884,5,10.37584,-0.36355,95.219,0,6,341,600
19.4991313046776, 18.869,19.5961279035546, 18.0363,5,16.6812,5,10.56098,-0.374786,92.897104,0,6,342,600
19.5133986049332, 17.1543,19.6137851034291, 17.7191,5,16.68171,5,10.66842,0.140317,94.228704,0,6,343,600
19.5312939048745, 16.0629,19.6311443042941, 15.6639,5,16.68105,5,10.58025,-0.151965,95.463904,0,6,344,600
19.5474034049548, 17.1732,19.6478530042805, 18.2364,5,16.68157,5,10.54179,-0.599962,94.1606,0,6,345,600
19.5636838045903, 16.1694,19.6634860043414, 13.8472,5,16.68102,5,12.40718,-0.183447,94.8156,0,6,346,600
19.5799904041924, 17.4044,19.680641904939, 18.7358,5,16.6818,5,10.16737,-0.612203,94.3976,0,6,347,600
19.5961279035546, 14.3095,19.6977837053128, 15.5451,5,16.67926,5,12.26716,-0.346269,93.6984,0,6,348,600
19.6137851034291, 18.3452,19.7130700056441, 17.0409,5,16.68104,5,11.10005,-0.033524,95.1556,0,6,349,600
19.6311443042941, 16.7118,19.732215505559, 17.3672,5,16.68107,5,9.999303,-0.748446,94.999904,0,6,350,600
19.6478530042805, 16.8409,19.7469474053942, 16.4224,5,16.68125,5,12.67757,-0.232266,95.8558,0,6,351,600
19.6634860043414, 16.9981,19.7649233057164, 16.2986,5,16.68158,5,10.46472,0.311857,95.1584,0,6,352,600
19.680641904939, 15.8098,19.7806162065826, 17.2665,5,16.68065,5,11.91605,0.166867,94.3902,0,6,353,600
19.6977837053128, 17.3326,19.7993353060447, 17.1772,5,16.68135,5,11.10337,-0.404128,94.890896,0,6,354,600
19.7130700056441, 15.1245,19.8152158069424, 15.9809,5,16.6797,5,12.18774,0.002791,95.742496,0,6,355,600
19.732215505559, 18.3749,19.8310762061737, 17.6764,5,16.68149,5,10.10673,-0.62536,94.1818,0,6,356,600
19.7469474053942, 14.7961,19.8469784068875, 14.0275,5,16.67949,5,9.911228,-0.973947,94.215,0,6,357,600
19.7649233057164, 18.3612,19.863910806831, 18.8619,5,16.68127,5,12.49491,-0.193519,93.406704,0,6,358,600
19.7806162065826, 14.7691,19.881225106772, 15.6208,5,16.67925,5,10.69206,0.416727,95.1074,0,6,359,600
19.7993353060447, 19.3716,19.8971441066824, 17.8104,5,16.6821,5,12.73305,-0.558936,96.0482,0,6,360,600
19.8152158069424, 15.3145,19.9146945062093, 15.3478,5,16.68065,5,12.99472,-0.498761,95.311104,0,6,361,600
19.8310762061737, 17.9149,19.93039320549, 17.1059,5,16.68196,5,12.26177,-0.314207,95.8234,0,6,362,600
19.8469784068875, 16.0011,19.9494881047867, 17.7017,5,16.68124,5,9.618736,-0.954444,95.198896,0,6,363,600
19.863910806831, 16.0161,19.964900305029, 16.9565,5,16.68054,5,12.62486,0.067365,97.206496,0,6,364,600
19.881225106772, 16.627,19.9823374054395, 15.8898,5,16.68048,5,10.67741,-0.753012,94.759904,0,6,365,600
19.8971441066824, 16.7416,19.9977586050518, 17.254,5,16.68055,5,12.36314,-0.300325,96.7354,0,6,366,600
19.9146945062093, 17.0995,20.0157279041596, 16.4744,5,16.68099,5,12.77073,-0.800987,94.890496,0,6,367,600
19.93039320549, 14.5658,20.0307604041882, 16.5733,5,16.67877,5,9.900612,-1.642949,95.067,0,6,368,600
19.9494881047867, 19.0764,20.0487931040116, 16.6295,5,16.68128,5,12.64443,-0.648388,95.116496,0,6,369,600
19.964900305029, 15.3636,20.0649078045972, 17.3385,5,16.6799,5,10.73189,-0.030468,95.0796,0,6,370,600
19.9823374054395, 18.0006,20.080588303972, 16.1554,5,16.68128,5,10.91735,-0.022535,94.921504,0,6,371,600
19.9977586050518, 15.6832,20.0985094034113, 15.8596,5,16.68024,5,11.63799,-0.343527,95.915904,0,6,372,600
20.0157279041596, 17.5487,20.1146019031294, 17.6067,5,16.68114,5,12.26087,-0.373427,94.497504,0,6,373,600
20.0307604041882, 15.1314,20.1306840036996, 15.0866,5,16.67953,5,12.06314,-1.072877,95.1414,0,6,374,600
20.0487931040116, 18.1037,20.1474794042297, 17.9451,5,16.68101,5,10.47073,0.741933,93.1436,0,6,375,600
20.0649078045972, 14.4757,20.1647312049754, 15.4695,5,16.67872,5,12.36373,-0.05497,94.425296,0,6,376,600
20.080588303972, 18.8351,20.1806384050287, 17.4225,5,16.68096,5,10.78868,0.206326,94.3906,0,6,377,600
20.0985094034113, 16.9372,20.1977194049396, 17.5747,5,16.68122,5,13.08847,-0.606598,95.2066,0,6,378,600
20.1146019031294, 16.9338,20.2146315057762, 14.9355,5,16.68149,5,9.20127,-1.129037,97.629296,0,6,379,600
20.1306840036996, 16.3022,20.2302380059846, 17.5841,5,16.68109,5,10.48327,0.07338,96.1332,0,6,380,600
20.1474794042297, 16.3307,20.2484655068256, 16.2955,5,16.68073,5,11.5631,-0.211652,93.730704,0,6,381,600
20.1647312049754, 17.1407,20.2645921059884, 17.9741,5,16.68121,5,10.90814,1.725561,94.485904,0,6,382,600
20.1806384050287, 14.6536,20.2835371051915, 17.0588,5,16.67912,5,13.22292,-0.123675,92.4654,0,6,383,600
20.1977194049396, 18.4798,20.2984618055634, 16.9837,5,16.68097,5,10.30895,0.053664,95.1214,0,6,384,600
20.2146315057762, 16.6106,20.3147871061228, 14.2077,5,16.6809,5,10.10704,-0.599486,95.9786,0,6,385,600
20.2302380059846, 17.2424,20.3307013059966, 17.9973,5,16.68147,5,8.502475,0.116037,94.5812,0,6,386,600
20.2484655068256, 16.5642,20.3473259056918, 14.5432,5,16.68135,5,12.05904,-0.511449,95.0974,0,6,387,600
20.2645921059884, 14.3936,20.3644138048403, 17.0591,5,16.67901,5,10.30639,-0.372111,95.2738,0,6,388,600
20.2835371051915, 18.2985,20.381707503926, 19.1461,5,16.68067,5,12.64316,0.161524,94.570704,0,6,389,600
20.2984618055634, 15.4424,20.3975749048404, 14.045,5,16.6794,5,9.969049,0.460493,93.0754,0,6,390,600
20.3147871061228, 17.9102,20.4142238046043, 18.4262,5,16.68066,5,12.32641,-0.756771,93.839904,0,6,391,600
20.3307013059966, 15.4762,20.4311627051793, 15.6527,5,16.67943,5,10.71528,0.04781,92.489,0,6,392,600
20.3473259056918, 18.1285,20.4474490056746, 17.4247,5,16.68091,5,11.56171,0.438602,95.425904,0,6,393,600
20.3644138048403, 17.0238,20.4644419061951, 15.5286,5,16.68126,5,9.627271,-0.310692,93.4926,0,6,394,600
20.381707503926, 16.2389,20.4816807056777, 17.0026,5,16.68081,5,12.79989,-0.192154,92.4996,0,6,395,600
20.3975749048404, 16.883,20.4972605057992, 15.5503,5,16.68101,5,10.11,-0.630238,95.029504,0,6,396,600
20.4142238046043, 16.7118,20.5148934056051, 19.6302,5,16.68104,5,11.55509,-0.728061,95.439104,0,6,397,600
20.4311627051793, 16.7314,20.5316171054728, 14.798,5,16.68109,5,12.24535,-0.465441,95.326304,0,6,398,600
20.4474490056746, 16.6953,20.5472276057117, 15.7021,5,16.68111,5,10.61604,-0.684264,93.362304,0,6,399,600
20.4644419061951, 16.489,20.5643601058982, 19.0184,5,16.68091,5,12.65606,-0.22322,94.7802,0,6,400,600
20.4816807056777, 16.3286,20.5829644068144, 16.738,5,16.68056,5,10.99614,-4.6E-05,93.9064,0,6,401,600
20.4972605057992, 17.1229,20.5983551065437, 17.0099,5,16.68101,5,12.45486,0.322373,94.660496,0,6,402,600
20.5148934056051, 16.654,20.6145515064709, 14.6898,5,16.68098,5,10.74832,-1.083119,94.0938,0,6,403,600
20.5316171054728, 17.1689,20.6317736073397, 18.5864,5,16.68147,5,10.14835,0.144779,94.336,0,6,404,600
20.5472276057117, 16.314,20.6487445081584, 15.4402,5,16.6811,5,12.02603,-0.237584,93.5666,0,6,405,600
20.5643601058982, 16.6659,20.6644960078411, 17.4196,5,16.68108,5,9.842119,0.115222,95.488896,0,6,406,600
20.5829644068144, 17.0595,20.6809050082229, 16.4927,5,16.68147,5,13.15152,-0.991519,93.034496,0,6,407,600
20.5983551065437, 16.1458,20.6971329073422, 16.4033,5,16.68093,5,10.29788,0.092187,94.823504,0,6,408,600
20.6145515064709, 17.0369,20.7153789079748, 16.2516,5,16.68128,5,10.31728,-0.742899,97.586,0,6,409,600
20.6317736073397, 15.6585,20.7309781075455, 17.5806,5,16.68026,5,11.93222,0.177516,94.256896,0,6,410,600
20.6487445081584, 17.2751,20.7477671080269, 14.8206,5,16.68085,5,11.35311,-0.423634,95.892704,0,6,411,600
20.6644960078411, 14.8659,20.764488008339, 16.6551,5,16.67904,5,11.6799,-0.619853,95.451104,0,6,412,600
20.6809050082229, 16.4873,20.7819429081865, 19.2494,5,16.67885,5,10.89338,0.299505,96.187104,0,6,413,600
20.6971329073422, 18.4947,20.7986327079125, 15.1656,5,16.68066,5,11.57623,-0.040326,92.598496,0,6,414,600
20.7153789079748, 16.2361,20.8149717082269, 17.8713,5,16.68022,5,10.65965,-0.284799,95.915696,0,6,415,600
20.7309781075455, 15.6002,20.8317787074484, 15.1586,5,16.67914,5,12.25599,-0.348924,96.4038,0,6,416,600
20.7477671080269, 18.0003,20.848901506979, 18.7366,5,16.68045,5,9.809826,-0.258033,95.430496,0,6,417,600
20.764488008339, 17.0234,20.864109007176, 13.4342,5,16.6808,5,12.0261,-0.199499,95.019696,0,6,418,600
20.7819429081865, 16.1785,20.8817563070916, 19.4955,5,16.6803,5,11.10862,0.200937,93.8006,0,6,419,600
20.7986327079125, 17.3136,20.8995566065423, 17.8013,5,16.68093,5,12.41183,0.202299,93.7804,0,6,420,600
20.8149717082269, 16.3562,20.9167474056594, 15.3824,5,16.6806,5,10.5023,-0.037789,97.1528,0,6,421,600
20.8317787074484, 17.1332,20.9317792053334, 16.7227,5,16.68105,5,10.29156,-0.646235,92.193104,0,6,422,600
20.848901506979, 16.4904,20.9486664044671, 15.2709,5,16.68086,5,11.8747,-0.632948,95.342704,0,6,423,600
20.864109007176, 16.9069,20.9640050041489, 16.8861,5,16.68109,5,10.17729,-0.371049,92.973104,0,6,424,600
20.8817563070916, 14.6782,20.9818739048205, 18.0505,5,16.67911,5,11.98543,0.101453,95.319,0,6,425,600
20.8995566065423, 19.6653,20.9983546040021, 14.7055,5,16.68206,5,10.94655,-1.227601,95.6986,0,6,426,600
20.9167474056594, 16.251,21.0159414033405, 19.4,5,16.68163,5,12.54825,0.136136,92.026304,0,6,427,600
20.9317792053334, 16.3654,21.0316040026955, 13.9953,5,16.68132,5,10.35365,0.044382,94.6364,0,6,428,600
20.9486664044671, 16.9914,21.0485694031231, 19.3374,5,16.68162,5,9.825201,0.490252,94.765296,0,6,429,600
20.9640050041489, 15.0754,21.0647690030746, 15.4549,5,16.68004,5,11.37536,0.976718,95.6822,0,6,430,600
20.9818739048205, 18.1747,21.0810286025517, 14.502,5,16.68151,5,10.39192,-0.608468,96.9932,0,6,431,600
20.9983546040021, 16.5402,21.0983922029845, 19.1644,5,16.68137,5,10.36105,-0.965989,95.3514,0,6,432,600
21.0159414033405, 16.064,21.1147217038088, 16.1786,5,16.68077,5,11.41268,-0.497926,95.6562,0,6,433,600
21.0316040026955, 17.0259,21.1324552032165, 17.9424,5,16.68111,5,9.378168,-0.300845,95.47,0,6,434,600
21.0485694031231, 15.128,21.1488641030155, 16.4389,5,16.67959,5,12.68129,0.050795,98.1264,0,6,435,600
21.0647690030746, 18.2826,21.1656590024941, 16.6404,5,16.68115,5,11.32973,-0.489849,93.0942,0,6,436,600
21.0810286025517, 16.2591,21.1823312020861, 16.5638,5,16.68074,5,12.54354,0.076692,96.4746,0,6,437,600
21.0983922029845, 16.6109,21.2003341014497, 16.4325,5,16.68067,5,10.627,-1.38335,93.3738,0,6,438,600
21.1147217038088, 14.7648,21.215942801442, 17.4055,5,16.67881,5,11.81655,-0.447665,96.424,0,6,439,600
21.1324552032165, 18.8082,21.231595301535, 13.7756,5,16.68088,5,10.65601,-0.132133,93.2364,0,6,440,600
21.1488641030155, 15.3278,21.2486133011989, 18.7079,5,16.67956,5,11.87675,-0.918276,94.909904,0,6,441,600
21.1656590024941, 18.8385,21.265837400686, 15.74,5,16.68166,5,11.78846,-1.020287,93.509,0,6,442,600
21.1823312020861, 14.4812,21.2817778005265, 17.5286,5,16.67953,5,12.36673,-0.197922,94.744704,0,6,443,600
21.2003341014497, 18.2755,21.2985712005757, 15.0945,5,16.68107,5,10.97168,0.100008,94.9678,0,6,444,600
21.215942801442, 16.9516,21.3155190008692, 18.6258,5,16.68134,5,12.74309,-0.241105,93.291696,0,6,445,600
21.231595301535, 16.7889,21.3326805005781, 15.3795,5,16.68144,5,11.62502,0.567489,95.032096,0,6,446,600
21.2486133011989, 16.2075,21.3483015005477, 17.4433,5,16.68098,5,10.02289,0.097891,95.2528,0,6,447,600
21.265837400686, 16.5452,21.3648907006718, 16.7681,5,16.68085,5,11.94711,-0.509026,93.185104,0,6,448,600
21.2817778005265, 16.7169,21.3818932999857, 15.0405,5,16.68089,5,8.019111,-0.002924,96.778096,0,6,449,600
21.2985712005757, 17.1387,21.3989526000805, 18.8784,5,16.68133,5,11.29871,-0.60561,92.6202,0,6,450,600
21.3155190008692, 16.2082,21.4153028004803, 16.4293,5,16.68087,5,11.80233,-0.537861,97.0042,0,6,451,600
21.3326805005781, 16.4263,21.4315837011673, 14.3578,5,16.68063,5,10.73092,-0.075506,95.2326,0,6,452,600
21.3483015005477, 15.6963,21.448845800478, 19.2897,5,16.67968,5,11.83101,-0.222042,95.3644,0,6,453,600
21.3648907006718, 18.8491,21.465458700899, 14.6907,5,16.68176,5,10.65126,-0.52661,95.211904,0,6,454,600
21.3818932999857, 15.9594,21.483902700711, 20.343,5,16.68107,5,12.62631,-0.34446,95.033904,0,6,455,600
21.3989526000805, 14.676,21.4986932002939, 12.9044,5,16.67915,5,10.31914,-0.094668,93.7314,0,6,456,600
21.4153028004803, 18.6738,21.5157628995366, 18.8048,5,16.68106,5,10.44431,-0.261644,93.915,0,6,457,600
21.4315837011673, 17.1109,21.5345319998451, 16.9583,5,16.68147,5,10.55656,-0.325652,94.0652,0,6,458,600
21.448845800478, 16.7478,21.5495482995175, 16.5694,5,16.68153,5,12.32647,-0.255124,94.577904,0,6,459,600
21.465458700899, 16.2581,21.5660993992351, 14.956,5,16.68113,5,10.14644,0.352468,95.301,0,6,460,600
21.483902700711, 16.4778,21.5827136985026, 16.6603,5,16.68093,5,12.25895,-0.667065,98.074704,0,6,461,600
21.4986932002939, 17.5435,21.598797399085, 17.6939,5,16.68176,5,12.42162,-0.200397,93.140704,0,6,462,600
21.5157628995366, 14.5597,21.6154363988899, 15.0814,5,16.67974,5,10.43863,0.198244,94.281,0,6,463,600
21.5345319998451, 18.1509,21.6326774987392, 18.8647,5,16.68114,5,11.44386,0.493739,93.079504,0,6,464,600
21.5495482995175, 14.7278,21.6500307987444, 17.501,5,16.67928,5,10.8634,-0.19749,94.8612,0,6,465,600
21.5660993992351, 18.6996,21.6656239987351, 13.7655,5,16.6812,5,12.13126,0.35508,96.688704,0,6,466,600
21.5827136985026, 17.0336,21.6822641980834, 18.1737,5,16.68153,5,10.03176,-0.925994,91.7564,0,6,467,600
21.598797399085, 16.588,21.6990918987431, 15.3863,5,16.68144,5,11.55509,-0.162014,96.973696,0,6,468,600
21.6154363988899, 16.5828,21.7157476996072, 18.3662,5,16.68135,5,10.53532,-0.430629,93.568096,0,6,469,600
21.6326774987392, 15.4465,21.7327371002175, 17.2725,5,16.68018,5,9.969994,0.622713,93.5202,0,6,470,600
21.6500307987444, 18.604,21.7483615004458, 13.671,5,16.682,5,12.86781,-0.252623,96.0836,0,6,471,600
21.6656239987351, 15.2409,21.7667283010669, 20.4577,5,16.68064,5,10.42273,-0.162536,92.207504,0,6,472,600
21.6822641980834, 16.9821,21.7824117005803, 13.5782,5,16.68092,5,12.32489,0.459025,95.256496,0,6,473,600
21.6990918987431, 17.3837,21.7998370011337, 17.3341,5,16.68159,5,9.753523,-0.064639,93.511504,0,6,474,600
21.7157476996072, 14.9522,21.8158932016231, 17.5152,5,16.67996,5,12.17164,-0.832074,94.677104,0,6,475,600
21.7327371002175, 18.5784,21.8321771011688, 14.702,5,16.68174,5,10.25307,0.296947,93.174704,0,6,476,600
21.7483615004458, 16.4899,21.8498357017525, 19.5386,5,16.68156,5,9.702839,-0.584413,95.6632,0,6,477,600
21.7667283010669, 15.8628,21.8657122016884, 14.1173,5,16.68079,5,11.97877,-0.803783,96.083296,0,6,478,600
21.7824117005803, 17.3853,21.8826165017672, 18.5505,5,16.68146,5,11.11855,-0.855371,93.9576,0,6,479,600
21.7998370011337, 17.052,21.8997679022141, 15.5495,5,16.6818,5,11.77271,-0.838296,94.2236,0,6,480,600
21.8158932016231, 16.4923,21.9169397023506, 18.9807,5,16.68163,5,12.62188,-1.192175,95.559104,0,6,481,600
21.8321771011688, 16.9272,21.9343830016442, 17.3493,5,16.68185,5,12.92787,0.191856,93.641104,0,6,482,600
21.8498357017525, 15.1815,21.9490967015736, 13.0534,5,16.68045,5,10.8966,-0.302823,95.254896,0,6,483,600
21.8657122016884, 17.776,21.9654260012321, 18.042,5,16.68148,5,12.94417,-0.170733,95.1092,0,6,484,600
21.8826165017672, 15.9882,21.9825493018143, 17.3234,5,16.68083,5,11.25344,0.456063,93.4418,0,6,485,600
21.8997679022141, 16.9657,21.9996481011622, 15.0473,5,16.68109,5,11.63902,-0.553723,96.762304,0,6,486,600
21.9169397023506, 14.8978,22.0161290015094, 16.5113,5,16.67943,5,11.87853,-0.559609,92.551504,0,6,487,600
21.9343830016442, 18.3659,22.0325332018547, 18.2196,5,16.681,4,10.49174,-1.033495,95.9118,0,5,488,2147483647
21.9490967015736, 16.478,22.0491422018968, 14.8108,5,16.68081,3,11.28642,-0.760459,93.476704,0,4,489,2147483647
21.9654260012321, 15.0018,22.0656189019792, 18.3222,5,16.67925,5,10.49611,-0.149375,97.480304,0,3,490,2147483647
21.9825493018143, 19.1212,22.0822729016654, 14.9102,5,16.68152,5,10.9465,-0.652067,94.671296,0,6,491,600
21.9996481011622, 16.0452,22.0997813022695, 19.4127,5,16.68093,5,9.393359,-0.915806,93.4772,0,6,492,600
22.0161290015094, 16.4174,22.1157499025576, 13.9747,5,16.68069,5,12.75768,-0.313666,50.4586,0,6,493,600
22.0325332018547, 16.8208,22.1321097030304, 20.824,5,16.68082,5,10.58027,0.087109,68.4174,0,6,494,600
22.0491422018968, 17.3945,22.1495518027805, 14.5856,5,16.68148,5,12.82081,0.425764,81.3606,0,6,495,600
22.0656189019792, 16.3465,22.1664021029137, 15.1516,5,16.68117,5,11.25047,0.087726,96.003904,0,6,496,600
22.1321097030304, 59.0007,22.1823625038378, 15.9821,5,16.72021,5,10.66549,-0.199839,93.8688,0,6,497,600
22.1321097030304, 0.7748,22.1994303031825, 18.7323,2,16.70551,5,10.06434,0.895832,94.491904,0,6,498,600
22.1321097030304, 2.0238,22.216017102357, 14.9668,3,16.69199,5,9.581874,0.22269,95.729504,0,6,499,600
22.1321097030304, 4.0817,22.2328981026076, 18.7252,4,16.68039,5,10.15864,-0.122171,92.7044,0,6,500,600
22.1495518027805, 17.0662,22.249579501804, 14.9316,5,16.68074,5,10.23817,0.230435,94.927696,0,6,501,600
22.1664021029137, 17.0563,22.267396602314, 17.6791,5,16.68109,5,9.11471,-0.804633,92.513296,0,6,502,600
22.1823625038378, 16.3934,22.2830238020979, 17.6305,5,16.68083,5,9.797871,0.17205,93.552496,0,6,503,600
22.1994303031825, 17.7073,22.2997045028023, 14.6825,5,16.68177,5,10.44366,0.198079,96.531904,0,6,504,600
22.216017102357, 15.9158,22.3160598031245, 18.1383,5,16.68106,5,9.903433,-0.759177,93.851504,0,6,505,600
22.2328981026076, 17.0963,22.3326738025062, 14.6817,5,16.68144,5,12.78135,-0.218182,94.6438,0,6,506,600
22.249579501804, 16.2841,22.3498124028556, 17.3232,5,16.68108,5,10.15002,0.077723,93.810704,0,6,507,600
22.267396602314, 16.1947,22.3674389026128, 19.1742,5,16.68064,5,11.89098,-0.615785,95.430704,0,6,508,600
22.2830238020979, 16.0533,22.3822438023053, 13.3724,5,16.68007,5,11.22108,-0.452648,94.3334,0,6,509,600
22.2997045028023, 17.4895,22.3990770014934, 18.2818,5,16.6808,5,12.28258,-0.503532,95.061104,0,6,510,600
22.3160598031245, 17.103,22.4168388019316, 16.2693,5,16.68119,5,10.33199,-0.105889,93.1416,0,6,511,600
22.3326738025062, 16.5654,22.4330793018453, 18.185,5,16.68108,5,12.58475,-0.242395,94.9474,0,6,512,600
22.3498124028556, 16.8828,22.4492444018833, 15.7852,5,16.68127,5,10.51243,-0.213415,93.833,0,6,513,600
22.3674389026128, 15.6376,22.4671947020106, 16.3654,5,16.68032,5,12.34119,-0.786447,98.295,0,6,514,600
22.3822438023053, 18.0378,22.4833491011523, 16.1194,5,16.68155,5,10.06089,-0.065271,93.712304,0,6,515,600
22.3990770014934, 16.5896,22.4998412015848, 18.4017,5,16.68147,5,12.21692,-0.148088,93.651504,0,6,516,600
22.4168388019316, 16.5227,22.5171619015746, 15.4004,5,16.68132,5,10.43955,-0.217294,98.0282,0,6,517,600
22.4330793018453, 14.0901,22.5335100009106, 18.5517,5,16.67898,5,12.81857,-0.362389,93.8906,0,6,518,600
22.4492444018833, 18.9497,22.5500180008821, 14.367,5,16.68103,5,10.15279,-0.711616,95.447696,0,6,519,600
22.4671947020106, 16.3083,22.5663670017384, 16.2471,5,16.68069,5,12.23899,-0.780632,93.741,0,6,520,600
22.4833491011523, 15.9407,22.5849967016838, 20.317,5,16.68003,5,10.31979,-0.05711,96.66,0,6,521,600
22.4998412015848, 17.4219,22.6000498016365, 13.2881,5,16.68069,5,12.41662,-0.027941,95.1358,0,6,522,600
22.5171619015746, 16.4132,22.6161338021047, 17.9667,5,16.68045,5,10.84373,-0.884593,94.643696,0,6,523,600
22.5335100009106, 16.5095,22.6327622015961, 14.8093,5,16.6803,5,12.72301,-0.502463,96.435104,0,6,524,600
22.5500180008821, 16.4978,22.6497721024789, 19.4091,5,16.68014,5,10.31474,0.171332,94.5126,0,6,525,600
22.5663670017384, 17.1658,22.6660191030242, 15.6418,5,16.68057,5,11.85149,-1.080077,94.409504,0,6,526,600
22.5849967016838, 16.7374,22.6839355030097, 16.2448,5,16.68062,5,10.83806,-0.707336,95.834,0,6,527,600
22.6000498016365, 17.0474,22.7008931026794, 18.8386,5,16.68095,5,12.48257,-0.097867,96.367104,0,6,528,600
22.6161338021047, 16.9745,22.7178675034083, 15.0524,5,16.68122,5,9.938677,-0.159955,96.0484,0,6,529,600
22.6327622015961, 16.3518,22.7326088030823, 16.2482,5,16.68092,5,10.89384,1.503169,92.982896,0,6,530,600
22.6497721024789, 14.2195,22.749792302493, 15.6438,5,16.67872,5,12.63357,-0.179772,94.875504,0,6,531,600
22.6660191030242, 18.473,22.7671424024738, 19.0056,5,16.68032,5,9.970955,0.283499,92.9298,0,6,532,600
22.6839355030097, 17.4752,22.7839212031104, 17.1561,5,16.68103,5,12.09843,-0.8084,95.376096,0,6,533,600
22.7008931026794, 16.7101,22.7997071039863, 13.6439,5,16.68106,5,8.420672,-0.30963,96.5972,0,6,534,600
22.7178675034083, 17.3484,22.8167440039106, 19.2412,5,16.68165,5,10.2889,-0.382399,94.865504,0,6,535,600
22.7326088030823, 17.0388,22.8339849044569, 15.093,5,16.68197,5,9.7131,1.528232,94.1588,0,6,536,600
22.749792302493, 16.1988,22.8504765038379, 18.6446,5,16.68154,5,12.70723,-0.624037,96.633104,0,6,537,600
22.7671424024738, 14.2687,22.8681196034886, 15.4893,5,16.6794,5,12.1425,-0.617806,95.4614,0,6,538,600
22.7839212031104, 18.0917,22.8824942032807, 16.3601,5,16.68065,5,12.33807,-0.953237,96.673296,0,6,539,600
22.7997071039863, 17.2084,22.9008594038896, 16.5013,5,16.68112,5,8.519437,1.555163,94.943904,0,6,540,600
22.8167440039106, 16.1419,22.9173086038791, 18.6153,5,16.68064,5,12.49451,-0.466684,97.893296,0,6,541,600
22.8339849044569, 16.5043,22.9347655042075, 15.3326,5,16.68048,5,10.60734,0.221515,93.4034,0,6,542,600
22.8504765038379, 15.6176,22.9495724043809, 16.8294,5,16.67954,5,13.03384,-0.329588,94.2166,0,6,543,600
22.8681196034886, 18.2969,22.9681701040827, 16.5671,5,16.68097,5,8.610584,-0.618585,96.175504,0,6,544,600
22.8824942032807, 14.8435,22.9839115045033, 17.7935,5,16.67935,5,12.38698,-0.801107,95.276096,0,6,545,600
22.9008594038896, 18.2183,22.9998719054274, 13.7275,5,16.68071,5,10.24319,-0.698387,95.0826,0,6,546,600
22.9173086038791, 15.3526,23.0159910055809, 16.1657,5,16.67954,5,10.46348,-0.650665,93.934,0,6,547,600
22.9347655042075, 18.3127,23.0344966049306, 20.271,5,16.68098,5,12.61421,-0.15101,95.043904,0,6,548,600
22.9495724043809, 15.3842,23.0508404052816, 14.4845,5,16.67983,5,10.81699,-0.619706,92.7374,0,6,549,600
22.9681701040827, 18.0947,23.0667235045694, 17.9008,5,16.68108,5,12.71416,-0.706914,95.6692,0,6,550,600
22.9839115045033, 16.1074,23.0836424040608, 14.9589,5,16.68057,5,11.04671,0.29423,93.168304,0,6,551,600
22.9998719054274, 17.8915,23.1007928042673, 19.0009,5,16.68164,5,9.896006,-0.514863,95.652,0,6,552,600
23.0159910055809, 15.5903,23.1159747042693, 13.2836,5,16.68068,4,12.68351,0.703394,94.331696,0,5,553,2147483647
23.0344966049306, 16.8607,23.1335887038149, 19.7923,5,16.68084,3,12.54397,0.663259,95.197296,0,4,554,2147483647
23.0508404052816, 17.6109,23.1507030040957, 15.1097,5,16.68165,5,9.668063,0.755971,98.337904,0,5,555,2147483647
23.0667235045694, 15.5252,23.1669335034676, 18.0085,5,16.68064,5,12.43181,0.110565,94.964704,0,6,556,600
23.0836424040608, 16.6888,23.1839904026128, 15.3682,5,16.68065,5,9.465341,0.336041,95.2712,0,6,557,600
23.1007928042673, 16.4162,23.1994615024887, 17.2823,5,16.68042,5,11.22863,-0.59694,54.6565,0,6,558,600
23.1159747042693, 17.3247,23.2173012024723, 20.4643,5,16.68098,5,9.362635,-0.559631,72.4178,0,6,559,600
23.1335887038149, 16.2962,23.2332009016536, 12.9227,5,16.68064,5,10.00316,0.061004,83.300096,0,6,560,600
23.1507030040957, 16.6364,23.2500372021459, 16.9433,5,16.68061,5,11.44094,0.703222,95.644896,0,6,561,600
23.1994615024887, 55.4928,23.2666475023143, 14.8776,5,16.71438,5,10.71553,-0.151436,98.146304,0,6,562,600
23.1994615024887, 0.8703,23.2835770021193, 18.631,3,16.70061,5,12.564,-0.797874,93.4726,0,6,563,600
23.2173012024723, 4.7752,23.3008354022168, 15.7184,4,16.69025,5,10.26108,-0.814244,93.205904,0,6,564,600
23.2173012024723, 5.9882,23.3175728018396, 18.2715,4,16.68096,5,9.606236,1.416846,94.941696,0,6,565,600
23.2332009016536, 14.9017,23.3348437021486, 17.4037,5,16.67941,5,9.997574,-0.610852,95.241,0,6,566,600
23.2500372021459, 18.5704,23.3505619014613, 13.896,5,16.68105,5,12.87154,0.780815,96.734,0,6,567,600
23.2666475023143, 16.7679,23.36714240117, 16.501,5,16.68113,5,11.03465,-0.57662,95.2284,0,6,568,600
23.2835770021193, 16.7525,23.3839178006165, 18.4881,5,16.68119,5,10.44345,-0.595626,93.7012,0,6,569,600
23.3008354022168, 16.4852,23.400290499907, 16.7839,5,16.68102,5,10.42609,0.561682,93.454496,0,6,570,600
23.3175728018396, 14.7472,23.4186154990457, 16.2403,5,16.67935,5,9.45442,0.426453,97.2606,0,6,571,600
23.3348437021486, 18.6246,23.4336765990593, 17.1184,5,16.68103,5,10.61303,-0.94007,93.8748,0,6,572,600
23.3505619014613, 16.3586,23.4506088984199, 14.8315,5,16.68075,5,12.49752,-0.898423,96.2078,0,6,573,600
23.36714240117, 16.6884,23.4670502976514, 16.4413,5,16.68076,5,11.05665,0.038263,95.821104,0,6,574,600
23.3839178006165, 14.7024,23.4838101980276, 18.5081,5,16.67905,5,9.74797,-0.629281,96.532496,0,6,575,600
23.400290499907, 18.4362,23.5006574974395, 15.0505,5,16.68056,5,10.88952,0.594918,95.6802,0,6,576,600
23.4186154990457, 16.5228,23.5176437967457, 18.8555,5,16.68043,5,11.03624,0.027308,96.8572,0,6,577,600
23.4336765990593, 16.7328,23.5354622961022, 16.3457,5,16.68048,5,10.23108,-0.344237,93.3522,0,6,578,600
23.4506088984199, 16.2391,23.5509266960435, 16.9504,5,16.6801,5,12.50268,-0.76281,96.891696,0,6,579,600
23.4670502976514, 17.3819,23.5672253961675, 16.5384,5,16.6807,5,9.499392,-1.279434,93.006704,0,6,580,600
23.4838101980276, 16.5992,23.5839996966533, 17.7671,5,16.68063,5,11.88654,-0.332433,95.4492,0,6,581,600
23.5006574974395, 17.1022,23.6005238960497, 13.5972,5,16.68099,5,10.80451,0.339705,96.5588,0,6,582,600
23.5176437967457, 16.7952,23.6188137955032, 20.3339,5,16.68109,5,12.68983,0.365163,96.0308,0,6,583,600
23.5354622961022, 16.8664,23.6336853955872, 12.9816,5,16.68124,5,11.33733,-0.609911,95.525,0,6,584,600
23.5509266960435, 14.343,23.6506322962232, 16.7849,5,16.67925,5,10.2969,-0.178056,94.196,0,6,585,600
23.5672253961675, 16.7068,23.6686375965364, 17.8165,5,16.67927,5,11.31424,0.272362,94.402304,0,6,586,600
23.5839996966533, 18.7855,23.684856895823, 18.2569,5,16.68107,5,9.761311,-1.095693,95.1054,0,6,587,600
23.6005238960497, 16.0605,23.7024435964413, 15.5546,5,16.68054,5,12.60236,-0.252441,95.4594,0,6,588,600
23.6188137955032, 16.8559,23.717974696774, 15.5342,5,16.68069,5,10.54614,-0.585436,96.754,0,6,589,600
23.6336853955872, 17.1734,23.7335748965852, 17.372,5,16.68111,5,11.67829,-1.033729,94.3816,0,6,590,600
23.6506322962232, 16.6803,23.7526911958121, 17.3834,5,16.68111,5,11.32094,-0.277224,96.3452,0,6,591,600
23.6686375965364, 16.784,23.7678724960424, 17.1377,5,16.68119,5,10.63954,-0.075299,94.0846,0,6,592,600
23.684856895823, 15.2005,23.784541296307, 16.5048,5,16.67994,5,10.89413,0.914147,95.0234,0,6,593,600
23.7024435964413, 17.6904,23.8015526966192, 15.308,5,16.68079,5,11.27902,0.09485,97.7976,0,6,594,600
23.717974696774, 16.628,23.8184526958503, 18.5911,5,16.68075,5,10.6932,-0.624204,94.5694,0,6,595,600
23.7335748965852, 15.5926,23.833604995627, 13.3321,5,16.67983,5,10.19695,-0.415959,95.230896,0,6,596,600
23.7526911958121, 17.1448,23.8515364960767, 18.0831,5,16.68022,5,10.89565,0.212503,95.9604,0,6,597,600
23.7678724960424, 14.8471,23.8672157959081, 17.6215,5,16.67867,5,9.900904,-0.654236,93.110496,0,6,598,600
23.784541296307, 18.8785,23.8847772968002, 15.6498,5,16.68053,5,12.56106,0.343382,95.6054,0,6,599,600
23.8015526966192, 17.1864,23.9009046969004, 17.8475,5,16.68096,5,10.3747,-0.668864,94.163696,0,6,600,600
23.8184526958503, 16.6493,23.9184852973558, 17.3785,5,16.68093,4,11.43574,0.05185,84.525296,0,6,0,600
23.833604995627, 16.2395,23.9335161973722, 13.3897,5,16.68056,4,10.30672,0.504779,76.2426,0,5,1,2147483647
23.8515364960767, 16.6454,23.9509790972807, 19.14,5,16.68053,4,11.64706,-0.5013,78.1254,0,5,2,2147483647
23.8672157959081, 16.3801,23.9676067964174, 14.9381,5,16.68028,4,11.22145,0.014998,80.352,0,5,3,2147483647
23.8847772968002, 16.9742,23.9845197969116, 16.8563,5,16.68052,4,10.20112,-0.386982,76.085504,0,5,4,2147483647
23.9009046969004, 15.8099,23.9845197969116, 6.2888,5,16.67979,4,9.9239,-0.360322,75.6308,0,5,5,2147483647
23.9184852973558, 18.1957,24.0006753974594, 9.9119,5,16.68106,4,10.7174,-0.764366,78.4966,0,5,6,2147483647
23.9335161973722, 16.1273,24.0169774969108, 18.0102,5,16.6806,4,10.14258,0.430302,80.5078,0,5,7,2147483647
23.9509790972807, 15.0527,24.035767196212, 17.2793,5,16.67924,4,10.35042,-0.55851,77.887104,0,5,8,2147483647
23.9676067964174, 18.8617,24.0505377962254, 14.5948,5,16.68106,4,10.45777,0.663368,77.521,0,5,9,2147483647
23.9845197969116, 19.0016,24.0670388969593, 18.5466,5,16.683,4,10.5083,0.071109,78.1718,0,5,10,2147483647
24.0006753974594, 13.5811,24.0855218968354, 16.4468,4,16.68041,4,9.84971,-0.509215,76.776704,0,5,11,2147483647
24.0169774969108, 17.0602,24.1026402967982, 19.0713,4,16.68073,4,10.37493,-0.501201,78.867696,0,5,12,2147483647
24.035767196212, 16.4974,24.1185379973613, 13.8762,4,16.68057,4,11.19759,0.158105,76.6412,0,5,13,2147483647
24.0505377962254, 16.8451,24.1341122970916, 16.4794,4,16.68071,4,10.27102,-0.599727,78.0924,0,5,14,2147483647
24.0670388969593, 16.5091,24.1504305978306, 17.1592,4,16.68057,4,11.868,-0.227433,75.8092,0,5,15,2147483647
24.0855218968354, 16.9624,24.167589197401, 15.5671,4,16.6808,4,10.60349,0.024851,77.0386,0,5,16,2147483647
24.1026402967982, 16.3926,24.1844790973701, 18.4838,4,16.68056,4,11.81823,-1.04132,79.0144,0,5,17,2147483647
24.1185379973613, 17.0961,24.2010904964991, 14.869,4,16.68091,4,11.07533,0.506482,76.307904,0,5,18,2147483647
24.1341122970916, 16.7764,24.2175478958525, 18.2275,4,16.68099,4,10.17995,-0.058193,78.6958,0,5,19,2147483647
24.1504305978306, 16.679,24.2337367967702, 14.3952,4,16.68099,4,11.92822,0.496552,75.9278,0,5,20,2147483647
24.167589197401, 16.5532,24.2514457968064, 17.7828,4,16.68088,4,11.02312,0.477944,78.118096,0,5,21,2147483647
24.1844790973701, 16.7376,24.2684681960382, 18.7127,4,16.68093,4,11.41089,0.098976,76.999296,0,5,22,2147483647
24.2010904964991, 17.36,24.2848312952556, 14.6536,4,16.68149,4,10.11655,-0.687224,75.041904,0,5,23,2147483647
24.2175478958525, 15.9952,24.3014107947238, 18.3826,4,16.68092,4,9.740056,-0.728683,76.2212,0,5,24,2147483647
24.2337367967702, 17.0362,24.3174791955389, 14.2685,4,16.68122,4,9.434024,-0.327012,75.710704,0,5,25,2147483647
24.2514457968064, 16.4341,24.3342898958363, 18.6238,4,16.68101,4,11.90942,0.259781,77.539296,0,5,26,2147483647
24.2684681960382, 17.2818,24.3502309960313, 16.1629,4,16.68151,4,10.59038,-0.542976,76.787104,0,5,27,2147483647
24.2848312952556, 17.4036,24.3675624956377, 15.4454,4,16.6821,4,12.73101,-0.562582,76.0376,0,5,28,2147483647
24.3014107947238, 17.4991,24.3843891960569, 18.678,4,16.68277,4,12.35122,-0.309694,78.494,0,5,29,2147483647
24.3174791955389, 15.949,24.4017222956754, 15.4385,4,16.68217,4,9.885676,-0.700837,75.138304,0,5,30,2147483647
24.3342898958363, 14.9291,24.4185956963338, 16.7575,4,16.68073,4,12.52478,-0.372331,76.176496,0,5,31,2147483647
24.3502309960313, 18.5021,24.4346830961294, 17.75,4,16.68222,4,10.77679,0.15356,78.384096,0,5,32,2147483647
24.3675624956377, 16.6985,24.4520483952947, 15.9578,4,16.68224,4,11.80494,-0.925854,77.795904,0,5,33,2147483647
24.3843891960569, 16.2789,24.4691302948631, 18.7264,4,16.68191,4,11.06343,0.017989,79.198496,0,5,34,2147483647
24.4017222956754, 17.1745,24.4847493949346, 13.8184,4,16.68231,4,12.21814,0.062484,75.632496,0,5,35,2147483647
24.4185956963338, 17.3383,24.5015992945991, 18.3756,4,16.68284,4,11.89735,-1.010493,79.794304,0,5,36,2147483647
24.4346830961294, 13.6984,24.5189964952879, 15.9062,4,16.68041,4,13.02891,-0.554063,76.2686,0,5,37,2147483647
24.4520483952947, 17.7729,24.534526895266, 17.1839,4,16.6813,4,10.07732,1.346638,79.8564,0,5,38,2147483647
24.4691302948631, 15.5395,24.5513940951787, 16.9423,4,16.68037,4,11.95769,0.065754,75.7252,0,5,39,2147483647
24.4847493949346, 17.8165,24.5675124949776, 14.25,4,16.6813,4,12.94326,-0.409811,77.8314,0,5,40,2147483647
24.5015992945991, 16.0171,24.585792595055, 20.1792,4,16.68075,4,10.60196,0.076663,79.087104,0,5,41,2147483647
24.5189964952879, 17.255,24.6013132953085, 13.7286,4,16.68122,4,10.54755,0.423579,75.947296,0,5,42,2147483647
24.534526895266, 15.1544,24.6181623958983, 18.7431,4,16.67998,4,10.21761,-0.505979,78.352304,0,5,43,2147483647
24.5513940951787, 19.2112,24.6350329951383, 15.0789,4,16.68204,4,12.21154,-0.782933,77.339504,0,5,44,2147483647
24.5675124949776, 14.8952,24.6522016958334, 17.0011,4,16.68059,4,10.30502,-1.22807,78.457696,0,5,45,2147483647
24.585792595055, 17.1972,24.6688599963672, 18.4526,4,16.68101,4,11.54658,0.370084,79.6418,0,5,46,2147483647
24.6013132953085, 17.61,24.685118295718, 14.4705,4,16.68176,4,10.80823,-0.746876,77.974896,0,5,47,2147483647
24.6181623958983, 16.1358,24.7019672957249, 18.5405,4,16.68131,4,10.99527,-0.695292,79.651,0,5,48,2147483647
24.6350329951383, 16.4536,24.7190411952324, 15.4402,4,16.68113,4,11.27062,-0.607631,77.480704,0,5,49,2147483647
24.6522016958334, 15.6522,24.7344651953317, 16.7709,4,16.6803,4,11.70088,0.172614,80.299,0,5,50,2147483647
24.6688599963672, 16.876,24.7521667950787, 18.0591,4,16.68046,4,10.80039,0.140218,77.1004,0,5,51,2147483647
24.685118295718, 17.021,24.7689772942103, 15.3544,4,16.68073,4,12.66383,-0.157479,78.0912,0,5,52,2147483647
24.7019672957249, 16.4346,24.7855951939709, 18.1098,4,16.68053,4,12.69139,-0.033405,78.7358,0,5,53,2147483647
24.7190411952324, 17.5624,24.8027168945409, 15.3921,4,16.68124,4,10.11878,0.413991,76.334096,0,5,54,2147483647
24.7344651953317, 14.6292,24.8186314948834, 17.4484,4,16.67959,4,11.62808,-1.091761,78.808496,0,5,55,2147483647
24.7521667950787, 17.8962,24.8349440940656, 14.6963,4,16.68057,4,10.44191,-0.101224,78.741,0,5,56,2147483647
24.7689772942103, 16.6294,24.8518703938462, 17.6201,4,16.68053,4,11.96941,1.012189,77.3134,0,5,57,2147483647
24.7855951939709, 18.052,24.8692271937616, 18.6962,4,16.68163,4,9.911661,1.532781,78.2668,0,5,58,2147483647
24.8027168945409, 15.6881,24.8844460933469, 13.286,4,16.68083,4,13.16352,-0.194475,77.444496,0,5,59,2147483647
24.8186314948834, 16.6178,24.9029020941816, 19.0922,4,16.68078,4,10.34391,0.075394,78.151696,0,5,60,2147483647
24.8349440940656, 16.5072,24.9184510945342, 16.4394,4,16.68064,4,9.222819,-1.253525,78.890896,0,5,61,2147483647
24.8518703938462, 16.3363,24.9348293947987, 14.9089,4,16.68037,4,10.52487,-0.086449,77.1034,0,5,62,2147483647
24.8692271937616, 17.3826,24.9516836940311, 18.3355,4,16.68093,4,10.47861,-0.279694,78.214096,0,5,63,2147483647
24.8844460933469, 16.3808,24.9687166935764, 15.5583,4,16.68069,4,11.89682,0.626593,79.468304,0,5,64,2147483647
24.9029020941816, 17.2478,24.9852228942327, 17.9546,4,16.68114,4,11.69015,-0.385281,77.362496,0,5,65,2147483647
24.9184510945342, 15.7289,25.0015630940907, 16.4679,4,16.68038,4,10.32139,-0.12195,78.4194,0,5,66,2147483647
24.9348293947987, 17.6271,25.0190514936112, 15.8395,4,16.68114,4,12.29851,-0.630457,77.6148,0,5,67,2147483647
24.9516836940311, 16.205,25.0348793934099, 17.3151,4,16.68076,4,9.576681,-1.020845,80.263504,0,5,68,2147483647
24.9687166935764, 17.4167,25.0532564925961, 18.6709,4,16.68134,4,12.26555,-0.3161,79.3936,0,5,69,2147483647
24.9852228942327, 15.4281,25.0684321927838, 13.3356,4,16.68035,4,9.601057,-0.679942,76.0012,0,5,70,2147483647
25.0015630940907, 17.9321,25.085777991917, 18.9756,4,16.68134,4,10.83224,0.402884,78.3512,0,5,71,2147483647
25.0190514936112, 16.1184,25.1028180918656, 15.3131,4,16.6809,4,13.0166,0.101477,79.8496,0,5,72,2147483647
25.0348793934099, 15.4477,25.1189229912125, 18.0968,4,16.67992,4,10.52864,0.208397,78.545504,0,5,73,2147483647
25.0532564925961, 18.0394,25.1353983911686, 17.1713,4,16.681,4,11.03122,0.203833,79.454496,0,5,74,2147483647
25.0684321927838, 16.9435,25.1515396903269, 13.5484,4,16.6812,4,9.769723,-0.117529,78.8106,0,5,75,2147483647
25.085777991917, 16.9327,25.1686450908892, 19.2847,4,16.6814,4,10.011,0.445045,78.6054,0,5,76,2147483647
25.1028180918656, 15.6994,25.1860666903667, 17.1951,4,16.68063,4,10.05137,-0.567729,79.695904,0,5,77,2147483647
25.1189229912125, 15.5459,25.2022274895571, 14.2424,4,16.67973,4,10.17043,-0.238265,77.455104,0,5,78,2147483647
25.1353983911686, 17.9173,25.2192396889441, 18.8259,4,16.68071,4,10.41236,0.303095,77.941104,0,5,79,2147483647
25.1515396903269, 16.6828,25.2370381890796, 16.0385,4,16.68071,4,9.685429,-0.437687,79.2736,0,5,80,2147483647
25.1686450908892, 15.1041,25.2520704888739, 14.8989,4,16.67947,4,12.59466,-0.369738,77.192496,0,5,81,2147483647
25.1860666903667, 17.8991,25.2695065890439, 18.989,4,16.68043,4,10.5654,-0.080023,76.4706,0,5,82,2147483647
25.2022274895571, 17.3467,25.2861380898394, 15.1055,4,16.68095,4,11.50689,0.41045,77.849904,0,5,83,2147483647
25.2192396889441, 16.6955,25.3016630900092, 17.1811,4,16.68096,4,10.65934,-0.653821,80.104496,0,5,84,2147483647
25.2370381890796, 17.4784,25.3200107892044, 18.8111,4,16.68159,4,12.25042,-0.786147,77.845696,0,5,85,2147483647
25.2520704888739, 16.0014,25.335988488514, 13.9199,4,16.68105,4,10.30365,-0.423027,78.073504,0,5,86,2147483647
25.2695065890439, 17.0534,25.3524764892645, 16.3568,4,16.68135,4,11.60722,-0.08209,76.7182,0,5,87,2147483647
25.2861380898394, 17.3184,25.3692946885712, 18.6721,4,16.68185,4,10.84385,-0.41836,77.531104,0,5,88,2147483647
25.3016630900092, 14.2062,25.3856079881079, 16.4601,4,16.67991,4,10.75073,-0.827608,78.32,0,5,89,2147483647
25.3200107892044, 17.8595,25.4030741886236, 15.6001,4,16.68083,4,12.40019,-0.228266,76.234096,0,5,90,2147483647
25.335988488514, 17.5475,25.4190966882743, 17.7751,4,16.68151,4,10.19686,-0.266636,79.068496,0,5,91,2147483647
25.3524764892645, 16.543,25.4354547881521, 15.188,4,16.6814,4,10.44741,1.455931,76.8054,0,5,92,2147483647
25.3692946885712, 14.9196,25.4518818878569, 15.7315,4,16.68002,4,12.77967,-0.385998,77.6668,0,5,93,2147483647
25.3856079881079, 18.0023,25.4686960880645, 18.7913,4,16.68106,4,10.16594,-0.054633,79.6346,0,5,94,2147483647
25.4030741886236, 16.8971,25.4855454885401, 14.8108,4,16.68122,4,12.16167,0.58541,78.315104,0,5,95,2147483647
25.4190966882743, 15.864,25.5023254887201, 18.6982,4,16.68059,4,8.494598,0.425074,76.610896,0,5,96,2147483647
25.4354547881521, 17.022,25.5189232886769, 14.7588,4,16.68085,4,12.27823,-1.300062,78.615904,0,5,97,2147483647
25.4518818878569, 16.7176,25.5362824895419, 17.5789,4,16.68088,4,10.14929,0.172459,77.071696,0,5,98,2147483647
25.4686960880645, 16.3265,25.5527632893063, 18.2938,4,16.68061,4,9.879326,-0.348939,77.847,0,5,99,2147483647
25.4855454885401, 16.4441,25.5699432888068, 15.1249,4,16.68042,4,9.988762,-0.468271,78.2272,0,5,100,2147483647
25.5023254887201, 17.4427,25.5853176885284, 15.7383,4,16.68101,4,11.71444,0.143786,79.3362,0,5,101,2147483647
25.5189232886769, 16.2586,25.6020101890899, 18.2628,4,16.68069,4,11.73704,0.755236,78.3916,0,5,102,2147483647
25.5362824895419, 17.2544,25.6195940882899, 15.7189,4,16.68113,4,10.72397,-0.328146,78.1972,0,5,103,2147483647
25.5527632893063, 16.4826,25.6350372885354, 17.2481,4,16.68098,4,12.32081,-0.330946,79.607296,0,5,104,2147483647
25.5699432888068, 15.896,25.6527859889902, 16.2766,4,16.68037,4,10.14026,-0.223885,75.842496,0,5,105,2147483647
25.5853176885284, 17.1897,25.6697709881701, 18.3055,4,16.68076,4,9.317946,-0.206909,80.82,0,5,106,2147483647
25.6020101890899, 17.1101,25.6859752875753, 16.1581,4,16.6811,4,12.24265,0.050605,78.152,0,5,107,2147483647
25.6195940882899, 16.0149,25.7034065877087, 15.8204,4,16.68058,4,10.74759,-0.939653,76.0812,0,5,108,2147483647
25.6350372885354, 16.8642,25.7199128870852, 18.2736,4,16.68072,4,12.04471,0.634204,78.4748,0,5,109,2147483647
25.6527859889902, 17.4081,25.7352877869271, 13.6433,4,16.68128,4,10.3625,-0.325259,76.065696,0,5,110,2147483647
25.6697709881701, 14.0316,25.7525586872362, 19.0093,4,16.67924,4,9.767953,0.411547,81.0802,0,5,111,2147483647
25.6859752875753, 19.2168,25.7690314869396, 16.5481,4,16.68119,4,12.7811,-0.197308,78.692304,0,5,112,2147483647
25.7034065877087, 16.8227,25.7856247867458, 14.7516,4,16.6813,4,8.998259,-0.51981,77.482704,0,5,113,2147483647
25.7199128870852, 16.0684,25.8024154859595, 18.4612,4,16.68083,4,12.10985,0.357765,78.2122,0,5,114,2147483647
25.7352877869271, 16.9589,25.818687885534, 14.55,4,16.68105,4,11.45731,-0.42229,77.209296,0,5,115,2147483647
25.7525586872362, 15.0129,25.8368762857281, 20.0278,4,16.67977,4,10.62951,-0.174043,81.2494,0,5,116,2147483647
25.7690314869396, 18.9121,25.8533720853738, 16.5229,4,16.68148,4,12.61183,0.266881,78.5852,0,5,117,2147483647
25.7856247867458, 16.0801,25.8700621849857, 14.9283,4,16.68102,4,9.74959,0.758052,77.3702,0,5,118,2147483647
25.8024154859595, 17.0786,25.8858775845729, 17.7502,4,16.68132,3,12.31494,1.503958,78.654,0,4,119,2147483647
25.818687885534, 16.0615,25.9027669853531, 15.0586,4,16.68085,2,10.44912,-0.462576,76.297904,0,3,120,2147483647
25.8368762857281, 14.5561,25.9199920850806, 18.5952,4,16.67923,5,11.57835,-0.797479,82.4934,0,3,121,2147483647
25.8533720853738, 19.4668,25.9363222843967, 16.8025,4,16.68135,4,9.278142,-0.379193,78.4308,0,5,122,2147483647
25.8700621849857, 16.6929,25.95379538415, 15.478,4,16.68136,4,8.610976,0.024152,39.7697,0,5,123,2147483647
25.8858775845729, 16.5573,25.9698082837276, 17.8407,4,16.68127,4,12.23898,-0.155268,49.4178,0,5,124,2147483647
25.9027669853531, 17.1279,25.9861485841684, 14.7717,4,16.68161,4,10.87859,-0.449399,68.224496,0,5,125,2147483647
25.9199920850806, 14.6176,26.0035102847032, 20.8131,4,16.68004,4,10.23625,-0.500786,81.461696,0,5,126,2147483647
25.9363222843967, 18.1246,26.0197294852696, 14.0613,4,16.68114,4,11.87697,-0.711402,77.7468,0,5,127,2147483647
25.9861485841684, 55.9786,26.0367900854908, 17.3172,4,16.711,4,12.0422,-0.704278,79.636704,0,5,128,2147483647
26.0035102847032, 3.7087,26.0519935856573, 13.3566,2,16.70112,4,10.50359,0.092556,77.360496,0,5,129,2147483647
26.0035102847032, 0.6671,26.0694771851413, 19.473,2,16.68896,4,12.3753,-0.61231,80.790496,0,5,130,2147483647
26.0035102847032, 3.97,26.0867978851311, 17.2072,3,16.67932,4,10.73468,-0.941376,80.3928,0,5,131,2147483647
26.0197294852696, 18.8529,26.1036941851489, 15.1406,4,16.68096,4,12.51164,-0.143767,78.0612,0,5,132,2147483647
26.0367900854908, 16.1738,26.1200708854012, 18.0607,4,16.68058,4,9.77601,0.011243,79.488496,0,5,133,2147483647
26.0519935856573, 17.1459,26.1365792858414, 14.8763,4,16.68093,4,12.48448,-0.762102,76.572096,0,5,134,2147483647
26.0694771851413, 14.4433,26.1527511863969, 17.8664,4,16.67924,4,8.352067,-0.371292,78.467,0,5,135,2147483647
26.0867978851311, 18.4753,26.1693163863383, 18.0769,4,16.6806,4,10.45056,-0.488418,78.8728,0,5,136,2147483647
26.1036941851489, 16.3302,26.1865178863518, 13.9985,4,16.68033,4,11.9915,-0.281685,77.795104,0,5,137,2147483647
26.1200708854012, 17.3347,26.2033624867909, 18.7616,4,16.68082,4,12.68599,-0.29665,78.893504,0,5,138,2147483647
26.1365792858414, 17.0328,26.2195611870848, 14.1161,4,16.68109,4,10.64042,0.839605,76.941104,0,5,139,2147483647
26.1527511863969, 14.5717,26.2359446878545, 16.4665,4,16.6795,4,12.35839,-0.203677,78.9206,0,5,140,2147483647
26.1693163863383, 17.9937,26.2526397886686, 18.3993,4,16.68049,4,10.30825,-0.177715,79.197296,0,5,141,2147483647
26.1865178863518, 16.6958,26.2699866886251, 15.6178,4,16.6805,4,12.06089,-0.48768,77.437504,0,5,142,2147483647
26.2033624867909, 16.7118,26.286089388188, 17.8104,4,16.68052,4,11.06388,-0.549583,78.513,0,5,143,2147483647
26.2195611870848, 16.655,26.3026997889392, 14.702,4,16.68051,4,10.11512,-0.141171,79.628496,0,5,144,2147483647
26.2359446878545, 17.05,26.3197507890873, 19.0292,4,16.68078,4,12.11338,0.847047,78.955296,0,5,145,2147483647
26.2526397886686, 16.7135,26.3384126885794, 16.9902,4,16.68081,4,10.65898,-1.071019,76.4482,0,5,146,2147483647
26.2699866886251, 16.8423,26.3536462881602, 15.082,4,16.68093,4,12.66427,-0.873037,80.279504,0,5,147,2147483647
26.286089388188, 16.9459,26.3697308884002, 18.0214,4,16.68113,4,12.01115,0.160413,79.215904,0,5,148,2147483647
26.3026997889392, 16.2051,26.3867804878391, 17.3203,4,16.68077,4,9.527619,-0.283853,79.921104,0,5,149,2147483647
26.3197507890873, 16.679,26.4048591875471, 16.0051,4,16.68077,4,12.83184,-0.760776,81.314304,0,5,150,2147483647
26.3384126885794, 16.8757,26.4194970871322, 14.3703,4,16.68092,4,11.23499,0.465446,77.484304,0,5,151,2147483647
26.3536462881602, 15.704,26.436898087617, 19.5338,4,16.68019,4,11.64645,-0.056785,76.856,0,5,152,2147483647
26.3697308884002, 15.6343,26.4535115878098, 14.5701,4,16.67941,4,10.14078,-0.254279,79.121904,0,5,153,2147483647
26.3867804878391, 16.5555,26.4708417872898, 17.2608,4,16.67931,4,11.03965,0.390795,77.2042,0,5,154,2147483647
26.4048591875471, 18.1354,26.4885139870457, 19.528,4,16.6804,4,11.35289,0.0609,76.960304,0,5,155,2147483647
26.4194970871322, 16.7213,26.5030373870395, 12.8914,4,16.68043,4,11.91708,-0.110354,79.4858,0,5,156,2147483647
26.436898087617, 16.9691,26.5194649877958, 16.3401,4,16.68064,4,10.1953,-0.436854,80.2344,0,5,157,2147483647
26.4535115878098, 16.888,26.5368055882864, 19.1542,4,16.6808,4,11.4717,1.49871,76.0578,0,5,158,2147483647
26.4708417872898, 17.4231,26.5539434882812, 15.5049,4,16.68135,4,9.607154,-0.073062,80.2938,0,5,159,2147483647
26.4885139870457, 16.0839,26.5698725874536, 15.8406,4,16.6809,4,11.92255,-0.726885,78.275504,0,5,160,2147483647
26.5030373870395, 16.3984,26.5869540865533, 18.9252,4,16.68069,4,12.35619,-0.744437,80.0208,0,5,161,2147483647
26.5194649877958, 16.4607,26.6036942857318, 17.2067,4,16.68053,4,8.720562,-0.444852,77.842496,0,5,162,2147483647
26.5368055882864, 17.2993,26.6192734860815, 13.1222,4,16.68099,4,12.12099,-0.889072,80.054704,0,5,163,2147483647
26.5539434882812, 15.8298,26.637154486496, 20.0658,4,16.68036,4,10.82894,0.356709,78.8574,0,5,164,2147483647
26.5698725874536, 16.559,26.6538593866862, 14.5407,4,16.68027,4,12.70725,0.605687,77.2246,0,5,165,2147483647
26.5869540865533, 15.5203,26.6695774872787, 17.2651,4,16.67941,4,9.971772,0.888555,79.3016,0,5,166,2147483647
26.6036942857318, 18.3219,26.6873253867961, 16.1436,4,16.68063,4,11.01069,-1.014603,80.971104,0,5,167,2147483647
26.6192734860815, 16.6031,26.7040754859336, 18.815,4,16.68057,4,11.44881,-0.529556,81.404096,0,5,168,2147483647
26.637154486496, 16.5923,26.7197359860875, 15.3951,4,16.68051,4,9.291445,0.208373,77.275,0,5,169,2147483647
26.6538593866862, 17.5161,26.7374342852272, 15.8831,4,16.68112,4,10.9223,0.253232,78.1698,0,5,170,2147483647
26.6695774872787, 15.8234,26.7536756847985, 17.8999,4,16.68049,4,11.35996,-0.589164,80.505296,0,5,171,2147483647
26.6873253867961, 16.8343,26.771900285501, 18.5032,4,16.6806,4,12.39623,-0.301914,79.9244,0,5,172,2147483647
26.7040754859336, 14.8669,26.7866721856408, 15.3002,4,16.67927,4,10.07457,0.317767,78.968896,0,5,173,2147483647
26.7197359860875, 18.8763,26.8037945865653, 14.7464,4,16.68088,4,9.590864,0.081326,77.1524,0,5,174,2147483647
26.7374342852272, 16.0681,26.8207581858151, 16.9628,4,16.68043,4,12.63931,-0.718458,78.2458,0,5,175,2147483647
26.7536756847985, 14.8592,26.8363508856855, 17.2048,4,16.6791,4,10.07313,-1.310302,79.7852,0,5,176,2147483647
26.771900285501, 17.1465,26.8545211865567, 16.5547,4,16.67944,4,11.66877,0.385424,77.3448,0,5,177,2147483647
26.7866721856408, 18.8254,26.8707377868704, 17.8699,4,16.68101,4,9.698058,0.171573,78.2282,0,5,178,2147483647
26.8037945865653, 16.4011,26.8870535860769, 14.5843,4,16.68081,4,10.9173,-0.768536,79.944304,0,5,179,2147483647
26.8207581858151, 16.3597,26.9045446864329, 17.4528,4,16.68057,4,11.23678,-0.902974,77.1868,0,5,180,2147483647
26.8363508856855, 16.2995,26.9207076872699, 17.8384,4,16.68029,4,11.41373,-0.766651,79.5492,0,5,181,2147483647
26.8545211865567, 17.1826,26.9371422878467, 14.7427,4,16.68066,4,9.480236,0.085614,78.856496,0,5,182,2147483647
26.8707377868704, 16.0439,26.9540844871663, 16.9337,4,16.68019,4,10.83347,-0.621266,77.726,0,5,183,2147483647
26.8870535860769, 17.4312,26.9713206863962, 19.14,4,16.68074,4,10.68255,-1.196541,77.495904,0,5,184,2147483647
26.9045446864329, 16.5003,26.9869385859929, 13.7428,4,16.68061,4,10.79249,0.62372,78.907696,0,5,185,2147483647
26.9207076872699, 16.6202,27.0042101866566, 18.9822,4,16.68057,4,9.683566,0.284439,78.1624,0,5,186,2147483647
26.9371422878467, 17.3221,27.0207622866146, 16.6291,4,16.68103,4,12.63994,-0.52,76.906704,0,5,187,2147483647
26.9540844871663, 15.9376,27.0373386866413, 14.8071,4,16.68049,4,13.15708,-0.303953,79.642,0,5,188,2147483647
26.9713206863962, 16.8449,27.0539832874201, 16.6143,4,16.68061,4,9.564961,0.194005,77.7692,0,5,189,2147483647
26.9869385859929, 17.4608,27.0709257866256, 18.8725,4,16.68118,4,11.7637,-1.315644,76.8492,0,5,190,2147483647
27.0042101866566, 15.6022,27.0876178867184, 14.8566,4,16.6804,4,10.54175,-0.387962,79.011904,0,5,191,2147483647
27.0207622866146, 17.263,27.1035848869942, 16.007,4,16.68082,4,12.2689,0.049358,77.341504,0,5,192,2147483647
27.0373386866413, 16.092,27.1207948862575, 18.8272,4,16.68039,4,9.944544,-0.402487,79.464896,0,5,193,2147483647
27.0539832874201, 17.2203,27.1377093861811, 15.3472,4,16.68078,4,13.35226,-0.058493,79.0366,0,5,194,2147483647
27.0709257866256, 16.6677,27.1536020855419, 15.7477,4,16.68077,4,10.23824,-1.236799,78.073904,0,5,195,2147483647
27.0876178867184, 16.4926,27.1706302850507, 18.6549,4,16.68064,4,11.81199,-0.124405,78.881,0,5,196,2147483647
27.1035848869942, 16.8263,27.1874080854468, 15.1562,4,16.68074,4,10.48409,-0.881852,77.665904,0,5,197,2147483647
27.1207948862575, 15.0592,27.2045107851736, 17.1821,4,16.67957,4,11.7986,-0.726709,76.167296,0,5,198,2147483647
27.1377093861811, 18.6886,27.2207126854919, 18.2596,4,16.68102,4,11.19551,-0.758923,79.0414,0,5,199,2147483647
27.1536020855419, 16.0247,27.2378895855509, 15.0621,4,16.68055,4,7.419752,-0.539875,77.7498,0,5,200,2147483647
27.1706302850507, 16.6938,27.2536063860171, 17.5006,4,16.68056,4,11.18161,0.022098,80.3798,0,5,201,2147483647
27.1874080854468, 16.9303,27.2710301852785, 15.7147,4,16.68074,4,10.91872,0.081909,78.0844,0,5,202,2147483647
27.2045107851736, 16.5478,27.2861914853565, 15.0491,4,16.68064,4,12.72367,0.655089,78.6076,0,5,203,2147483647
27.2207126854919, 16.4548,27.3037959854119, 19.3287,4,16.68048,4,10.7702,-0.286361,78.2264,0,5,204,2147483647
27.2378895855509, 16.4552,27.3204532857053, 15.1634,4,16.68032,4,11.73799,-0.387689,79.092496,0,5,205,2147483647
27.2536063860171, 16.9365,27.3376838858239, 19.5663,4,16.6805,4,10.14401,-0.277839,77.5708,0,5,206,2147483647
27.2710301852785, 16.8868,27.3544649849646, 14.5912,4,16.68065,4,9.420661,-0.594396,75.0848,0,5,207,2147483647
27.2861914853565, 16.4416,27.3701501856558, 16.9646,4,16.68048,4,12.20949,0.95415,79.1266,0,5,208,2147483647
27.3037959854119, 16.2824,27.3876243862323, 15.9011,4,16.68019,4,12.38914,-0.567215,77.4836,0,5,209,2147483647
27.3204532857053, 18.0438,27.4047838854603, 18.9094,4,16.68117,4,10.578,-0.300645,79.855904,0,5,210,2147483647
27.3376838858239, 17.6357,27.4209167859517, 16.1137,4,16.68185,4,10.47475,-0.57742,79.7136,0,5,211,2147483647
27.3544649849646, 16.9168,27.4371389853768, 14.4306,4,16.68202,4,10.91782,-0.484016,78.319696,0,5,212,2147483647
27.3701501856558, 15.1381,27.454547484871, 19.1792,4,16.68092,4,10.47795,-0.320213,81.8986,0,5,213,2147483647
27.3876243862323, 17,27.471661684569, 15.3568,4,16.68114,4,12.33072,-0.015041,77.2192,0,5,214,2147483647
27.4047838854603, 14.4582,27.4884764845483, 16.8303,4,16.67956,4,12.57032,1.127271,77.819104,0,5,215,2147483647
27.4209167859517, 18.1744,27.504742085468, 18.032,4,16.68063,4,10.74001,-0.082915,78.671296,0,5,216,2147483647
27.4371389853768, 16.2029,27.5213873847388, 14.8086,4,16.68028,4,12.37394,-0.511459,78.2634,0,5,217,2147483647
27.454547484871, 15.1878,27.5381434853189, 18.7665,4,16.67922,4,10.19663,-0.398808,79.1586,0,5,218,2147483647
27.471661684569, 18.3126,27.553720085416, 13.6327,4,16.68038,4,10.53432,-0.521181,79.147696,0,5,219,2147483647
27.4884764845483, 17.2092,27.5712235854007, 17.8092,4,16.68076,4,10.26416,1.097152,77.134704,0,5,220,2147483647
27.504742085468, 16.891,27.5874773846008, 17.7425,4,16.68091,4,10.40471,-0.750186,77.551696,0,5,221,2147483647
27.5213873847388, 17.064,27.6057998840697, 16.6564,4,16.68118,4,9.313481,-0.464774,80.044096,0,5,222,2147483647
27.5381434853189, 15.6636,27.6210449836217, 16.5581,4,16.68046,4,12.40415,-0.73058,79.3116,0,5,223,2147483647
27.553720085416, 18.1305,27.6388445827179, 18.12,4,16.68149,4,8.740686,0.393514,75.8452,0,5,224,2147483647
27.5712235854007, 15.658,27.6542131830938, 13.6446,4,16.68076,4,12.44927,-0.326279,78.299104,0,5,225,2147483647
27.5874773846008, 16.5385,27.6712128822692, 16.9556,4,16.68066,4,12.34728,0.153283,77.818896,0,5,226,2147483647
27.6057998840697, 17.1583,27.6890456830151, 19.65,4,16.681,4,11.21259,-0.922411,82.108304,0,5,227,2147483647
27.6210449836217, 14.9475,27.7050816831179, 14.2153,4,16.67978,4,9.633979,1.49604,78.850496,0,5,228,2147483647
27.6388445827179, 19.5768,27.7211814825423, 16.11,4,16.68182,4,10.76242,0.005911,76.708304,0,5,229,2147483647
27.6542131830938, 16.4652,27.7381928828545, 18.9186,4,16.68167,4,11.90401,-0.010211,79.298896,0,5,230,2147483647
27.6712128822692, 14.6654,27.7540885829367, 14.185,4,16.68025,4,11.21636,0.304514,77.4434,0,5,231,2147483647
27.6890456830151, 15.2005,27.7720303838141, 19.4896,4,16.6792,4,10.51649,0.552184,79.164304,0,5,232,2147483647
27.7050816831179, 18.8282,27.7889993847348, 15.5776,4,16.68072,4,10.05561,-0.974372,79.3692,0,5,233,2147483647
27.7211814825423, 16.8692,27.8040920845233, 14.7191,4,16.68085,4,10.22529,0.272699,78.2072,0,5,234,2147483647
27.7381928828545, 16.3507,27.8210581853054, 18.9406,4,16.68062,4,11.60652,-0.739459,78.1456,0,5,235,2147483647
27.7540885829367, 17.001,27.8381593856029, 15.1458,4,16.68084,4,9.693572,0.137813,76.8352,0,5,236,2147483647
27.7720303838141, 14.9076,27.8547239857726, 16.6285,4,16.6796,4,13.0469,-0.426663,79.597504,0,5,237,2147483647
27.7889993847348, 18.793,27.8719899854623, 18.9972,4,16.68108,4,11.64346,0.490514,78.4438,0,5,238,2147483647
27.8040920845233, 16.3618,27.8870880850591, 15.2004,4,16.68085,4,10.70089,-1.160779,76.006496,0,5,239,2147483647
27.8210581853054, 16.4734,27.9053814844228, 16.4109,4,16.68071,4,11.73386,-0.370542,81.655696,0,5,240,2147483647
27.8381593856029, 17.2675,27.9213030845858, 15.9567,4,16.68112,4,10.56629,-0.497041,77.697696,0,5,241,2147483647
27.8547239857726, 16.4976,27.9388047852553, 19.2601,4,16.68099,4,9.868779,-0.194679,77.610096,0,5,242,2147483647
27.8719899854623, 15.2404,27.9546905853786, 14.0864,4,16.67999,4,13.16374,-0.68424,78.6798,0,5,243,2147483647
27.8870880850591, 19.0714,27.9712782860734, 16.6339,4,16.68166,4,10.70264,-1.106638,77.685696,0,5,244,2147483647
27.9053814844228, 14.7417,27.989687486086, 20.3901,4,16.6803,4,12.44628,0.993751,78.966704,0,5,245,2147483647
27.9213030845858, 17.2669,28.0048491857015, 13.346,4,16.68071,4,5.97794,-0.907377,79.963904,0,5,246,2147483647
27.9388047852553, 16.7404,28.0215514856391, 16.6154,4,16.68075,4,12.75424,-1.083852,76.458496,0,5,247,2147483647
27.9546905853786, 16.4614,28.0377062852494, 17.5311,4,16.6806,4,11.41705,0.709236,78.657,0,5,248,2147483647
27.9712782860734, 16.3855,28.0544506846927, 15.391,4,16.6804,4,10.82538,1.152967,78.056496,0,5,249,2147483647
27.989687486086, 17.8477,28.0719219851308, 19.1285,4,16.68121,4,12.90805,0.349164,80.482496,0,5,250,2147483647
28.0048491857015, 15.5853,28.0885171848349, 16.5821,4,16.68044,4,11.04206,-0.7658,80.3262,0,5,251,2147483647
28.0215514856391, 18.3518,28.1051433845423, 14.8463,4,16.6816,4,11.28003,-1.110809,78.327504,0,5,252,2147483647
28.0377062852494, 15.3508,28.1209980840795, 17.5491,4,16.68068,4,8.888336,-0.637097,79.753904,0,5,253,2147483647
28.0544506846927, 16.8827,28.1388770840131, 16.2834,4,16.68082,4,11.6965,-0.434283,78.7794,0,5,254,2147483647
28.0719219851308, 13.6823,28.1551492842846, 16.1067,4,16.67874,4,11.89061,-0.486164,78.804304,0,5,255,2147483647
28.0885171848349, 19.5287,28.1726548834704, 19.3718,4,16.68072,4,11.4162,-0.707391,80.0922,0,5,256,2147483647
28.1051433845423, 16.2196,28.1887528835796, 14.2211,4,16.6804,4,12.53378,-1.217079,78.3102,0,5,257,2147483647
28.1209980840795, 17.0135,28.2053068834357, 18.4392,4,16.68063,4,10.72806,-0.191201,78.661,0,5,258,2147483647
28.1388770840131, 17.131,28.221632483881, 16.1568,4,16.68094,4,12.54509,0.161684,78.098496,0,5,259,2147483647
28.1551492842846, 15.7833,28.2388953841291, 15.8078,4,16.68032,4,10.99688,-0.162127,79.577504,0,5,260,2147483647
28.1726548834704, 16.8187,28.2553722835146, 18.1062,4,16.68042,4,13.286,-0.254633,78.036896,0,5,261,2147483647
28.1887528835796, 17.6343,28.2727779834531, 15.8518,4,16.68107,4,12.18352,-0.925233,79.1224,0,5,262,2147483647
28.2053068834357, 14.3107,28.2875549835153, 14.6612,4,16.67944,4,10.15103,-0.747804,77.377296,0,5,263,2147483647
28.221632483881, 18.109,28.305211384315, 17.546,4,16.68043,4,12.18003,-1.497872,77.564704,0,5,264,2147483647
28.2388953841291, 16.9343,28.3217221838422, 18.4131,4,16.6806,4,10.47873,-0.851502,79.093504,0,5,265,2147483647
28.2553722835146, 16.7487,28.3388258838095, 15.2081,4,16.68065,4,12.8911,-0.718025,77.1574,0,5,266,2147483647
28.2727779834531, 16.505,28.3547501829453, 17.59,4,16.68052,4,10.95227,-0.104662,78.8734,0,5,267,2147483647
28.2875549835153, 17.1242,28.3719311826862, 15.3793,4,16.68083,4,11.4711,0.137431,76.8216,0,5,268,2147483647
28.305211384315, 16.7197,28.388713483233, 16.9072,4,16.68086,4,12.71122,-0.496078,78.064896,0,5,269,2147483647
28.3217221838422, 16.2398,28.4047297840007, 17.7675,4,16.68055,4,10.71226,0.182377,79.1022,0,5,270,2147483647
28.3388258838095, 17.2806,28.4219499831088, 15.3446,4,16.68097,4,11.95517,0.577868,78.5732,0,5,271,2147483647
28.3547501829453, 16.4796,28.4385103830136, 18.1955,4,16.68083,4,11.88538,-0.451832,79.9236,0,5,272,2147483647
28.3719311826862, 16.8287,28.4549046833999, 14.777,4,16.68093,4,10.81722,-0.263802,78.833696,0,5,273,2147483647
28.388713483233, 16.2335,28.4721915838309, 17.4765,4,16.68062,4,11.53803,0.385703,76.995504,0,5,274,2147483647
28.4047297840007, 16.9068,28.4886602838524, 17.9432,4,16.68078,4,9.491532,-0.743051,79.0162,0,5,275,2147483647
28.4219499831088, 16.3698,28.505928284023, 15.841,4,16.68056,4,12.3555,-0.558872,77.2754,0,5,276,2147483647
28.4385103830136, 15.1804,28.521115984302, 16.5308,4,16.67954,4,10.666,-1.105853,79.048304,0,5,277,2147483647
28.4549046833999, 18.7251,28.5386474835686, 17.6349,4,16.68094,4,11.43135,0.457312,79.2486,0,5,278,2147483647
28.4721915838309, 16.7203,28.5550508829765, 14.8821,4,16.68096,4,10.93987,-0.691874,78.8528,0,5,279,2147483647
28.4886602838524, 16.2806,28.5718094832264, 18.3007,4,16.68069,4,10.67435,-0.528179,81.949104,0,5,280,2147483647
28.505928284023, 16.978,28.5886484826915, 15.2384,4,16.68089,4,13.11479,-0.331236,77.291504,0,5,281,2147483647
28.521115984302, 14.7923,28.6052349819802, 16.5642,4,16.67961,4,9.609674,0.139549,78.059504,0,5,282,2147483647
28.5386474835686, 18.6825,28.6220330814831, 18.8822,4,16.68097,4,12.56388,0.103218,81.381504,0,5,283,2147483647
28.5550508829765, 15.8442,28.6396336811595, 15.448,4,16.6804,4,10.50124,-0.314682,77.779696,0,5,284,2147483647
28.5718094832264, 15.0357,28.6556505816989, 18.1317,4,16.67929,4,12.10585,-0.13924,80.427696,0,5,285,2147483647
28.5886484826915, 18.7595,28.671768581029, 14.1015,4,16.6807,4,11.78858,0.246827,78.1882,0,5,286,2147483647
28.6052349819802, 16.1782,28.6886718808673, 16.9462,4,16.68036,4,10.01778,-1.009307,79.276896,0,5,287,2147483647
28.6220330814831, 16.6801,28.7070293813013, 20.0015,4,16.68036,4,12.22974,-0.020651,79.2116,0,5,288,2147483647
28.6396336811595, 17.1019,28.7219541813247, 13.5,4,16.68064,4,10.36947,0.142255,78.4272,0,5,289,2147483647
28.6556505816989, 16.6809,28.7398342820816, 19.3284,4,16.68064,4,11.61111,0.089383,80.0064,0,5,290,2147483647
28.671768581029, 16.1891,28.7554356823675, 13.9498,4,16.68031,4,11.52655,0.482753,77.1518,0,5,291,2147483647
28.6886718808673, 18.164,28.7731710816734, 19.2525,4,16.68131,4,10.14534,-0.190178,79.3148,0,5,292,2147483647
28.7070293813013, 16.2852,28.7891106824391, 16.2195,4,16.68104,4,11.47152,-0.587512,78.3932,0,5,293,2147483647
28.7219541813247, 16.3102,28.8063703826629, 15.5258,4,16.68079,4,10.04315,-0.377196,78.521504,0,5,294,2147483647
28.7398342820816, 16.3236,28.8228755830787, 17.9025,4,16.68055,4,11.34138,0.268259,78.9654,0,5,295,2147483647
28.7554356823675, 17.2172,28.8388223829679, 14.3676,4,16.68091,4,10.57111,-1.11731,76.2308,0,5,296,2147483647
28.7731710816734, 14.7965,28.8557446836494, 16.9544,4,16.67965,4,12.5547,0.542659,78.25,0,5,297,2147483647
28.7891106824391, 18.4495,28.8715345836245, 17.5272,4,16.68084,4,11.62124,-0.500332,80.0474,0,5,298,2147483647
28.8063703826629, 16.7638,28.8900485835038, 16.892,4,16.68089,4,9.60191,-0.854676,77.339696,0,5,299,2147483647
28.8228755830787, 16.5034,28.9051125836559, 16.9471,4,16.68077,4,13.00174,-0.61146,80.8984,0,5,300,2147483647
28.8388223829679, 17.055,28.9214735836722, 14.3202,4,16.68102,4,10.58553,-0.307199,77.5388,0,5,301,2147483647
28.8557446836494, 16.4061,28.9397639841773, 18.4252,4,16.68084,4,10.83278,-0.415059,78.1558,0,5,302,2147483647
28.8715345836245, 16.5164,28.9562789839692, 18.3136,4,16.68073,4,12.60246,-0.834404,78.365296,0,5,303,2147483647
28.8900485835038, 16.5172,28.9718080838211, 13.8091,4,16.68062,4,10.9514,-0.044353,78.7766,0,5,304,2147483647
28.9051125836559, 16.158,28.9897771836258, 19.7163,4,16.68027,4,12.07116,-0.832796,78.7874,0,5,305,2147483647
28.9214735836722, 17.7494,29.005946282763, 14.3894,4,16.68098,4,10.8016,0.834408,75.3922,0,5,306,2147483647
28.9397639841773, 16.9441,29.0218569827266, 17.5612,4,16.68116,4,11.01285,-0.61241,77.572,0,5,307,2147483647
28.9562789839692, 15.6736,29.0389009830542, 15.8824,4,16.68049,4,11.856,0.037394,78.272304,0,5,308,2147483647
28.9718080838211, 18.1036,29.0562091828324, 18.5149,4,16.68144,4,11.22499,0.414491,78.6518,0,5,309,2147483647
28.9897771836258, 16.0093,29.0722665828653, 16.0198,4,16.68099,4,9.23171,-0.222011,78.706704,0,5,310,2147483647
29.005946282763, 17.8603,29.0885395822115, 14.4643,4,16.68178,4,12.58451,-0.439737,76.0574,0,5,311,2147483647
29.0218569827266, 16.8405,29.105858982075, 19.0206,4,16.68188,4,10.28771,-0.894567,77.752496,0,5,312,2147483647
29.0389009830542, 15.5652,29.1219895821996, 16.2651,4,16.68114,4,11.66011,-0.550774,78.337504,0,5,313,2147483647
29.0562091828324, 14.7651,29.1388248824514, 15.1454,4,16.67986,4,10.23784,0.074618,77.944096,0,5,314,2147483647
29.0722665828653, 19.1295,29.1560607817955, 19.1829,4,16.68149,4,9.742867,-0.362948,79.522496,0,5,315,2147483647
29.0885395822115, 16.3848,29.1719565824606, 13.7355,4,16.6813,4,12.88707,-0.010074,76.665,0,5,316,2147483647
29.105858982075, 14.8435,29.1885270816274, 16.5387,4,16.68007,4,10.27698,1.121876,78.912304,0,5,317,2147483647
29.1219895821996, 18.0951,29.2051544808783, 18.6797,4,16.68101,4,9.761448,-0.522486,79.1258,0,5,318,2147483647
29.1388248824514, 17.1785,29.223469380755, 16.793,4,16.68134,4,12.20177,0.284126,76.7592,0,5,319,2147483647
29.1560607817955, 16.4418,29.2385847805999, 18.012,4,16.68118,4,10.05742,0.180572,77.337904,0,5,320,2147483647
29.1719565824606, 16.5574,29.255221081432, 13.6993,4,16.6811,4,10.70299,-0.984274,78.718896,0,5,321,2147483647
29.1885270816274, 16.8654,29.2727958816104, 19.1127,4,16.68122,4,12.48707,0.67288,79.576,0,5,322,2147483647
29.2051544808783, 16.8788,29.2898946809582, 17.0918,4,16.68135,4,10.18243,-0.030527,77.823504,0,5,323,2147483647
29.223469380755, 16.5271,29.3057818817906, 14.1605,4,16.68125,4,11.75457,-0.153557,79.184704,0,5,324,2147483647
29.2385847805999, 16.059,29.3226075819694, 16.6371,4,16.68084,4,11.26222,-0.121765,77.6498,0,5,325,2147483647
29.255221081432, 17.5032,29.3394418819807, 18.8837,4,16.68139,4,9.127627,-0.447364,80.597104,0,5,326,2147483647
29.2727958816104, 13.8033,29.3560272823088, 14.6604,4,16.67949,4,11.89076,0.317512,79.71,0,5,327,2147483647
29.2898946809582, 19.2201,29.3735812823288, 17.4669,4,16.68116,4,12.22256,-0.332543,75.968704,0,5,328,2147483647
29.3057818817906, 16.8325,29.3899212828837, 18.1936,4,16.68126,4,10.22506,-0.660367,79.413296,0,5,329,2147483647
29.3226075819694, 16.0288,29.4060710831545, 14.4937,4,16.68083,4,10.44549,-0.912854,79.361104,0,5,330,2147483647
29.3394418819807, 16.1286,29.4235886833631, 19.1067,4,16.68047,4,11.52834,-0.781307,80.0014,0,5,331,2147483647
29.3560272823088, 17.1051,29.4396617836319, 16.1866,4,16.68075,4,10.43497,-0.563389,77.913,0,5,332,2147483647
29.3735812823288, 17.3017,29.4552279836498, 13.5603,4,16.68115,4,11.93395,-0.505795,80.085104,0,5,333,2147483647
29.3899212828837, 16.7805,29.4736212841235, 20.225,4,16.68122,4,12.88321,-0.545118,79.015696,0,5,334,2147483647
29.4060710831545, 16.0132,29.4895257833414, 15.9607,4,16.68078,4,10.77369,0.067568,81.0026,0,5,335,2147483647
29.4235886833631, 14.9584,29.5069026830606, 15.5989,4,16.67965,4,12.6459,-0.125119,77.7584,0,5,336,2147483647
29.4396617836319, 18.3824,29.523284883704, 16.2936,4,16.68077,4,10.62202,0.37415,78.273296,0,5,337,2147483647
29.4552279836498, 16.5529,29.5397613844834, 18.7247,4,16.68069,4,12.55253,-0.922827,79.487696,0,5,338,2147483647
29.4736212841235, 14.8579,29.555860884022, 13.7881,4,16.67949,4,11.64952,-0.918597,76.7546,0,5,339,2147483647
29.4895257833414, 17.1129,29.5728164832108, 19.0998,4,16.67978,4,10.04255,0.026339,80.0772,0,5,340,2147483647
29.5069026830606, 17.9606,29.5895176823251, 14.7161,4,16.68061,4,11.59763,-1.252556,78.002096,0,5,341,2147483647
29.523284883704, 16.7133,29.6066525815986, 17.2278,4,16.68063,4,12.5402,-0.138337,77.571696,0,5,342,2147483647
29.5397613844834, 17.0738,29.6233737817965, 18.2879,4,16.68089,4,10.95636,0.11584,78.8452,0,5,343,2147483647
29.555860884022, 16.3515,29.6384628820233, 13.6184,4,16.68068,4,11.92656,-0.314443,76.4638,0,5,344,2147483647
29.5728164832108, 16.3402,29.6564251813106, 19.6625,4,16.68045,4,11.35254,0.340614,77.506096,0,5,345,2147483647
29.5895176823251, 16.666,29.672990381252, 14.5906,4,16.68044,4,11.76046,0.160819,78.877,0,5,346,2147483647
29.6066525815986, 17.5874,29.6899416814558, 17.1568,4,16.68103,4,10.13424,-1.105685,77.713696,0,5,347,2147483647
29.6233737817965, 16.5653,29.7059704805724, 17.8386,4,16.68096,4,10.66069,-0.478918,78.574496,0,5,348,2147483647
29.6384628820233, 17.1408,29.7226475807838, 14.7591,4,16.68126,4,11.51928,-0.735165,77.760704,0,5,349,2147483647
29.6564251813106, 16.0624,29.7397464807145, 17.1045,4,16.68086,4,9.927185,-0.767233,77.5666,0,5,350,2147483647
29.672990381252, 16.9509,29.7560605811886, 18.3214,4,16.68103,4,12.96742,-0.667811,78.974704,0,5,351,2147483647
29.6899416814558, 16.3743,29.7734889811836, 15.2111,4,16.68083,4,10.63906,-1.086429,77.9592,0,5,352,2147483647
29.7059704805724, 17.22,29.7895015808754, 18.0804,4,16.68118,4,10.77143,0.404049,78.969904,0,5,353,2147483647
29.7226475807838, 16.6427,29.8064662809484, 15.8284,4,16.68116,4,12.70781,0.200401,78.5138,0,5,354,2147483647
29.7397464807145, 16.5527,29.8234820808284, 16.3588,4,16.68107,4,10.92453,0.221576,77.514496,0,5,355,2147483647
29.7560605811886, 16.2241,29.8395074806176, 17.632,4,16.68078,4,13.06095,-0.657977,77.9018,0,5,356,2147483647
29.7734889811836, 16.6562,29.8568029808812, 15.6401,4,16.68076,4,9.707199,-0.447539,77.518,0,5,357,2147483647
29.7895015808754, 16.9991,29.8728821813129, 18.0098,4,16.68097,4,9.864824,0.135094,79.3624,0,5,358,2147483647
29.8064662809484, 17.2427,29.8896346813999, 16.7859,4,16.68133,4,11.62238,-0.312713,78.458704,0,5,359,2147483647
29.8234820808284, 16.3331,29.9066515821032, 15.3339,4,16.68111,4,10.54924,0.548251,78.1806,0,5,360,2147483647
29.8395074806176, 16.8489,29.9225538815372, 17.2355,4,16.68122,4,12.17571,-0.118484,79.376304,0,5,361,2147483647
29.8568029808812, 17.0931,29.9408128815703, 16.7097,4,16.68148,4,10.26621,-0.471819,75.7026,0,5,362,2147483647
29.8728821813129, 14.1261,29.9569974816404, 15.97,4,16.67983,4,10.14055,0.204646,77.303104,0,5,363,2147483647
29.8896346813999, 18.3268,29.9726597811095, 17.4229,4,16.68089,4,11.34668,-0.200669,79.656896,0,5,364,2147483647
29.9066515821032, 16.589,29.9906820817851, 16.3108,4,16.68084,4,10.18642,0.162816,77.468496,0,5,365,2147483647
29.9225538815372, 16.6317,30.0069744824432, 17.827,4,16.6808,4,12.09895,-1.316046,77.3358,0,5,366,2147483647
29.9408128815703, 17.9529,30.0229952833615, 14.2791,4,16.68162,4,7.966769,-0.510624,79.8378,0,5,367,2147483647
29.9569974816404, 15.1544,30.0395214832388, 16.7546,4,16.68064,4,10.58818,0.107346,78.1616,0,5,368,2147483647
29.9726597811095, 16.38,30.0566109823994, 18.7338,4,16.68045,4,9.947546,0.356007,78.336304,0,5,369,2147483647
29.9906820817851, 17.6952,30.0737792826258, 15.5067,4,16.6811,4,13.27702,0.029712,79.6358,0,5,370,2147483647
30.0069744824432, 16.2516,30.0899433824234, 16.1185,4,16.68082,4,10.47985,-0.113519,77.858,0,5,371,2147483647
30.0229952833615, 17.7725,30.1085722832941, 20.2744,4,16.68152,4,9.957193,-0.675443,76.8106,0,5,372,2147483647
30.0395214832388, 14.9952,30.1236037830822, 13.3185,4,16.68044,4,11.49979,-0.782632,78.7542,0,5,373,2147483647
30.0566109823994, 17.0252,30.140617783647, 17.1996,4,16.68066,4,10.11232,-0.260233,76.6726,0,5,374,2147483647
30.0737792826258, 17.3117,30.1573599833064, 18.611,4,16.68107,4,11.92404,-0.069723,80.1572,0,5,375,2147483647
30.0899433824234, 16.2714,30.173704683315, 14.4934,4,16.6808,4,10.73553,-0.633924,77.0278,0,5,376,2147483647
30.1085722832941, 16.9665,30.1898271827959, 15.9187,4,16.68099,4,9.334033,-0.813949,79.1186,0,5,377,2147483647
30.1236037830822, 16.4757,30.206577682402, 18.4193,4,16.68086,4,12.02192,-0.828955,78.888496,0,5,378,2147483647
30.140617783647, 16.3832,30.2224321826361, 14.3019,4,16.68067,4,9.941924,-0.173338,79.0506,0,5,379,2147483647
30.1573599833064, 16.5242,30.2407509828918, 20.0083,4,16.68057,3,12.50465,-0.759546,77.228896,0,4,380,2147483647
30.173704683315, 17.0212,30.2563205831684, 13.8921,4,16.68078,2,12.72495,-0.832874,79.238096,0,3,381,2147483647
30.1898271827959, 16.907,30.2737002824433, 18.9967,4,16.68093,4,10.99554,-0.469601,80.008,0,4,382,2147483647
30.206577682402, 16.315,30.2914470830001, 16.0847,4,16.68069,3,12.07005,1.564228,76.962096,0,4,383,2147483647
30.2224321826361, 17.4503,30.307508083526, 17.6122,4,16.68118,2,10.93677,0.081659,42.4699,0,3,384,2147483647
30.2407509828918, 16.4843,30.3236482837237, 14.6626,4,16.68106,4,12.9215,-0.511056,56.3752,0,3,385,2147483647
30.2563205831684, 16.7315,30.3405042835511, 18.7407,4,16.68109,4,10.56907,-0.154242,68.561104,0,5,386,2147483647
30.2737002824433, 16.0715,30.3569026836194, 16.841,4,16.6807,4,10.26224,-0.555648,40.9693,0,5,387,2147483647
30.2914470830001, 17.1877,30.3733777836896, 14.1415,4,16.68103,4,11.86276,-0.799762,52.3902,0,5,388,2147483647
30.3405042835511, 53.8881,30.3906460837461, 19.3959,4,16.70462,4,10.51824,-0.08586,68.682304,0,5,389,2147483647
30.3405042835511, 2.1392,30.4062830829062, 16.0436,2,16.69539,4,9.877548,-0.135788,78.5952,0,5,390,2147483647
30.3569026836194, 3.6146,30.424311181996, 15.8006,3,16.68711,4,10.55556,0.517869,79.011104,0,5,391,2147483647
30.3906460837461, 45.4819,30.4406662811525, 17.8907,3,16.70533,4,12.86726,1.463772,79.3992,0,5,392,2147483647
30.4062830829062, 2.3964,30.4564017807133, 13.8162,2,16.69628,4,10.01109,-0.660776,78.495104,0,5,393,2147483647
30.4062830829062, 2.1239,30.4730077800341, 18.4161,2,16.68707,4,12.12613,-0.914881,79.5356,0,5,394,2147483647
30.4062830829062, 6.0812,30.4908299804665, 15.9937,3,16.68037,4,11.54653,-0.247176,77.5248,0,5,395,2147483647
30.424311181996, 17.2133,30.5084576797672, 17.6294,4,16.6807,4,8.697176,0.204791,80.0798,0,5,396,2147483647
30.4406662811525, 16.5475,30.5238019800745, 16.9349,4,16.68062,4,12.48948,-0.5515,79.620704,0,5,397,2147483647
30.4564017807133, 16.4728,30.5408387794159, 15.5685,4,16.68049,4,12.83158,-0.163461,78.595904,0,5,398,2147483647
30.4730077800341, 16.9555,30.5572522799484, 17.9961,4,16.68066,4,10.35461,-0.107832,79.9888,0,5,399,2147483647
30.4908299804665, 16.8729,30.5737136802636, 14.8617,4,16.68078,4,11.5279,-1.188247,78.5782,0,5,400,2147483647
30.5084576797672, 15.9551,30.590671481099, 18.5097,4,16.68033,4,12.37466,0.019226,79.391696,0,5,401,2147483647
30.5238019800745, 15.7879,30.6072941808961, 15.3287,4,16.67977,4,10.12693,0.029056,80.7708,0,5,402,2147483647
30.5408387794159, 17.2759,30.6237514815293, 16.2506,4,16.68014,4,9.599547,-0.949349,79.231,0,5,403,2147483647
30.5572522799484, 17.2181,30.6407321817242, 18.6109,4,16.68048,4,13.16297,0.081931,79.2688,0,5,404,2147483647
30.5737136802636, 16.6734,30.6578093818389, 15.2627,4,16.68047,4,9.773544,0.198142,76.752896,0,5,405,2147483647
30.590671481099, 16.4162,30.6732323816977, 17.2293,4,16.68031,4,11.91825,-0.86586,80.959296,0,5,406,2147483647
30.6072941808961, 17.27,30.6918702810071, 18.649,4,16.68068,4,11.33117,0.198071,79.083904,0,5,407,2147483647
30.6237514815293, 15.7859,30.70780978119, 14.2459,4,16.68012,4,11.87036,-0.231111,77.6908,0,5,408,2147483647
30.6407321817242, 17.2588,30.723572680261, 17.2961,4,16.68048,4,9.73336,1.309956,79.009904,0,5,409,2147483647
30.6578093818389, 16.9578,30.7396033811383, 14.442,4,16.68065,4,11.01943,-0.612141,78.629104,0,5,410,2147483647
30.6732323816977, 14.75,30.7585936817341, 18.9557,4,16.67945,4,11.81971,-0.215981,77.6682,0,5,411,2147483647
30.6918702810071, 19.1675,30.7741014813073, 17.2925,4,16.681,4,10.59934,0.125308,78.6102,0,5,412,2147483647
30.70780978119, 16.3779,30.7908482817002, 14.9842,4,16.68081,4,8.768441,-0.961698,77.8406,0,5,413,2147483647
30.723572680261, 16.6285,30.806982581038, 17.9471,4,16.68078,4,10.15438,0.524531,79.527296,0,5,414,2147483647
30.7396033811383, 17.1007,30.8235622816719, 16.7204,4,16.68104,4,12.09359,0.064438,77.208096,0,5,415,2147483647
30.7585936817341, 16.6583,30.8410020810552, 15.6973,4,16.68103,4,11.8106,-0.331922,79.482704,0,5,416,2147483647
30.7741014813073, 16.5567,30.8571366802789, 17.4981,4,16.68095,4,11.28487,0.507383,77.498496,0,5,417,2147483647
30.7908482817002, 16.4364,30.8742697802372, 15.6688,4,16.6808,4,11.41376,-0.00806,78.441,0,5,418,2147483647
30.806982581038, 15.1423,30.8910939809866, 16.8269,4,16.67984,4,10.22202,-0.251971,76.6724,0,5,419,2147483647
30.8235622816719, 18.9894,30.9079288807698, 16.6695,4,16.68127,4,12.32142,-0.005938,79.402,0,5,420,2147483647
30.8410020810552, 15.8688,30.9239820805378, 18.1429,4,16.68077,4,11.55126,0.560228,80.3444,0,5,421,2147483647
30.8571366802789, 16.7426,30.9407644798048, 14.7577,4,16.68081,4,10.39217,-0.512665,77.552,0,5,422,2147483647
30.8742697802372, 17.3466,30.9571075798012, 18.2896,4,16.68122,4,12.33194,0.087822,80.1998,0,5,423,2147483647
30.8910939809866, 16.7598,30.9740156796761, 14.991,4,16.68127,4,12.07897,-0.046257,81.155504,0,5,424,2147483647
30.9079288807698, 15.1599,30.9917320800014, 17.8891,4,16.68033,4,9.618265,-0.158654,77.807504,0,5,425,2147483647
30.9239820805378, 16.7284,31.0077294805087, 17.6701,4,16.68036,4,12.55808,-0.185873,78.6574,0,5,426,2147483647
30.9407644798048, 17.2,31.0239957799204, 14.4075,4,16.68068,3,10.25516,0.081535,78.278496,0,4,427,2147483647
30.9571075798012, 16.2411,31.041112779174, 18.8883,4,16.68041,3,10.30785,0.089252,79.727504,0,4,428,2147483647
30.9740156796761, 16.7764,31.058755279053, 17.7324,4,16.68047,4,12.18327,-0.630122,77.567296,0,5,429,2147483647
30.9917320800014, 17.1998,31.0742512787692, 13.8522,4,16.68079,4,12.25097,-0.10416,81.158096,0,5,430,2147483647
31.0077294805087, 15.7843,31.0909583787434, 16.633,4,16.68023,4,10.05025,0.128597,65.1678,0,5,431,2147483647
31.0239957799204, 18.3536,31.1071337792091, 17.9748,4,16.68127,4,11.88202,-0.662676,64.8241,0,5,432,2147483647
31.041112779174, 13.3074,31.1237941789441, 14.7564,4,16.67919,4,12.55656,-0.311797,78.936096,0,5,433,2147483647
31.058755279053, 19.2327,31.1408999781124, 17.0723,4,16.68076,4,10.4088,-0.220545,76.764,0,5,434,2147483647
31.0742512787692, 16.3144,31.1589077780955, 19.9047,4,16.68053,4,11.74418,0.172697,79.8208,0,5,435,2147483647
31.1071337792091, 30.2151,31.1749324775301, 14.2246,4,16.68887,4,12.6781,-0.283141,77.149504,0,5,436,2147483647
31.1237941789441, 16.5674,31.1909445780329, 16.2236,3,16.68879,4,10.70294,0.227117,78.681104,0,5,437,2147483647
31.1237941789441, 4.6685,31.208286178764, 18.7837,3,16.6814,4,12.2288,-0.711563,80.988704,0,5,438,2147483647
31.1408999781124, 15.6443,31.2235449790023, 13.4682,4,16.68076,4,11.72594,0.009119,81.5756,0,5,439,2147483647
31.1589077780955, 16.5082,31.2412950783037, 19.5646,4,16.68066,4,10.14538,-1.480183,80.1626,0,5,440,2147483647
31.1749324775301, 16.9609,31.2574275783263, 14.2894,4,16.68083,4,11.76876,-0.590733,79.850896,0,5,441,2147483647
31.1909445780329, 15.3971,31.2742646778934, 16.9294,4,16.68004,4,10.94628,-0.625212,79.859504,0,5,442,2147483647
31.208286178764, 17.6936,31.2923566787504, 20.0003,4,16.68066,4,11.91548,-0.082006,79.210496,0,5,443,2147483647
31.2235449790023, 15.8277,31.308481478598, 16.4147,4,16.68014,4,13.54803,0.009625,79.057904,0,5,444,2147483647
31.2412950783037, 15.65,31.324876378756, 14.2368,4,16.67951,4,10.89591,-0.982026,78.569696,0,5,445,2147483647
31.2574275783263, 18.6197,31.3410242791288, 18.3143,4,16.6807,4,12.41291,-0.199745,79.904896,0,5,446,2147483647
31.2742646778934, 15.7904,31.3590231793933, 15.8007,4,16.68015,4,9.527775,0.297938,78.2694,0,5,447,2147483647
31.2923566787504, 15.4797,31.3738141790964, 14.8216,4,16.67942,4,11.61683,-0.248907,79.0408,0,5,448,2147483647
31.308481478598, 18.4907,31.3907957789488, 18.3376,4,16.68052,4,11.33745,-0.710667,81.2478,0,5,449,2147483647
31.324876378756, 16.4246,31.4082071785815, 15.9529,4,16.68037,3,12.12146,0.023008,78.5254,0,4,450,2147483647
31.3410242791288, 16.5151,31.4243395780213, 17.8334,4,16.68027,4,9.890907,0.461723,80.216704,0,4,451,2147483647
31.3590231793933, 16.6187,31.4409782779403, 14.983,4,16.68023,4,10.45847,0.5725,80.7176,0,5,452,2147483647
31.3738141790964, 18.4754,31.4576586787589, 19.2468,4,16.68132,4,12.70929,0.179716,79.7744,0,5,453,2147483647
31.3907957789488, 14.0845,31.4745498788543, 16.2913,4,16.67974,4,10.20898,0.155256,58.6842,0,5,454,2147483647
31.4082071785815, 17.6478,31.4914883789606, 14.9247,4,16.68033,4,11.5342,0.145847,71.3558,0,5,455,2147483647
31.4243395780213, 16.3199,31.507031078916, 18.0114,4,16.68011,4,11.38548,-0.891034,78.8298,0,5,456,2147483647
31.4409782779403, 16.8823,31.5248354780488, 17.3828,4,16.68024,4,10.02604,-0.118194,81.5082,0,5,457,2147483647
31.4576586787589, 15.0557,31.5408706772141, 14.1309,4,16.67925,4,11.90665,-0.558981,78.699696,0,5,458,2147483647
31.4914883789606, 41.0182,31.5588521766476, 19.9093,4,16.69403,4,9.816034,1.101257,81.765,0,5,459,2147483647
31.507031078916, 2.3365,31.5741974762641, 15.0078,3,16.68531,4,12.87109,-0.294805,81.1184,0,5,460,2147483647
31.507031078916, 6.9913,31.5903697754256, 14.4645,3,16.67944,4,11.73718,0.762196,77.612096,0,5,461,2147483647
31.5248354780488, 17.8039,31.6089245746844, 20.482,4,16.68012,4,10.67734,-0.524179,79.468704,0,5,462,2147483647
31.5408706772141, 16.7851,31.6247496749274, 13.9768,4,16.68018,4,10.7029,-0.223198,78.9806,0,5,463,2147483647
31.5588521766476, 15.4649,31.6415054756217, 18.5295,4,16.67945,4,10.829,0.925535,80.066896,0,5,464,2147483647
31.5741974762641, 17.6994,31.6588344755583, 17.0524,4,16.68006,4,9.387279,0.290489,79.346704,0,5,465,2147483647
31.5903697754256, 17.1094,31.6741371755488, 13.603,4,16.68032,4,12.4257,-0.338115,77.4206,0,5,466,2147483647
31.6089245746844, 16.9812,31.6912156757899, 18.842,4,16.6805,4,12.14697,0.025869,80.181296,0,5,467,2147483647
31.6247496749274, 16.8564,31.7090372764505, 16.3634,4,16.68061,4,9.180311,-0.73368,79.034,0,5,468,2147483647
31.6415054756217, 15.1055,31.7252943762578, 16.1914,4,16.67966,4,11.64872,0.502003,78.7482,0,5,469,2147483647
31.6588344755583, 18.3019,31.7410519761033, 17.5806,4,16.68064,4,12.22003,0.783861,80.004096,0,5,470,2147483647
31.6741371755488, 16.6227,31.757648375351, 14.6971,4,16.6806,4,9.98368,-0.752936,76.5162,0,5,471,2147483647
31.6912156757899, 16.1057,31.7748156753369, 18.8665,4,16.68026,4,12.4781,-0.523615,80.663504,0,5,472,2147483647
31.7090372764505, 17.8236,31.7914271750487, 16.6761,4,16.68094,4,9.672139,-0.11407,80.7508,0,5,473,2147483647
31.7252943762578, 16.3393,31.8091892753728, 16.0535,4,16.68074,4,10.77494,-0.17218,77.332096,0,5,474,2147483647
31.7410519761033, 16.9595,31.8258017753251, 18.2152,4,16.68091,4,12.74302,0.365799,78.6398,0,5,475,2147483647
31.757648375351, 16.8613,31.8409940754063, 13.3738,4,16.68102,4,10.47837,-1.217794,80.067504,0,5,476,2147483647
31.7748156753369, 14.2904,31.8592779752798, 18.4366,4,16.67958,4,12.01588,0.41152,78.0228,0,5,477,2147483647
31.7914271750487, 18.1505,31.8757669744082, 18.2367,4,16.68046,4,12.059,-0.359536,78.933296,0,5,478,2147483647
31.8091892753728, 16.9657,31.8910971744917, 13.5472,4,16.68063,4,9.753694,0.505262,80.109296,0,5,479,2147483647
31.8258017753251, 16.5508,31.9073440744542, 17.8583,4,16.68056,4,11.23348,-0.346649,79.602304,0,5,480,2147483647
31.8409940754063, 16.6217,31.9251851751469, 18.0487,4,16.68052,4,11.51284,-0.438602,79.960704,0,5,481,2147483647
31.8592779752798, 17.3231,31.9421328748576, 15.2881,4,16.6809,4,12.23054,1.275498,77.2112,0,5,482,2147483647
31.8757669744082, 15.7114,31.958839874249, 16.6119,4,16.68032,4,9.656349,-0.228897,77.981904,0,5,483,2147483647
31.8910971744917, 17.2088,31.9750231741928, 18.3862,4,16.68064,4,12.2476,-0.188303,78.2462,0,5,484,2147483647
31.9073440744542, 14.585,31.991337174084, 14.0768,4,16.67939,4,12.2965,-0.697248,78.0126,0,5,485,2147483647
31.9251851751469, 19.0661,32.0087650748901, 19.4243,4,16.68081,4,8.587197,-0.672153,78.7962,0,5,486,2147483647
31.9421328748576, 16.7406,32.0246523744427, 13.9906,4,16.68085,4,11.9226,0.111865,78.171,0,5,487,2147483647
31.958839874249, 16.4242,32.0418490744196, 17.1946,4,16.6807,4,11.98935,-0.028157,79.843296,0,5,488,2147483647
31.9750231741928, 16.883,32.0574609744363, 17.1471,4,16.68082,4,11.14455,-0.029501,79.0508,0,5,489,2147483647
31.991337174084, 16.5091,32.0752858738415, 16.2757,4,16.68072,4,12.43083,-0.860819,78.716096,0,5,490,2147483647
32.0087650748901, 16.8687,32.0911438739859, 17.6513,4,16.68083,4,9.982457,0.324882,80.6642,0,5,491,2147483647
32.0246523744427, 17.0337,32.1092780730687, 16.4085,4,16.68104,4,10.0838,-0.068447,78.121104,0,5,492,2147483647
32.0418490744196, 16.9552,32.1261675725691, 18.6269,4,16.6812,4,11.91912,0.761513,80.141,0,5,493,2147483647
32.0574609744363, 14.4978,32.1417677723803, 13.7047,4,16.6799,4,11.05032,0.223993,79.208,0,5,494,2147483647
32.0752858738415, 17.6705,32.1591590722091, 17.3357,4,16.68049,4,11.44915,0.059777,78.1182,0,5,495,2147483647
32.0911438739859, 15.8987,32.1752464720048, 17.8469,4,16.68003,4,12.02609,-0.266597,80.4748,0,5,496,2147483647
32.1092780730687, 17.4843,32.1918707718141, 14.9427,4,16.6805,4,9.335007,0.291163,77.6532,0,5,497,2147483647
32.1261675725691, 16.7634,32.2090526712127, 18.7809,4,16.68055,4,11.80132,0.083538,81.133696,0,5,498,2147483647
32.1417677723803, 17.0309,32.2250972711481, 16.098,4,16.68076,4,10.0361,0.789339,80.922704,0,5,499,2147483647
32.1591590722091, 16.2893,32.2419000719674, 15.1993,4,16.68053,4,10.56274,-1.069907,79.199696,0,5,500,2147483647
32.1752464720048, 16.411,32.2590740718879, 18.7673,4,16.68037,4,11.43256,-0.227232,80.1606,0,5,501,2147483647
32.1918707718141, 17.3883,32.2752200723626, 14.5669,4,16.68079,4,10.00826,-0.306062,80.1004,0,5,502,2147483647
32.2090526712127, 14.2513,32.2928960719146, 17.7316,4,16.67935,4,10.83881,0.106081,78.6206,0,5,503,2147483647
32.2250972711481, 18.3025,32.3089005728252, 18.0914,4,16.68031,4,12.86523,-0.628373,78.219504,0,5,504,2147483647
32.2419000719674, 16.1833,32.3256692723371, 14.4594,4,16.68002,4,11.99526,-0.098739,80.077504,0,5,505,2147483647
32.2590740718879, 16.7755,32.3417132725008, 17.7358,4,16.68007,4,10.26412,-0.006967,82.680304,0,5,506,2147483647
32.2752200723626, 16.7643,32.3582389731891, 16.7047,4,16.68012,4,11.73637,-0.696396,78.612496,0,5,507,2147483647
32.2928960719146, 16.4275,32.3747588736005, 14.9466,4,16.67997,4,10.82884,-0.122219,79.5852,0,5,508,2147483647
32.3089005728252, 17.4151,32.3919850741513, 17.0143,4,16.68041,4,12.13577,-0.247296,78.236496,0,5,509,2147483647
32.3256692723371, 17.0173,32.4087314740755, 18.8768,4,16.68061,4,11.9104,-0.526761,80.4602,0,5,510,2147483647
32.3417132725008, 14.5589,32.4261314743198, 17.1592,4,16.67936,4,10.81912,0.025598,79.616896,0,5,511,2147483647
32.3582389731891, 18.551,32.4425944746472, 14.4826,4,16.68046,4,12.1635,-0.147638,77.339504,0,5,512,2147483647
32.3747588736005, 17.1521,32.4588758745231, 18.1333,4,16.68073,4,10.64626,0.400499,78.1674,0,5,513,2147483647
32.3919850741513, 16.3482,32.4757420741953, 14.9912,4,16.68054,4,12.551,-1.050891,80.026704,0,5,514,2147483647
32.4087314740755, 14.6413,32.4924632743932, 16.8648,4,16.67934,4,11.74944,-0.211484,79.953904,0,5,515,2147483647
32.4261314743198, 18.6016,32.5084851742722, 17.7581,4,16.68047,4,10.4923,-0.512892,80.1974,0,5,516,2147483647
32.4425944746472, 17.8329,32.5257967733778, 15.5551,4,16.68115,4,11.32939,-0.446862,81.0582,0,5,517,2147483647
32.4588758745231, 15.7254,32.5418195729144, 16.5533,4,16.68059,4,11.48298,-0.290663,78.935,0,5,518,2147483647
32.4757420741953, 16.8871,32.5591337722726, 18.8228,4,16.68071,4,10.52809,-0.384248,80.6272,0,5,519,2147483647
32.4924632743932, 16.2541,32.5772831724025, 16.1036,4,16.68046,4,12.32586,-0.273744,80.6074,0,5,520,2147483647
32.5084851742722, 15.3167,32.5927879721858, 15.5601,4,16.67966,4,10.70606,0.701701,79.020896,0,5,521,2147483647
32.5257967733778, 17.2468,32.6089740716852, 18.1074,4,16.67999,4,12.14995,-0.014354,79.048896,0,5,522,2147483647
32.5418195729144, 16.7252,32.6256296713836, 14.6019,4,16.68002,4,12.26114,-0.556594,81.134896,0,5,523,2147483647
32.5591337722726, 15.5306,32.6427841712721, 17.2226,4,16.67935,4,10.0661,-0.355535,78.6016,0,5,524,2147483647
32.5772831724025, 17.8396,32.6588462707587, 17.8195,4,16.68002,4,11.30465,1.324657,78.671296,0,5,525,2147483647
32.5927879721858, 16.5238,32.6753619709052, 14.9371,4,16.67993,4,9.847894,-0.381554,80.9784,0,5,526,2147483647
32.6089740716852, 17.2649,32.6928237699904, 17.2923,4,16.68027,4,12.42964,0.767103,77.708304,0,5,527,2147483647
32.6256296713836, 16.6415,32.7086800695397, 18.7274,4,16.68025,4,12.16314,-0.32279,77.812304,0,5,528,2147483647
32.6427841712721, 16.8356,32.7258762703277, 14.3018,4,16.68034,4,8.843954,0.741158,79.846096,0,5,529,2147483647
32.6588462707587, 16.6107,32.7425216701813, 16.6804,4,16.6803,4,12.0284,-0.036856,78.4538,0,5,530,2147483647
32.6753619709052, 16.8348,32.7599748694338, 19.1412,4,16.68039,4,9.37869,0.583899,78.2018,0,5,531,2147483647
32.6928237699904, 16.6717,32.775070969481, 13.4016,4,16.68039,4,12.11054,0.437963,80.240896,0,5,532,2147483647
32.7086800695397, 17.4773,32.7926188693382, 17.5808,4,16.68085,4,9.535556,-0.314429,79.9844,0,5,533,2147483647
32.7258762703277, 15.9818,32.8086976693012, 18.0151,4,16.68044,4,10.0017,-0.108001,77.707696,0,5,534,2147483647
32.7425216701813, 16.4293,32.8254187689163, 15.037,4,16.6803,4,11.15824,-0.946625,80.2948,0,5,535,2147483647
32.7599748694338, 17.0192,32.842603968922, 16.7671,4,16.68049,4,9.940629,0.888536,79.5806,0,5,536,2147483647
32.775070969481, 17.0937,32.8596292682923, 19.1327,4,16.68073,4,12.2581,-0.767293,80.458896,0,5,537,2147483647
32.7926188693382, 15.8296,32.875583068002, 15.5727,4,16.68024,4,11.97933,-1.035712,79.3956,0,5,538,2147483647
32.8086976693012, 17.0499,32.8920510676689, 14.7729,4,16.68045,4,11.13866,0.513319,79.9324,0,5,539,2147483647
32.8254187689163, 15.9926,32.9087260668166, 18.5794,4,16.68006,4,10.92799,0.357934,80.021504,0,5,540,2147483647
32.842603968922, 17.0212,32.9251509667374, 16.3069,4,16.68025,4,10.65811,-0.815727,80.6816,0,5,541,2147483647
32.8596292682923, 15.1431,32.9428289667703, 16.0211,4,16.67936,4,13.02478,0.474886,79.884704,0,5,542,2147483647
32.875583068002, 18.027,32.9583647665568, 16.9639,4,16.68014,4,11.27537,-0.095052,80.184704,0,5,543,2147483647
32.8920510676689, 17.5023,32.9761382662691, 18.0387,4,16.68062,4,9.643527,-0.794241,80.2238,0,5,544,2147483647
32.9087260668166, 14.5598,32.9927171659656, 14.6488,4,16.67939,4,12.51531,-0.457917,78.162496,0,5,545,2147483647
32.9251509667374, 18.5604,33.0096557666548, 19.2201,4,16.68048,4,9.483652,0.183001,80.053504,0,5,546,2147483647
32.9428289667703, 16.6095,33.025952166412, 15.8124,4,16.68044,4,11.77544,-0.468637,79.979104,0,5,547,2147483647
32.9583647665568, 14.771,33.042553266976, 15.0708,4,16.67934,4,10.89602,-0.807199,78.0356,0,5,548,2147483647
32.9761382662691, 18.4502,33.0595144671388, 18.4887,4,16.68036,4,11.7031,-0.201591,78.5308,0,5,549,2147483647
32.9927171659656, 16.8449,33.0758238662966, 14.7836,4,16.68045,4,9.865437,-0.722586,79.6216,0,5,550,2147483647
33.0096557666548, 14.9869,33.0929292668588, 16.8779,4,16.67948,4,10.5272,-0.60486,78.234496,0,5,551,2147483647
33.025952166412, 18.9185,33.1099489671178, 18.8436,4,16.68077,4,12.74879,-0.057273,80.476896,0,5,552,2147483647
33.042553266976, 16.0171,33.1257122666575, 14.0729,4,16.68038,4,10.40819,-0.810316,79.902096,0,5,553,2147483647
33.0595144671388, 16.5586,33.1427547675557, 17.0538,4,16.68031,4,10.82636,-0.921301,78.9388,0,5,554,2147483647
33.0758238662966, 17.2025,33.1594167673029, 18.302,4,16.68061,4,12.35757,-1.011303,81.845904,0,5,555,2147483647
33.0929292668588, 15.9868,33.1755827669986, 14.5909,4,16.68022,4,9.858716,0.564472,78.890096,0,5,556,2147483647
33.1099489671178, 15.2068,33.193102766294, 17.4493,4,16.67937,4,12.8109,-0.912983,79.3206,0,5,557,2147483647
33.1257122666575, 18.077,33.2087050662376, 17.5017,4,16.68017,4,12.954,-0.944136,79.5252,0,5,558,2147483647
33.1427547675557, 16.8135,33.2263617669232, 15.8501,4,16.68025,4,10.94953,-0.078278,78.313504,0,5,559,2147483647
33.1594167673029, 15.2797,33.2426718664356, 18.1867,4,16.67945,4,10.83978,0.363437,77.747104,0,5,560,2147483647
33.1755827669986, 18.2947,33.2599175670184, 15.3384,4,16.68037,4,9.498336,-0.444048,80.265104,0,5,561,2147483647
33.193102766294, 16.5978,33.2768642664887, 17.0281,4,16.68032,4,12.49338,-0.345009,78.653104,0,5,562,2147483647
33.2087050662376, 16.9065,33.2925077662803, 17.1107,4,16.68045,4,10.06266,-0.15847,79.072096,0,5,563,2147483647
33.2263617669232, 16.1704,33.3091104668565, 14.9591,4,16.68016,4,9.652848,-0.236501,80.1134,0,5,564,2147483647
33.2426718664356, 16.9377,33.3255850677378, 16.3709,4,16.68031,4,12.17451,0.618131,78.6546,0,5,565,2147483647
33.2599175670184, 16.6397,33.3428573668934, 19.1578,4,16.68028,4,12.21667,0.291084,78.676896,0,5,566,2147483647
33.2768642664887, 16.646,33.3597486675717, 15.0333,4,16.68027,4,10.0163,-0.293971,80.6838,0,5,567,2147483647
33.2925077662803, 16.5034,33.3766774670221, 16.9332,4,16.68016,4,12.03887,0.604908,78.8346,0,5,568,2147483647
33.3091104668565, 16.7784,33.3926826664247, 17.809,4,16.68022,4,11.25452,-0.028774,81.262,0,5,569,2147483647
33.3255850677378, 16.4895,33.4095128667541, 15.0302,4,16.68011,4,9.738471,-1.122526,82.3492,0,5,570,2147483647
33.3428573668934, 17.0542,33.4265776672401, 17.0758,4,16.68032,4,11.92959,0.590606,80.147,0,5,571,2147483647
33.3597486675717, 16.994,33.4438955676742, 19.0184,4,16.6805,4,9.501374,-0.207579,80.7402,0,5,572,2147483647
33.3766774670221, 15.7701,33.459504367318, 13.9033,4,16.67999,4,9.995826,0.51213,78.348704,0,5,573,2147483647
33.3926826664247, 16.6209,33.4768962669186, 19.0481,4,16.67995,4,13.11849,0.191255,79.9188,0,5,574,2147483647
33.4095128667541, 17.3167,33.4945900677703, 18.4038,4,16.68031,4,9.572679,-0.002257,79.084704,0,5,575,2147483647
33.4265776672401, 16.2132,33.5108899674378, 14.0103,4,16.68005,4,10.29317,-0.594191,79.3006,0,5,576,2147483647
33.4438955676742, 17.1658,33.5269087678753, 17.759,4,16.68032,4,11.37475,-0.320681,80.428096,0,5,577,2147483647
33.459504367318, 16.5821,33.542868367862, 14.1906,4,16.68027,4,11.76476,-0.290356,78.3426,0,5,578,2147483647
33.4768962669186, 15.136,33.5596858686768, 16.7056,4,16.67939,4,9.716991,0.172391,77.642496,0,5,579,2147483647
33.4945900677703, 19.5126,33.5765605694614, 18.678,4,16.681,4,12.61428,0.206547,77.9972,0,5,580,2147483647
33.5108899674378, 15.6295,33.5940597685985, 15.8454,4,16.6804,4,10.19246,-1.382988,81.862,0,5,581,2147483647
33.5269087678753, 16.9397,33.6104852682911, 18.067,4,16.68055,4,12.15951,-0.109047,82.6452,0,5,582,2147483647
33.542868367862, 17.0273,33.6254902682267, 14.9421,4,16.68074,4,11.61215,-0.217006,78.647,0,5,583,2147483647
33.5596858686768, 16.3803,33.6428544684313, 15.6799,4,16.68057,4,9.998288,0.034738,80.382096,0,5,584,2147483647
33.5765605694614, 16.34,33.6594418692403, 16.6936,4,16.68038,4,13.06865,-0.609394,78.801296,0,5,585,2147483647
33.5940597685985, 17.0894,33.6784339691512, 20.9545,4,16.68061,4,10.08541,-0.597226,78.0326,0,5,586,2147483647
33.6104852682911, 15.0028,33.6960823698901, 15.7859,4,16.67967,4,12.17916,-0.287308,80.199504,0,5,587,2147483647
33.6254902682267, 18.656,33.7108173700981, 14.6568,4,16.68078,4,11.70289,-0.597165,78.9862,0,5,588,2147483647
33.6428544684313, 16.1648,33.7268485701643, 17.8997,4,16.68049,4,10.54493,0.172861,77.8024,0,5,589,2147483647
33.6594418692403, 16.5831,33.7436863700859, 15.0023,4,16.68044,4,12.46891,-0.485217,80.0188,0,5,590,2147483647
33.6784339691512, 16.2964,33.7593595697545, 15.5271,4,16.68022,4,12.04667,-0.217279,78.5222,0,5,591,2147483647
33.6960823698901, 17.2987,33.7768132700585, 19.4658,4,16.68057,4,10.40354,0.129153,79.862096,0,5,592,2147483647
33.7108173700981, 16.2268,33.7938814698718, 15.0124,4,16.68031,4,11.87272,-0.539478,78.423296,0,5,593,2147483647
33.7268485701643, 16.8839,33.8096067695878, 15.7002,4,16.68043,4,10.47588,0.084116,78.8,0,5,594,2147483647
33.7436863700859, 16.3355,33.8263543690555, 18.5516,4,16.68023,4,11.33075,-0.507499,78.144096,0,5,595,2147483647
33.7593595697545, 17.0862,33.8436822681688, 15.5899,4,16.68046,4,11.65388,-0.499879,80.210896,0,5,596,2147483647
33.7768132700585, 16.177,33.8595165680163, 17.5161,4,16.68018,4,10.70208,-0.101912,78.9582,0,5,597,2147483647
33.7938814698718, 16.9017,33.8767004678957, 15.4629,4,16.6803,4,11.7451,-0.882506,79.902496,0,5,598,2147483647
33.8096067695878, 16.9243,33.8935616682284, 17.3007,4,16.68044,4,10.41248,0.685459,80.4264,0,5,599,2147483647
33.8263543690555, 16.3413,33.909597768914, 15.6852,4,16.68025,4,10.31021,0.202956,78.8924,0,5,600,2147483647
33.8436822681688, 16.7255,33.9265927686356, 18.7912,4,16.68027,4,11.65771,-0.845865,79.8514,0,5,601,2147483647
33.8595165680163, 16.5869,33.9437585691921, 15.482,4,16.68022,4,11.10324,0.511695,78.2838,0,5,602,2147483647
33.8767004678957, 14.8701,33.9595403685234, 15.6663,4,16.67921,4,11.07634,0.129448,79.0556,0,5,603,2147483647
33.8935616682284, 18.574,33.9769154689275, 19.0975,4,16.68027,4,11.78306,-0.52785,81.223,0,5,604,2147483647
33.909597768914, 16.7753,33.9939421690069, 15.2412,4,16.68032,4,11.0464,-0.674172,78.004304,0,5,605,2147483647
33.9265927686356, 16.5687,34.0096185686998, 17.5346,4,16.68026,4,11.41635,-0.274794,80.3692,0,5,606,2147483647
33.9437585691921, 17.0447,34.0269286683761, 15.4702,4,16.68046,4,10.27045,0.215064,77.082096,0,5,607,2147483647
33.9595403685234, 16.6391,34.0441813687794, 17.4108,4,16.68044,4,12.67507,-0.301899,80.447,0,5,608,2147483647
33.9769154689275, 16.1994,34.0608828696422, 18.3662,4,16.68017,4,12.60159,1.644735,79.7956,0,5,609,2147483647
33.9939421690069, 16.6746,34.0762029695325, 13.4651,4,16.68017,4,10.54674,-0.012269,77.7542,0,5,610,2147483647
34.0096185686998, 15.3161,34.0938171702437, 17.6717,4,16.67941,4,11.7232,0.329444,79.5234,0,5,611,2147483647
34.0269286683761, 18.8922,34.1095636705868, 15.6048,4,16.68064,4,12.28646,0.381388,79.228304,0,5,612,2147483647
34.0441813687794, 17.637,34.127948270645, 21.0016,4,16.68117,4,8.690169,0.048222,77.1156,0,5,613,2147483647
34.0608828696422, 13.4417,34.1431141705252, 12.79,4,16.67937,4,12.05686,-0.591644,79.899904,0,5,614,2147483647
34.0762029695325, 18.5838,34.1597052705474, 16.5418,4,16.68043,4,11.53631,-0.404427,77.2572,0,5,615,2147483647
34.0938171702437, 16.4457,34.1761263706721, 18.2148,4,16.6803,4,9.605578,-1.273654,80.8874,0,5,616,2147483647
34.1095636705868, 16.4764,34.1938737710007, 16.1807,4,16.68019,4,11.79554,0.369152,80.064496,0,5,617,2147483647
34.127948270645, 17.8426,34.2097533703782, 15.7293,4,16.68083,4,12.55893,-0.739832,78.905504,0,5,618,2147483647
34.1431141705252, 16.0611,34.2269648709334, 18.8451,4,16.68049,4,10.81815,-0.057291,77.4986,0,5,619,2147483647
34.1597052705474, 17.4158,34.2435908713378, 14.7732,4,16.68089,4,13.19995,1.017418,78.410096,0,5,620,2147483647
34.1761263706721, 15.3414,34.2606055722572, 18.9719,4,16.68015,4,9.870332,0.396314,78.489504,0,5,621,2147483647
34.1938737710007, 19.0123,34.2788651720621, 18.1885,4,16.68144,4,12.66219,-0.135912,79.505104,0,5,622,2147483647
34.2097533703782, 15.7979,34.2932443716563, 14.6384,4,16.68096,4,10.34348,0.047362,78.265696,0,5,623,2147483647
34.2269648709334, 17.3508,34.3111806721427, 15.944,4,16.68133,4,10.94349,-0.229464,77.42,0,5,624,2147483647
34.2435908713378, 16.7373,34.326976171229, 17.6481,4,16.68136,4,10.01091,-0.455669,78.371504,0,5,625,2147483647
34.2606055722572, 14.3468,34.3434197721072, 14.4263,4,16.68007,4,12.03334,0.129726,78.555104,0,5,626,2147483647
34.2788651720621, 16.4612,34.3608242725022, 17.4762,4,16.67995,4,9.970964,-0.976679,77.584896,0,5,627,2147483647
34.2932443716563, 18.5158,34.3765355725773, 17.2765,4,16.68096,4,9.817269,0.406754,78.183,0,5,628,2147483647
34.3111806721427, 16.7457,34.3937214729376, 15.9,4,16.681,4,12.36577,0.078687,79.728896,0,5,629,2147483647
34.326976171229, 16.8712,34.4115452733822, 17.8224,4,16.6811,4,9.648079,-0.873817,79.441,0,5,630,2147483647
34.3434197721072, 16.9485,34.4270896730013, 17.1313,4,16.68125,4,10.29755,-0.943237,76.0822,0,5,631,2147483647
34.3608242725022, 16.4858,34.4441755735315, 15.5158,4,16.68114,4,11.18051,0.195874,80.983696,0,5,632,2147483647
34.3765355725773, 16.1979,34.4612235729583, 16.7954,4,16.68087,4,9.970217,1.131612,76.909904,0,5,633,2147483647
34.3937214729376, 16.8974,34.4776432723738, 18.443,4,16.68099,4,12.83774,-0.195371,79.6692,0,5,634,2147483647
34.4115452733822, 15.8096,34.4934153729118, 15.5215,4,16.68051,4,11.09923,0.161403,78.782896,0,5,635,2147483647
34.4270896730013, 17.9871,34.5097754732706, 14.628,4,16.68123,4,11.78959,-0.091762,80.4052,0,5,636,2147483647
34.4441755735315, 16.2022,34.5288478736766, 21.1031,4,16.68097,4,10.84107,-0.347502,77.680496,0,5,637,2147483647
34.4612235729583, 16.5819,34.5434366739355, 12.5082,4,16.68091,4,10.5852,-0.04718,80.5714,0,5,638,2147483647
34.4776432723738, 14.9311,34.5610544732772, 17.6899,4,16.67996,4,11.69816,-0.086353,79.3876,0,5,639,2147483647
34.4934153729118, 18.7706,34.5771682742052, 17.8845,4,16.6811,4,10.3813,-0.355061,80.7392,0,5,640,2147483647
34.5097754732706, 15.4385,34.5941134742461, 17.0604,4,16.68042,4,12.20308,-0.031738,80.278896,0,5,641,2147483647
34.5288478736766, 17.8295,34.6110241743736, 15.1045,4,16.68105,4,10.37175,0.321045,79.410304,0,5,642,2147483647
34.5434366739355, 15.1966,34.6270892745815, 18.0872,4,16.68024,4,11.72426,-0.951734,79.1746,0,5,643,2147483647
34.5610544732772, 16.9635,34.6448242752813, 15.78,4,16.68039,4,12.15474,1.015213,80.422704,0,5,644,2147483647
34.5771682742052, 14.8131,34.6610040753148, 16.1645,4,16.67937,4,10.22305,0.273268,78.1522,0,5,645,2147483647
34.5941134742461, 18.4567,34.6772088757716, 17.9954,4,16.68034,4,11.63873,-0.601332,80.804096,0,5,646,2147483647
34.6110241743736, 16.2658,34.6943579758517, 15.3969,4,16.68012,4,11.09489,-1.233043,80.0108,0,5,647,2147483647
34.6270892745815, 16.9682,34.7112685753964, 16.7323,4,16.68027,4,9.121932,1.065279,78.181904,0,5,648,2147483647
34.6448242752813, 16.6519,34.7274137749337, 17.908,4,16.68026,4,11.55643,-0.164761,78.889504,0,5,649,2147483647
34.6610040753148, 17.1611,34.7440923745744, 14.8826,4,16.68052,4,10.94444,-0.042387,80.1062,0,5,650,2147483647
34.6772088757716, 16.1664,34.7610486741178, 18.8176,4,16.68024,4,13.18712,-0.648935,79.5608,0,5,651,2147483647
34.6943579758517, 17.007,34.7774169738404, 16.2138,4,16.68042,4,10.91316,-0.744531,78.329904,0,5,652,2147483647
34.7112685753964, 16.762,34.7940557743423, 14.9334,4,16.68046,4,10.29689,0.03153,81.257296,0,5,653,2147483647
34.7274137749337, 16.3072,34.8110071751289, 17.0142,4,16.68026,4,11.99833,-0.525145,77.779,0,5,654,2147483647
34.7440923745744, 17.5151,34.8283283743076, 18.7327,4,16.68071,4,10.71163,-0.077515,79.2296,0,5,655,2147483647
34.7610486741178, 14.6903,34.8440398736857, 14.1434,4,16.67963,4,10.68907,0.056676,81.54,0,5,656,2147483647
34.7774169738404, 18.2047,34.8610189738683, 16.9738,4,16.68046,4,11.67395,0.221254,80.905296,0,5,657,2147483647
34.7940557743423, 16.4772,34.8781170747243, 19.4041,4,16.68035,4,10.86222,-0.427117,78.966704,0,5,658,2147483647
34.8110071751289, 17.4526,34.8943034741096, 13.9745,4,16.68077,4,11.87182,-0.277444,81.5414,0,5,659,2147483647
34.8283283743076, 16.16,34.9111878736876, 17.6111,4,16.68049,4,11.72765,-0.661101,80.912,0,5,660,2147483647
34.8440398736857, 16.5947,34.9289863738231, 18.9037,4,16.68044,4,11.73522,-0.43108,80.183,0,5,661,2147483647
34.8610189738683, 16.4598,34.9445494734682, 15.8249,4,16.68032,4,10.27854,0.618513,80.7142,0,5,662,2147483647
34.8781170747243, 16.5506,34.96106697293, 14.6123,4,16.68025,4,12.2077,-0.081753,78.4002,0,5,663,2147483647
34.8943034741096, 16.3077,34.9781132736243, 18.8819,4,16.68005,4,10.59398,-0.44074,78.705104,0,5,664,2147483647
34.9111878736876, 16.7336,34.9945059739985, 16.1041,4,16.68008,4,12.28269,-0.045774,78.848704,0,5,665,2147483647
34.9289863738231, 15.7707,35.0112660736777, 15.0412,4,16.67959,4,11.07595,0.90446,78.539296,0,5,666,2147483647
34.9445494734682, 18.4162,35.0283542745747, 18.9473,4,16.68052,4,10.08254,-0.286125,78.1636,0,5,667,2147483647
34.96106697293, 17.875,35.0456381742842, 15.5609,4,16.68117,4,12.36707,-0.262484,81.175904,0,5,668,2147483647
34.9781132736243, 14.5643,35.0606940747239, 14.8688,4,16.68003,4,10.15414,-0.760818,77.2304,0,5,669,2147483647
34.9945059739985, 18.0522,35.0771189746447, 18.1955,4,16.68077,4,9.102325,-0.770752,80.0418,0,5,670,2147483647
35.0112660736777, 16.721,35.0952462744899, 16.4118,4,16.68079,4,11.93158,-0.38772,82.216896,0,5,671,2147483647
35.0283542745747, 16.4255,35.1113107749261, 16.0492,4,16.68065,4,11.98042,0.95728,78.122096,0,5,672,2147483647
35.0456381742842, 16.7557,35.1290650744922, 19.7676,4,16.68069,4,10.68725,0.307217,78.1628,0,5,673,2147483647
35.0606940747239, 15.945,35.1430793744512, 11.9996,4,16.6803,4,12.62162,-0.38464,80.5376,0,5,674,2147483647
35.0771189746447, 17.381,35.1613331739791, 20.1919,4,16.68067,4,12.23262,0.302231,83.206,0,5,675,2147483647
35.0952462744899, 16.2736,35.1799153746106, 18.4663,4,16.68045,4,9.008383,-1.082411,76.6952,0,5,676,2147483647
35.1113107749261, 16.8445,35.1943602743559, 12.7321,4,16.68054,4,11.46514,-0.071074,80.5084,0,5,677,2147483647
35.1290650744922, 16.8611,35.211189174559, 16.9013,4,16.68064,4,11.92027,-0.525514,80.2662,0,5,678,2147483647
35.1430793744512, 16.1509,35.228254174348, 18.5273,4,16.68035,4,9.821311,-0.469323,80.7364,0,5,679,2147483647
35.1613331739791, 14.9246,35.2452596738003, 17.5906,4,16.67941,4,13.04067,0.96618,82.188496,0,5,680,2147483647
35.1799153746106, 20.0984,35.2611021730117, 13.5876,4,16.68124,4,10.15231,0.412328,80.446704,0,5,681,2147483647
35.1943602743559, 15.0292,35.2778626731597, 18.8418,4,16.68036,4,12.54712,0.042809,80.7566,0,5,682,2147483647
35.211189174559, 16.4307,35.2942096735351, 16.1892,4,16.68023,4,12.29332,-0.427016,81.0376,0,5,683,2147483647
35.228254174348, 14.8816,35.3114106743596, 15.3527,4,16.67927,4,8.972272,0.889315,81.3294,0,5,684,2147483647
35.2452596738003, 18.0896,35.3289491734467, 19.5399,4,16.68002,4,9.242491,-0.981053,78.620496,0,5,685,2147483647
35.2611021730117, 16.99,35.346163073089, 15.2478,4,16.68018,4,11.68542,-0.642883,79.146896,0,5,686,2147483647
35.2778626731597, 15.3305,35.3619313738309, 15.6405,4,16.67946,4,10.05239,0.012093,81.343696,0,5,687,2147483647
35.2942096735351, 18.029,35.3786550736986, 18.3095,4,16.68018,4,10.93325,-0.52245,79.9712,0,5,688,2147483647
35.3114106743596, 16.7058,35.3970784745179, 16.9975,4,16.6802,4,12.79328,-0.543382,81.3376,0,5,689,2147483647
35.3289491734467, 17.5607,35.4119929741137, 14.8511,4,16.68067,4,11.13901,-0.542895,81.060304,0,5,690,2147483647
35.346163073089, 16.5533,35.4271541745402, 17.0798,4,16.6806,4,11.86435,-0.428331,80.7966,0,5,691,2147483647
35.3619313738309, 15.575,35.4448391743936, 17.7719,4,16.68001,4,10.71278,-0.02108,79.837504,0,5,692,2147483647
35.3786550736986, 16.3099,35.4617008739151, 14.9369,4,16.67981,4,12.40979,-1.139229,80.7814,0,5,693,2147483647
35.3970784745179, 17.9268,35.4789394740947, 19.2926,4,16.68048,4,9.832131,-0.022443,79.239696,0,5,694,2147483647
35.4119929741137, 16.7296,35.495716674719, 16.4526,4,16.6805,4,10.23008,-0.714379,78.1086,0,5,695,2147483647
35.4271541745402, 14.6314,35.5118925743736, 14.3674,4,16.67941,4,11.99343,0.573804,81.135,0,5,696,2147483647
35.4448391743936, 18.0357,35.5290117752738, 17.0894,4,16.68013,4,10.66124,-0.767977,79.3574,0,5,697,2147483647
35.4617008739151, 16.3171,35.5444718752988, 17.2471,4,16.67994,4,9.963579,-1.284722,79.333696,0,5,698,2147483647
35.4789394740947, 16.3185,35.5610928745009, 14.7771,4,16.67975,4,12.5112,0.568216,80.519296,0,5,699,2147483647
35.495716674719, 18.2413,35.5781602752395, 17.1096,4,16.68058,4,9.280477,-0.276506,79.458496,0,5,700,2147483647
35.5118925743736, 15.608,35.594852975104, 18.6339,4,16.68001,3,10.95052,-0.23241,80.468096,0,4,701,2147483647
35.5290117752738, 16.43,35.6114454758354, 14.6524,4,16.67988,2,13.17788,0.39378,81.5276,0,3,702,2147483647
35.5444718752988, 17.4481,35.6288586766459, 17.4244,4,16.68028,4,9.367306,-0.932079,81.1924,0,4,703,2147483647
35.5610928745009, 16.6425,35.6449513775297, 17.8362,4,16.68026,4,12.07531,-0.542117,78.610096,0,5,704,2147483647
35.5781602752395, 15.8743,35.6614676774479, 14.8055,4,16.67984,4,10.22752,0.61708,41.0649,0,5,705,2147483647
35.594852975104, 16.9941,35.6790591781028, 18.0029,4,16.68,4,9.855879,0.168224,57.1961,0,5,706,2147483647
35.6114454758354, 16.9461,35.695488978643, 18.0056,4,16.68014,4,12.94092,-0.744521,69.7324,0,5,707,2147483647
35.6288586766459, 16.9755,35.7115160790272, 16.6393,4,16.6803,4,10.77352,-0.83986,80.173296,0,5,708,2147483647
35.6449513775297, 17.0443,35.728691179771, 14.4623,4,16.68049,4,11.08248,-0.358267,80.8228,0,5,709,2147483647
35.695488978643, 55.977,35.7450437792577, 18.4315,4,16.7012,4,11.58312,-0.423482,79.740304,0,5,710,2147483647
35.695488978643, 0.4986,35.7620133799501, 16.6284,2,16.69266,4,10.68326,0.634939,78.667104,0,5,711,2147483647
35.7115160790272, 2.0773,35.7784219798632, 14.6137,3,16.68497,4,12.66717,0.637977,80.637504,0,5,712,2147483647
35.7115160790272, 8.2061,35.7951694806106, 18.6474,3,16.68051,4,10.48338,-0.847356,81.064,0,5,713,2147483647
35.728691179771, 15.8404,35.8117750813253, 16.4897,4,16.68007,4,10.48796,0.688688,77.856304,0,5,714,2147483647
35.7450437792577, 15.7559,35.828200081829, 14.6732,4,16.67958,4,11.11582,0.496768,80.5416,0,5,715,2147483647
35.7620133799501, 18.4847,35.8454418820329, 17.4114,4,16.68053,4,9.584456,-0.808637,77.9738,0,5,716,2147483647
35.7784219798632, 16.3691,35.8617351823486, 18.339,4,16.68037,4,12.89671,-1.223562,79.110496,0,5,717,2147483647
35.7951694806106, 14.6488,35.8787502818741, 15.1003,4,16.6793,4,11.13543,-0.119403,80.500096,0,5,718,2147483647
35.8117750813253, 18.9006,35.8945903819986, 15.6668,4,16.68047,4,9.579937,0.158509,81.749904,0,5,719,2147483647
35.828200081829, 16.0344,35.9114407827146, 18.72,4,16.68013,4,12.71846,0.164295,80.7226,0,5,720,2147483647
35.8454418820329, 17.6553,35.9283336834051, 15.0965,4,16.68064,4,11.5405,-0.323555,80.917,0,5,721,2147483647
35.8617351823486, 16.3193,35.9458207827993, 17.4462,4,16.68045,4,10.16639,-0.688552,80.353,0,5,722,2147483647
35.8787502818741, 16.1728,35.9618896828033, 17.5624,4,16.68019,4,11.56231,0.051831,79.903504,0,5,723,2147483647
35.8945903819986, 16.8374,35.979558581952, 18.0867,4,16.68027,4,11.63066,-0.738984,78.992896,0,5,724,2147483647
35.9114407827146, 15.2767,35.9958833814599, 14.2491,4,16.67953,4,9.926152,-0.218511,78.960896,0,5,725,2147483647
35.9283336834051, 17.8807,36.0118924812414, 18.0752,4,16.68016,4,12.53177,-1.253848,80.366,0,5,726,2147483647
35.9458207827993, 17.1827,36.0287262820639, 16.6182,4,16.68042,4,9.789484,-0.161448,78.872704,0,5,727,2147483647
35.9618896828033, 14.9788,36.0451393821277, 14.5293,4,16.67953,4,12.47521,-0.97835,79.4938,0,5,728,2147483647
35.979558581952, 19.0068,36.0613483828492, 18.096,4,16.68075,4,11.96285,0.429859,81.6672,0,5,729,2147483647
35.9958833814599, 15.4009,36.0785579835065, 15.3685,4,16.68008,4,11.50525,0.688633,78.386704,0,5,730,2147483647
36.0118924812414, 15.2474,36.0952785839327, 16.652,4,16.67933,4,11.90705,-0.347271,81.877904,0,5,731,2147483647
36.0287262820639, 18.4495,36.1119747837074, 16.9653,4,16.68026,3,10.93744,0.140976,80.001296,0,4,732,2147483647
36.0451393821277, 17.3033,36.1281348844059, 17.9161,4,16.68058,2,11.18447,-0.286184,82.175296,0,3,733,2147483647
36.0613483828492, 14.7895,36.1469178837724, 16.9614,4,16.6796,4,9.264371,-0.329313,81.6414,0,5,734,2147483647
36.0785579835065, 17.8583,36.1615778836422, 14.5773,4,16.68021,4,12.24672,0.158018,79.244304,0,5,735,2147483647
36.0952785839327, 15.6276,36.1787911835127, 19.1188,4,16.67966,4,11.58948,-0.48107,40.9922,0,5,736,2147483647
36.1119747837074, 17.073,36.1958242836408, 15.1962,4,16.67987,4,10.41781,-0.363021,58.1851,0,5,737,2147483647
36.1281348844059, 15.4382,36.21176508395, 17.6121,4,16.67922,4,12.15598,0.153269,70.205904,0,5,738,2147483647
36.1469178837724, 18.6092,36.2301116841845, 18.0747,4,16.68023,4,10.06287,-0.400348,77.6318,0,5,739,2147483647
36.1615778836422, 16.6496,36.2456566845067, 14.252,4,16.68021,4,10.64442,0.607879,79.567296,0,5,740,2147483647
36.21176508395, 55.7194,36.2613984853961, 17.4671,4,16.70045,4,12.12693,-0.073244,80.319504,0,5,741,2147483647
36.21176508395, 0.7677,36.2795209852047, 17.9595,2,16.69219,4,10.03935,0.048682,80.314704,0,5,742,2147483647
36.21176508395, 2.551,36.2958835852332, 14.5721,3,16.68487,4,12.15502,-0.548525,79.21,0,5,743,2147483647
36.2301116841845, 8.3749,36.3116699852981, 15.801,4,16.68057,4,11.10494,-0.804831,80.14,0,5,744,2147483647
36.2456566845067, 17.0703,36.3287972849794, 19.0057,4,16.68077,4,9.673718,-0.953488,79.277696,0,5,745,2147483647
36.2613984853961, 14.5684,36.3458057851531, 15.3208,4,16.67968,4,11.91982,-0.404346,78.973,0,5,746,2147483647
36.2795209852047, 18.4247,36.3625576854683, 18.4189,4,16.68058,4,10.86293,-0.340381,81.372496,0,5,747,2147483647
36.2958835852332, 16.2646,36.3796049845405, 15.1595,4,16.68036,4,10.83649,0.340979,79.274896,0,5,748,2147483647
36.3116699852981, 16.6493,36.3958108839579, 17.5796,4,16.68035,4,12.56955,0.208237,82.385504,0,5,749,2147483647
36.3287972849794, 17.0747,36.4117399831302, 16.212,4,16.68055,4,12.23898,-0.230133,77.861696,0,5,750,2147483647
36.3458057851531, 16.6234,36.4295316827483, 16.3185,4,16.68052,4,10.04272,-0.039679,80.876496,0,5,751,2147483647
36.3625576854683, 15.0424,36.4468603827991, 17.442,4,16.67968,4,9.562263,0.000635,79.698304,0,5,752,2147483647
36.3796049845405, 18.3113,36.4615939832292, 16.2131,4,16.68052,4,11.76313,-0.679872,84.172096,0,5,753,2147483647
36.3958108839579, 16.226,36.4818865838461, 19.3362,4,16.68028,4,10.31038,0.005471,77.8632,0,5,754,2147483647
36.4117399831302, 17.5933,36.4957670834847, 13.0694,4,16.68075,4,12.00286,-0.786688,79.752,0,5,755,2147483647
36.4295316827483, 15.8116,36.5124097843654, 18.8263,4,16.68031,4,11.81897,-0.105679,79.609696,0,5,756,2147483647
36.4468603827991, 16.6314,36.5298697841354, 15.4532,4,16.68028,4,10.74023,-0.509896,80.856496,0,5,757,2147483647
36.4615939832292, 14.8274,36.5470919837244, 19.3009,4,16.67933,4,11.87279,0.268458,79.2432,0,5,758,2147483647
36.4818865838461, 19.6983,36.5626882840879, 13.3885,4,16.68088,4,11.99488,-0.261565,80.543104,0,5,759,2147483647
36.4957670834847, 15.3546,36.5798049834557, 17.2435,4,16.6802,4,9.851496,-0.246497,78.602096,0,5,760,2147483647
36.5124097843654, 17.5734,36.5954446834512, 17.4319,4,16.68066,4,10.43584,0.20423,79.5322,0,5,761,2147483647
36.5298697841354, 15.7487,36.614246383775, 17.0016,4,16.68018,4,11.55637,-0.431321,80.316304,0,5,762,2147483647
36.5470919837244, 16.7848,36.6295050834306, 15.1641,4,16.68023,4,10.1268,-0.559762,78.436096,0,5,763,2147483647
36.5626882840879, 16.9766,36.6458244831301, 18.2764,4,16.68039,4,12.19127,0.163638,79.4486,0,5,764,2147483647
36.5798049834557, 16.1195,36.6619766824879, 14.1784,4,16.6801,4,11.68412,-0.665152,80.8528,0,5,765,2147483647
36.5954446834512, 15.1713,36.6780295823701, 16.101,4,16.67933,4,10.54156,-0.135637,79.330896,0,5,766,2147483647
36.614246383775, 18.2758,36.6957437829114, 19.0592,4,16.68014,4,12.30556,-0.223085,80.090496,0,5,767,2147483647
36.6295050834306, 16.3783,36.7117175837047, 14.4981,4,16.67999,4,11.67895,0.596173,80.7656,0,5,768,2147483647
36.6458244831301, 17.0989,36.7297648829408, 18.1112,4,16.6802,4,9.645837,-1.004224,81.679104,0,5,769,2147483647
36.6619766824879, 15.8861,36.7454170831479, 17.2902,4,16.6798,4,12.01159,-0.119617,79.3322,0,5,770,2147483647
36.6780295823701, 17.3084,36.7628123839386, 15.7947,4,16.68012,4,12.00853,-0.71715,79.180496,0,5,771,2147483647
36.6957437829114, 16.3497,36.7799440831877, 17.1008,4,16.67995,4,9.564524,-0.72089,80.245904,0,5,772,2147483647
36.7117175837047, 17.3074,36.7961624828167, 17.9818,4,16.68027,4,12.84732,-0.177844,81.6308,0,5,773,2147483647
36.7297648829408, 16.0705,36.8127012834884, 16.9838,4,16.67996,4,11.94805,0.1598,78.47,0,5,774,2147483647
36.7454170831479, 15.8522,36.8285388839431, 13.5054,4,16.67954,4,10.60819,-0.566953,79.550896,0,5,775,2147483647
36.7628123839386, 20.029,36.8464868837036, 19.8768,4,16.68124,4,12.25194,-0.762517,83.516304,0,5,776,2147483647
36.7799440831877, 14.9054,36.8626526840962, 15.9701,4,16.68034,4,12.1705,-0.76796,78.9718,0,5,777,2147483647
36.7961624828167, 14.2852,36.8800368835218, 15.6701,4,16.67912,4,9.716253,-1.043678,81.2976,0,5,778,2147483647
36.8127012834884, 18.8538,36.895660483744, 15.6931,4,16.68023,4,10.82352,-0.038872,79.500096,0,5,779,2147483647
36.8285388839431, 17.1544,36.9122362839989, 18.235,4,16.68047,4,12.73166,-1.139651,80.3836,0,5,780,2147483647
36.8464868837036, 14.8136,36.9326435844414, 18.7959,4,16.67952,4,10.83168,-0.119389,79.522,0,5,781,2147483647
36.8626526840962, 18.4151,36.9464659844525, 13.8535,4,16.6804,4,11.20357,-0.198627,81.2028,0,5,782,2147483647
36.8800368835218, 16.3109,36.9635584843345, 18.6358,4,16.68021,4,11.86155,0.054916,79.581904,0,5,783,2147483647
36.895660483744, 16.665,36.9781036847271, 14.8672,4,16.6802,4,11.58239,-0.333936,82.449904,0,5,784,2147483647
36.9122362839989, 14.7944,36.9957011849619, 15.6777,4,16.67925,4,10.22373,-0.395814,79.755696,0,5,785,2147483647
36.9326435844414, 19.9863,37.0127853848971, 19.1239,4,16.68092,4,12.26018,-0.146979,82.750704,0,5,786,2147483647
36.9464659844525, 15.3453,37.0301086851396, 17.0262,4,16.68025,4,9.713136,-0.504063,80.7318,0,5,787,2147483647
36.9635584843345, 15.3929,37.0456712855957, 13.7719,4,16.6796,4,10.58131,-0.052577,79.6454,0,5,788,2147483647
36.9781036847271, 17.1731,37.0639434861951, 20.0409,4,16.67985,4,12.19488,0.28301,80.0916,0,5,789,2147483647
36.9957011849619, 16.6795,37.0796848866157, 13.985,4,16.67985,4,10.37846,-0.630506,80.112,0,5,790,2147483647
37.0127853848971, 15.7565,37.098371587228, 18.7521,4,16.67938,4,12.28498,-0.283577,79.885296,0,5,791,2147483647
37.0301086851396, 18.774,37.1135536874644, 16.7546,4,16.68044,4,12.09009,-0.343549,80.9712,0,5,792,2147483647
37.0456712855957, 17.3206,37.1295637874864, 16.2339,4,16.68076,4,9.923206,-0.814397,80.539504,0,5,793,2147483647
37.0639434861951, 14.722,37.1466167881154, 15.1679,4,16.67977,4,12.53478,0.013356,80.087696,0,5,794,2147483647
37.0796848866157, 17.9159,37.1627044877969, 17.9358,4,16.68039,4,12.16175,-1.058014,80.731296,0,5,795,2147483647
37.098371587228, 16.563,37.179136687424, 16.3361,4,16.68033,4,10.5348,-0.029837,78.505504,0,5,796,2147483647
37.1135536874644, 14.9428,37.1968409880064, 16.0288,4,16.67946,4,12.62834,-0.448189,80.9476,0,5,797,2147483647
37.1295637874864, 18.274,37.2129250871949, 17.8416,4,16.68026,4,11.84221,0.12225,81.3608,0,5,798,2147483647
37.1466167881154, 17.1237,37.229716587346, 16.6717,4,16.68049,4,11.03634,0.380242,76.599504,0,5,799,2147483647
37.1627044877969, 14.6684,37.2467050864361, 15.3126,4,16.67947,4,11.86869,-0.642343,79.6842,0,5,800,2147483647
37.179136687424, 17.6841,37.2620590864681, 15.4572,4,16.67998,4,10.35815,-0.740908,80.121296,0,5,801,2147483647
37.1968409880064, 17.0922,37.2795826862566, 19.5347,4,16.68019,4,11.70656,-0.930373,82.4398,0,5,802,2147483647
37.2129250871949, 15.8295,37.2961738868617, 16.2425,4,16.67976,4,11.35814,-0.397794,77.699296,0,5,803,2147483647
37.229716587346, 19.0791,37.31235448597, 14.3173,4,16.68096,4,10.92481,-0.145306,79.166496,0,5,804,2147483647
37.2467050864361, 16.1177,37.3313339850865, 19.2024,4,16.68068,5,12.64987,0.110369,82.5954,0,5,805,2147483647
37.2620590864681, 16.5859,37.3467094847001, 17.0227,4,16.68063,4,12.96049,-0.559434,80.884496,0,5,806,2147483647
37.2795826862566, 15.1439,37.365859084297, 17.4622,4,16.67986,4,10.43191,-0.39522,80.819904,0,5,807,2147483647
37.2961738868617, 18.4771,37.379698284436, 13.7465,4,16.68076,4,12.12753,-0.024472,79.2172,0,5,808,2147483647
37.31235448597, 16.8333,37.3961602845229, 18.2903,4,16.68084,4,11.87813,0.620414,81.1402,0,5,809,2147483647
37.3313339850865, 15.2869,37.4157299851067, 18.7153,4,16.68014,4,10.74582,-0.476635,82.2128,0,5,810,2147483647
37.3467094847001, 14.6916,37.4295980851166, 12.9808,4,16.67915,4,12.39807,0.240241,79.501,0,5,811,2147483647
37.365859084297, 18.8217,37.4461301858537, 18.7567,4,16.68022,4,12.00299,1.262073,78.566096,0,5,812,2147483647
37.379698284436, 17.1407,37.4638101863675, 15.5379,4,16.68045,4,9.662235,0.810079,80.096496,0,5,813,2147483647
37.3961602845229, 14.0648,37.4796667858027, 15.9877,4,16.67914,4,12.44276,0.180782,80.437696,0,5,814,2147483647
37.4157299851067, 17.7916,37.4968855860643, 18.8637,4,16.6797,4,10.07303,-0.579221,79.9302,0,5,815,2147483647
37.4295980851166, 17.9138,37.5138347852044, 15.2021,4,16.68031,4,8.347821,-0.36167,80.2702,0,5,816,2147483647
37.4461301858537, 16.7811,37.529831785243, 15.8454,4,16.68036,4,11.02152,-0.168415,80.6596,0,5,817,2147483647
37.4638101863675, 16.6869,37.5463180853985, 18.2172,4,16.68037,4,9.942321,0.65541,81.770704,0,5,818,2147483647
37.4796667858027, 16.7023,37.5631229854189, 17.044,4,16.68038,4,12.43807,0.394027,81.3304,0,5,819,2147483647
37.4968855860643, 16.7175,37.5812132856809, 16.2088,4,16.6804,4,12.41282,-1.277387,81.1066,0,5,820,2147483647
37.5138347852044, 16.5214,37.5960928858258, 16.8611,4,16.68032,4,10.41349,-0.595156,81.492896,0,5,821,2147483647
37.529831785243, 16.4494,37.6132543855347, 16.8387,4,16.6802,4,11.25087,-0.659737,79.7224,0,5,822,2147483647
37.5463180853985, 14.891,37.6309457854368, 16.003,4,16.67931,4,9.863187,1.633672,79.8828,0,5,823,2147483647
37.5631229854189, 18.294,37.6471487847157, 17.8519,4,16.68011,4,11.60126,0.504636,80.7444,0,5,824,2147483647
37.5812132856809, 16.8093,37.6637601838447, 16.5857,4,16.68018,4,12.60474,0.634416,78.247904,0,5,825,2147483647
37.5960928858258, 15.4948,37.6811668840237, 15.8813,4,16.67959,4,12.59153,-0.009252,80.1356,0,5,826,2147483647
37.6132543855347, 17.4914,37.6970126838423, 15.7201,4,16.67999,4,8.313164,0.150335,78.049104,0,5,827,2147483647
37.6309457854368, 18.3445,37.7130870842375, 18.5049,4,16.68082,4,9.213484,-0.837292,78.9274,0,5,828,2147483647
37.6471487847157, 14.571,37.7309603844769, 15.4323,4,16.67977,4,11.23735,-0.095526,81.4376,0,5,829,2147483647
37.6637601838447, 18.1218,37.7464428846724, 15.6249,4,16.68049,4,10.01406,0.304513,78.113,0,5,830,2147483647
37.6811668840237, 16.395,37.7631183848716, 18.2824,4,16.68035,4,11.69569,-0.659566,84.401696,0,5,831,2147483647
37.6970126838423, 17.3773,37.7802025848068, 15.2908,4,16.68069,4,12.85033,-0.641569,81.772,0,5,832,2147483647
37.7130870842375, 15.8269,37.7968840845861, 16.7053,4,16.68027,4,10.06289,0.050491,78.2512,0,5,833,2147483647
37.7309603844769, 16.4002,37.8138484847732, 18.9097,4,16.68013,4,11.73237,-0.807459,79.003696,0,5,834,2147483647
37.7464428846724, 17.3558,37.8298272849061, 14.0308,4,16.68046,4,12.71487,-0.296834,80.941296,0,5,835,2147483647
37.7631183848716, 13.9871,37.8480812855996, 20.2756,4,16.67913,4,10.84181,-0.106357,80.36,0,5,836,2147483647
37.7802025848068, 18.5301,37.8640583851375, 15.902,4,16.68005,4,11.93636,-0.75897,78.3792,0,5,837,2147483647
37.7968840845861, 17.4322,37.8797788848169, 13.9094,4,16.68042,4,11.09753,-0.44754,81.9596,0,5,838,2147483647
37.8138484847732, 16.6472,37.8971779854037, 17.3997,4,16.6804,4,12.31806,0.046337,79.9092,0,5,839,2147483647
37.8298272849061, 16.6666,37.9139090855606, 18.6044,4,16.6804,4,11.69367,-0.846524,80.616896,0,5,840,2147483647
37.8480812855996, 15.9897,37.9313356862403, 15.4069,4,16.68006,4,12.69224,-0.157888,81.203296,0,5,841,2147483647
37.8640583851375, 17.8262,37.947061187122, 15.8456,4,16.68062,4,10.57946,0.146571,78.367104,0,5,842,2147483647
37.8797788848169, 15.996,37.964518987108, 19.5758,4,16.68028,4,11.77952,-0.816702,81.478096,0,5,843,2147483647
37.8971779854037, 16.2069,37.9809601870365, 14.1567,4,16.68005,4,12.79629,-0.394172,81.192096,0,5,844,2147483647
37.9139090855606, 15.639,37.9971274868585, 16.3543,4,16.67954,4,10.37763,0.341316,81.9458,0,5,845,2147483647
37.9313356862403, 18.1443,38.0140481875278, 18.7224,4,16.68026,4,11.8177,0.352575,78.9576,0,5,846,2147483647
37.947061187122, 16.1584,38.0293771871366, 13.3218,4,16.68,4,10.96207,-0.958797,78.053,0,5,847,2147483647
37.964518987108, 17.8343,38.04854098754, 20.9454,4,16.68057,4,12.17188,-0.063571,79.181,0,5,848,2147483647
37.9809601870365, 15.5228,38.0654419870116, 15.2369,4,16.68,4,11.44022,-0.959102,80.2796,0,5,849,2147483647
37.9971274868585, 16.6854,38.0812046867795, 17.4385,4,16.68,4,9.755197,0.720498,82.191504,0,5,850,2147483647
38.0140481875278, 18.0161,38.0961553868838, 15.0276,4,16.68066,4,12.97407,-0.81379,77.411104,0,5,851,2147483647
38.0293771871366, 17.2575,38.1142475870438, 16.3525,4,16.68094,4,11.98,-0.865321,77.559,0,5,852,2147483647
38.04854098754, 15.2516,38.1306827873923, 16.3795,4,16.68024,4,13.0611,-1.162109,77.420304,0,5,853,2147483647
38.0654419870116, 17.1818,38.1471132882871, 18.2806,4,16.68049,4,8.73539,-0.099704,82.824,0,5,854,2147483647
38.0812046867795, 15.2118,38.1640796889551, 17.1232,4,16.67977,4,12.62702,-0.912558,80.232304,0,5,855,2147483647
38.0961553868838, 18.7361,38.1799164884724, 13.9556,4,16.68077,4,12.77151,-0.370001,77.641904,0,5,856,2147483647
38.1142475870438, 16.4365,38.1966652893461, 16.5839,4,16.68065,4,11.2314,-0.397756,81.512496,0,5,857,2147483647
38.1306827873923, 17.1492,38.2135414895602, 17.0106,4,16.68088,4,11.74006,-0.078381,81.2108,0,5,858,2147483647
38.1471132882871, 14.0046,38.2309034899808, 19.4082,4,16.67957,4,12.6881,1.447063,81.4722,0,5,859,2147483647
38.1640796889551, 18.3915,38.2470052898861, 15.7991,4,16.68041,4,10.52486,-0.817706,81.427,0,5,860,2147483647
38.1799164884724, 16.1357,38.2639417895116, 15.2204,4,16.68015,4,12.43968,0.409046,80.649696,0,5,861,2147483647
38.1966652893461, 17.4267,38.2814946887083, 19.5631,4,16.68051,4,10.14964,-0.426213,79.8092,0,5,862,2147483647
38.2135414895602, 15.8467,38.2991349888034, 15.5444,4,16.6801,4,8.641806,-0.672408,81.523,0,5,863,2147483647
38.2309034899808, 15.8278,38.3151020896621, 16.0891,4,16.67969,4,10.68385,0.021293,79.8802,0,5,864,2147483647
38.2470052898861, 17.4877,38.3310809903778, 17.4422,4,16.68008,4,11.42981,-0.928953,80.0688,0,5,865,2147483647
38.2639417895116, 17.5127,38.3473637909628, 16.7381,4,16.68049,4,10.46831,-0.453592,80.741504,0,5,866,2147483647
38.2814946887083, 17.292,38.3644494903274, 16.4486,4,16.68078,4,12.72641,0.681435,80.408,0,5,867,2147483647
38.2991349888034, 16.0878,38.3813963909633, 17.8006,4,16.6805,4,11.92545,-0.452557,79.547904,0,5,868,2147483647
38.3151020896621, 16.6946,38.398839191068, 15.0598,4,16.6805,4,11.33509,-0.057671,78.658496,0,5,869,2147483647
38.3310809903778, 14.905,38.4137569912709, 15.0942,4,16.67964,4,12.11047,0.266498,80.057904,0,5,870,2147483647
38.3473637909628, 17.937,38.4310436905362, 18.6003,4,16.68025,4,10.97046,-0.13257,78.8834,0,5,871,2147483647
38.3644494903274, 15.0279,38.4472691905685, 14.6944,4,16.67945,4,10.52057,-0.916884,80.3454,0,5,872,2147483647
38.3813963909633, 19.1571,38.4653334901668, 18.2969,4,16.68065,4,11.6861,-1.19064,78.9454,0,5,873,2147483647
38.398839191068, 16.4149,38.4808040899225, 15.5254,4,16.68052,4,11.57597,1.19576,79.419504,0,5,874,2147483647
38.4137569912709, 16.7048,38.4989393898286, 18.1043,4,16.68053,4,9.808984,-0.83836,79.300896,0,5,875,2147483647
38.4310436905362, 16.1455,38.5139774898998, 14.9705,4,16.68027,4,10.97434,0.050592,80.1796,0,5,876,2147483647
38.4472691905685, 17.0408,38.5309166903608, 18.5089,4,16.68045,4,13.03004,-0.515846,82.735,0,5,877,2147483647
38.4653334901668, 16.3018,38.5473985909484, 14.9032,4,16.68027,4,8.60646,-0.229238,78.384896,0,5,878,2147483647
38.4808040899225, 16.1911,38.5642791907303, 16.6565,4,16.68003,4,12.78571,-0.024712,79.964704,0,5,879,2147483647
38.4989393898286, 17.1871,38.581254191231, 17.0752,4,16.68027,4,11.77135,-0.653155,80.8166,0,5,880,2147483647
38.5139774898998, 17.064,38.5972990910523, 17.9355,4,16.68046,4,10.56754,0.427428,83.4228,0,5,881,2147483647
38.5309166903608, 16.3557,38.6159881907515, 18.9111,4,16.6803,4,10.18341,-0.083046,80.3816,0,5,882,2147483647
38.5473985909484, 17.3064,38.6311530903913, 12.963,4,16.6806,4,11.76606,-0.552104,81.446096,0,5,883,2147483647
38.5642791907303, 16.5809,38.6491454900242, 18.1535,4,16.68056,4,10.36107,-0.039824,79.493504,0,5,884,2147483647
38.581254191231, 16.4781,38.664639190305, 17.3297,4,16.68046,4,11.26245,0.060036,80.734096,0,5,885,2147483647
38.5972990910523, 14.3412,38.6815564897843, 16.9477,4,16.67933,4,11.7786,-0.587182,82.744,0,5,886,2147483647
38.6159881907515, 18.7456,38.6973823891021, 15.7034,4,16.68033,4,10.46502,-0.414744,82.2826,0,5,887,2147483647
38.6311530903913, 16.5025,38.7143430882134, 17.5667,4,16.68024,4,11.75216,-0.118503,78.773296,0,5,888,2147483647
38.6491454900242, 16.6285,38.7314016879536, 14.6756,4,16.68022,4,11.70048,-0.438015,80.1676,0,5,889,2147483647
38.664639190305, 15.1618,38.7473863870837, 16.4026,4,16.67949,4,10.47324,-0.493848,80.614896,0,5,890,2147483647
38.6815564897843, 17.0723,38.765059387777, 19.0814,4,16.67967,4,12.2731,-0.226308,81.343296,0,5,891,2147483647
38.6973823891021, 16.2372,38.7827094872482, 15.776,4,16.67946,4,10.13731,0.463242,80.000096,0,5,892,2147483647
38.7143430882134, 18.6391,38.7977661876939, 15.129,4,16.6804,4,10.60385,-0.557926,80.300496,0,5,893,2147483647
38.7314016879536, 15.6253,38.8147942884825, 17.0204,4,16.6799,4,12.35291,-0.258812,81.497504,0,5,894,2147483647
38.7473863870837, 17.8099,38.8312449879013, 18.2563,4,16.68044,4,12.01856,0.174149,82.543696,0,5,895,2147483647
38.765059387777, 15.3116,38.8472500885837, 16.0396,4,16.67978,4,9.971026,-0.302571,82.6882,0,5,896,2147483647
38.7827094872482, 17.5671,38.8637985880487, 16.2241,4,16.68021,4,12.50681,-0.138121,81.130096,0,5,897,2147483647
38.7977661876939, 16.6341,38.8818473885767, 16.9335,4,16.68019,4,12.21425,0.98313,80.686896,0,5,898,2147483647
38.8147942884825, 16.4333,38.8998555890284, 17.6306,4,16.68007,4,9.445971,-0.136648,79.6102,0,5,899,2147483647
38.8312449879013, 14.9925,38.9158422886394, 16.0382,4,16.67926,4,12.20342,-0.297135,81.9012,0,5,900,2147483647
38.8472500885837, 16.8821,38.931199088227, 17.0265,4,16.67936,4,11.26737,0.073641,82.3562,0,5,901,2147483647
38.8637985880487, 18.5946,38.9479396878742, 17.0358,4,16.68027,4,9.027348,-0.321926,81.116704,0,5,902,2147483647
38.8818473885767, 16.9095,38.9648569873534, 16.4661,4,16.68038,4,9.902335,-0.149853,79.728,0,5,903,2147483647
38.8998555890284, 16.6001,38.9819938871078, 15.5232,4,16.68034,4,11.97116,0.254081,81.090704,0,5,904,2147483647
38.9158422886394, 16.1439,38.9985187868588, 18.4349,4,16.68009,4,9.771826,0.835294,81.366096,0,5,905,2147483647
38.931199088227, 15.2582,39.0145014873706, 15.7129,4,16.67941,4,10.37325,-0.748356,79.5584,0,5,906,2147483647
38.9479396878742, 17.0906,39.0320138870738, 15.8479,4,16.67961,4,12.01292,-1.049546,79.559696,0,5,907,2147483647
38.9648569873534, 18.1309,39.0486219874583, 16.7416,4,16.6803,4,9.746006,0.402559,79.5766,0,5,908,2147483647
38.9819938871078, 16.8374,39.06488828687, 18.206,4,16.68037,4,10.86876,-0.210712,82.5892,0,5,909,2147483647
38.9985187868588, 15.4622,39.0810501868837, 15.7313,4,16.67979,4,12.68635,0.823335,84.526096,0,5,910,2147483647
39.0145014873706, 18.1147,39.0972702871077, 16.3064,4,16.68048,4,11.16724,-1.756106,79.346704,0,5,911,2147483647
39.0320138870738, 16.7445,39.1155948876403, 16.746,4,16.68051,4,11.43771,-0.243544,80.211296,0,5,912,2147483647
39.0486219874583, 15.808,39.1315828873776, 15.8245,4,16.68009,4,12.07036,1.621002,81.349504,0,5,913,2147483647
39.06488828687, 15.6285,39.1483756876551, 18.641,4,16.67959,4,8.985206,-0.588812,81.364,0,5,914,2147483647
39.0810501868837, 16.184,39.1662562876008, 18.1208,4,16.67936,4,13.67014,-0.463755,77.973,0,5,915,2147483647
39.0972702871077, 19.0964,39.1819803877734, 13.9168,4,16.6805,4,10.1508,-0.058115,81.093504,0,5,916,2147483647
39.1155948876403, 15.9902,39.198959288653, 16.8545,4,16.68018,4,8.386512,0.262758,80.2412,0,5,917,2147483647
39.1315828873776, 16.7247,39.2152065890841, 17.8622,4,16.6802,4,12.33585,-0.577908,81.254304,0,5,918,2147483647
39.1483756876551, 14.9221,39.2319279885851, 14.9365,4,16.67936,4,12.11621,-0.498927,77.541,0,5,919,2147483647
39.1662562876008, 20.1409,39.2485904893838, 16.7573,4,16.681,4,10.26644,-0.777311,80.7906,0,5,920,2147483647
39.1819803877734, 14.5284,39.2646736889146, 17.6412,4,16.67998,3,9.361608,-0.286075,80.397904,0,4,921,2147483647
39.198959288653, 17.9812,39.2815290889703, 17.1285,4,16.6806,2,12.45393,0.462441,79.156896,0,3,922,2147483647
39.2152065890841, 15.205,39.2994029889815, 16.2183,4,16.6799,4,10.29471,1.083244,81.6318,0,4,923,2147483647
39.2319279885851, 18.633,39.3146808887832, 14.9191,4,16.68083,4,10.78528,0.169578,80.9042,0,5,924,2147483647
39.2485904893838, 15.048,39.3311957879923, 18.2972,4,16.68005,4,12.11256,0.25858,40.2119,0,5,925,2147483647
39.2646736889146, 15.0031,39.3473570882343, 14.6103,4,16.67926,4,9.253356,0.40947,53.7552,0,5,926,2147483647
39.2815290889703, 18.4843,39.3647219887935, 17.243,4,16.68011,4,10.68882,0.227756,71.0596,0,5,927,2147483647
39.2994029889815, 16.743,39.3825551881455, 19.2176,4,16.68014,4,11.73052,-1.33752,81.833504,0,5,928,2147483647
39.3146808887832, 16.0319,39.3975335885771, 15.3038,4,16.67984,4,10.10273,-0.336922,79.286304,0,5,929,2147483647
39.3647219887935, 57.3659,39.4157459889539, 16.6738,4,16.69905,4,9.785244,-0.141937,77.640896,0,5,930,2147483647
39.3647219887935, 2.1794,39.4315734882839, 15.7317,2,16.6922,4,11.61822,0.387229,81.8606,0,5,931,2147483647
39.3825551881455, 1.8156,39.448781688232, 19.1102,3,16.68518,4,11.21482,0.502887,79.1776,0,5,932,2147483647
39.3825551881455, 6.934,39.4655156885274, 17.7074,3,16.68058,4,10.12464,0.000737,76.991904,0,5,933,2147483647
39.3975335885771, 15.9982,39.4818209880032, 13.4584,4,16.68026,4,11.86827,0.43466,80.9512,0,5,934,2147483647
39.4157459889539, 17.1268,39.4974644877948, 15.4741,4,16.68047,4,9.258313,-0.774449,81.234704,0,5,935,2147483647
39.4315734882839, 16.0175,39.5157803879119, 20.2361,4,16.68016,4,9.484363,-0.843026,79.358,0,5,936,2147483647
39.448781688232, 15.8911,39.5309833879583, 13.2085,4,16.67978,4,11.80044,-0.472509,79.621504,0,5,937,2147483647
39.4655156885274, 19.5694,39.5481130885892, 17.3862,4,16.68114,5,11.39105,-0.455572,83.3982,0,5,938,2147483647
39.4818209880032, 14.7722,39.5649908888154, 18.728,4,16.68025,4,10.82543,-0.52651,81.79,0,5,939,2147483647
39.4974644877948, 16.5618,39.5816271896474, 16.8454,4,16.68019,4,12.73211,0.231786,82.353,0,5,940,2147483647
39.5157803879119, 17.6485,39.599514388945, 15.7711,4,16.68065,4,12.30097,-0.398858,79.2372,0,5,941,2147483647
39.5309833879583, 16.0291,39.6157188895158, 16.2923,4,16.68034,4,10.34841,-0.560058,80.627904,0,5,942,2147483647
39.5481130885892, 16.3657,39.6319206892513, 20.1425,4,16.68019,4,12.37691,0.34385,81.261,0,5,943,2147483647
39.5649908888154, 15.2307,39.6494561894797, 13.6225,4,16.67951,4,11.63916,0.102258,78.544,0,5,944,2147483647
39.5816271896474, 16.9591,39.6656261901371, 17.5215,4,16.67964,4,10.47706,-0.617434,79.606,0,5,945,2147483647
39.599514388945, 18.2855,39.6819832897745, 15.1697,4,16.6804,4,12.35405,-0.067005,82.4316,0,5,946,2147483647
39.6157188895158, 16.692,39.698674289044, 18.0977,4,16.6804,4,11.03284,-0.404016,82.435104,0,5,947,2147483647
39.6319206892513, 16.0705,39.7150580896996, 16.6874,4,16.68012,4,9.709534,-0.100885,80.6612,0,5,948,2147483647
39.6494561894797, 17.5631,39.7319766893052, 14.8462,4,16.68053,4,9.758005,-0.346269,79.3686,0,5,949,2147483647
39.6656261901371, 16.6584,39.7496329895221, 17.72,4,16.68052,4,11.97712,-0.311501,80.4944,0,5,950,2147483647
39.6819832897745, 15.5152,39.7657209890895, 18.3406,4,16.67997,4,10.22579,-0.376169,81.6998,0,5,951,2147483647
39.698674289044, 15.7268,39.7818690887652, 15.7301,4,16.67953,4,10.27867,-0.647871,78.5042,0,5,952,2147483647
39.7150580896996, 16.6607,39.7984953890555, 14.887,4,16.67952,4,12.3472,-0.073238,80.4658,0,5,953,2147483647
39.7319766893052, 18.3857,39.8156047887169, 17.0926,4,16.68032,4,10.37957,-0.439067,79.193296,0,5,954,2147483647
39.7496329895221, 17.007,39.8319016895257, 18.1323,4,16.68047,4,10.57007,-0.113606,82.918496,0,5,955,2147483647
39.7657209890895, 15.56,39.8485879893415, 16.7652,4,16.67995,4,12.57844,-0.946556,80.7386,0,5,956,2147483647
39.7818690887652, 17.8251,39.8652399885468, 14.6293,4,16.68048,4,11.84777,-0.778441,79.287696,0,5,957,2147483647
39.7984953890555, 15.8678,39.8829614887945, 17.8294,4,16.6801,4,10.19021,-0.563508,79.715504,0,5,958,2147483647
39.8156047887169, 16.8918,39.8983479891904, 15.619,4,16.6802,4,11.74516,0.175959,81.8614,0,5,959,2147483647
39.8319016895257, 15.2817,39.9158412893303, 19.0409,4,16.67955,4,12.78954,-0.365902,81.892896,0,5,960,2147483647
39.8485879893415, 18.1368,39.9315840885974, 15.9226,4,16.68023,4,10.74741,0.614675,79.936496,0,5,961,2147483647
39.8652399885468, 16.6472,39.9488227893598, 15.1958,4,16.68021,4,12.33454,0.27474,80.8802,0,5,962,2147483647
39.8829614887945, 16.165,39.9654318899848, 16.5925,4,16.67997,4,11.57,-0.403209,80.467104,0,5,963,2147483647
39.8983479891904, 16.8886,39.9826529906131, 19.0345,4,16.68007,4,10.68513,-0.259791,82.609296,0,5,964,2147483647
39.9158412893303, 16.1054,39.9987796903588, 16.1391,4,16.6798,4,9.27736,-0.539726,77.760496,0,5,965,2147483647
39.9315840885974, 16.5266,40.0152607900091, 14.5674,4,16.67973,4,11.71431,-0.992783,79.3046,0,5,966,2147483647
39.9488227893598, 17.6835,40.0338638895191, 18.6264,4,16.6802,4,10.31579,-0.451464,79.637696,0,5,967,2147483647
39.9654318899848, 17.1938,40.0485191899352, 16.7808,4,16.68044,4,10.37633,-0.441562,82.7316,0,5,968,2147483647
39.9826529906131, 15.3064,40.0659717894159, 17.4483,4,16.6798,4,12.53318,-0.399273,80.069,0,5,969,2147483647
39.9987796903588, 18.2315,40.0815367889591, 13.3823,4,16.68052,4,11.10856,-0.925136,83.065504,0,5,970,2147483647
40.0152607900091, 15.3738,40.0983850886114, 16.9178,4,16.67991,4,12.42966,-0.875104,82.2718,0,5,971,2147483647
40.0338638895191, 17.7803,40.1158507880755, 18.1134,4,16.68042,4,12.43957,-0.860027,81.933,0,5,972,2147483647
40.0485191899352, 15.2608,40.1328184888698, 18.3544,4,16.67976,4,12.17164,-0.337552,82.541,0,5,973,2147483647
40.0659717894159, 18.1078,40.1485290885903, 15.4448,4,16.68043,4,10.9261,0.002739,78.403296,0,5,974,2147483647
40.0815367889591, 13.4462,40.1668625888415, 16.4428,4,16.67893,4,10.65533,-0.70887,79.067,0,5,975,2147483647
40.0983850886114, 18.4576,40.1826238897629, 17.6634,4,16.67975,4,12.73405,-0.703079,80.588,0,5,976,2147483647
40.1158507880755, 17.1147,40.1996018891223, 16.7756,4,16.67995,4,10.31686,-0.184247,80.459904,0,5,977,2147483647
40.1328184888698, 16.3601,40.2159238890745, 16.9679,4,16.67981,4,11.80337,-1.136014,79.267904,0,5,978,2147483647
40.1485290885903, 17.2877,40.2314366889186, 13.1492,4,16.68008,4,10.86898,0.312117,83.1696,0,5,979,2147483647
40.1668625888415, 17.6228,40.2496176888235, 18.2863,4,16.68052,4,9.476747,-0.008459,80.343504,0,5,980,2147483647
40.1826238897629, 14.7298,40.2658481881954, 16.2505,4,16.67962,4,11.91051,-0.898737,80.4926,0,5,981,2147483647
40.1996018891223, 16.7412,40.282493588049, 16.6132,4,16.67965,4,11.12148,-0.4588,81.5414,0,5,982,2147483647
40.2159238890745, 18.4541,40.2996483878233, 17.2614,4,16.68047,4,9.842459,-0.122247,81.2032,0,5,983,2147483647
40.2314366889186, 15.4341,40.3169633881189, 19.3358,4,16.67989,4,11.95404,-0.154098,78.8922,0,5,984,2147483647
40.2496176888235, 17.0338,40.3315472877584, 14.2076,4,16.68006,4,12.835,0.304181,79.219904,0,5,985,2147483647
40.2658481881954, 16.147,40.3494639876299, 16.2958,4,16.67981,4,10.50725,-0.203096,82.061504,0,5,986,2147483647
40.282493588049, 16.7792,40.3657011869363, 17.8276,4,16.67986,4,11.8691,-0.900714,81.5102,0,5,987,2147483647
40.2996483878233, 16.9709,40.3825845862739, 16.6328,4,16.67999,4,10.12892,0.193803,78.1548,0,5,988,2147483647
40.3169633881189, 17.0527,40.3986248853616, 14.7408,4,16.68016,4,11.654,0.86075,80.6684,0,5,989,2147483647
40.3315472877584, 16.4986,40.4156203861348, 16.8262,4,16.68008,4,10.73961,-1.092756,81.0084,0,5,990,2147483647
40.3494639876299, 16.7699,40.432965985965, 19.6113,4,16.68012,4,11.2195,0.534163,83.4226,0,5,991,2147483647
40.3657011869363, 15.4528,40.4485193858854, 14.9014,4,16.67956,4,11.58365,-0.276566,80.9954,0,5,992,2147483647
40.3825845862739, 19.0668,40.4658791865222, 15.7113,4,16.68065,4,10.82216,-0.323946,79.807296,0,5,993,2147483647
40.3986248853616, 15.9554,40.4825052856468, 18.469,4,16.68032,4,11.29144,0.444655,82.549296,0,5,994,2147483647
40.4156203861348, 16.6109,40.4995869859122, 16.9501,4,16.68029,4,8.634666,1.011898,82.4542,0,5,995,2147483647
40.432965985965, 15.771,40.5170159856789, 18.1853,4,16.67987,4,12.24865,-0.083281,79.724704,0,5,996,2147483647
40.4485193858854, 16.8543,40.5338345854543, 14.4261,4,16.67995,4,10.09795,0.325886,82.147104,0,5,997,2147483647
40.4658791865222, 17.1585,40.549607784953, 15.9726,4,16.68017,4,11.3245,-0.710299,80.3532,0,5,998,2147483647
40.4825052856468, 15.1359,40.5657794843428, 17.8756,4,16.67946,4,8.705381,-0.567296,83.0756,0,5,999,2147483647
40.4995869859122, 16.7919,40.5826970837079, 16.6967,4,16.67951,4,12.00211,0.010179,81.565904,0,5,1000,2147483647
40.5170159856789, 19.8446,40.599655484315, 17.1149,4,16.68096,4,11.4386,-0.341463,78.171,0,5,1001,2147483647
40.5338345854543, 14.4607,40.618463083636, 16.8825,4,16.67995,4,10.6832,-0.88965,78.414896,0,5,1002,2147483647
40.549607784953, 16.7493,40.6334530836903, 14.9566,4,16.67998,4,10.36642,-1.508352,81.0502,0,5,1003,2147483647
40.5657794843428, 15.5088,40.6496664839797, 18.2296,4,16.67944,4,11.88746,-0.479748,81.809504,0,5,1004,2147483647
40.5826970837079, 16.2681,40.6663900832646, 14.7586,4,16.67926,4,10.28895,-1.184665,79.3746,0,5,1005,2147483647
40.599655484315, 19.324,40.6823130841367, 15.9285,4,16.68046,4,12.79505,0.183487,80.079,0,5,1006,2147483647
40.618463083636, 16.9429,40.6994412834756, 17.1866,4,16.68058,4,13.37355,-0.852281,81.1074,0,5,1007,2147483647
40.6334530836903, 16.234,40.7166415839456, 18.869,4,16.68038,4,10.99397,-0.135338,80.0724,0,5,1008,2147483647
40.6496664839797, 16.8407,40.7338907844387, 17.5999,4,16.68045,4,13.17811,0.310226,76.735296,0,5,1009,2147483647
40.6663900832646, 16.048,40.7495439848863, 13.6127,4,16.68016,4,11.74538,-0.160515,80.669696,0,5,1010,2147483647
40.6823130841367, 16.6339,40.7669447842054, 17.3384,4,16.68014,4,11.13524,-0.290252,81.438896,0,5,1011,2147483647
40.6994412834756, 17.0004,40.7829948845319, 18.0283,4,16.68029,4,12.02177,-1.182671,79.6856,0,5,1012,2147483647
40.7166415839456, 15.322,40.7990765846334, 14.2867,4,16.67967,4,11.60182,0.134204,81.9286,0,5,1013,2147483647
40.7338907844387, 19.3333,40.8151219855063, 15.9959,4,16.68088,4,10.30275,-0.336862,82.1304,0,5,1014,2147483647
40.7495439848863, 14.9388,40.8322604852729, 18.8734,4,16.68008,4,9.996571,0.33062,80.782896,0,5,1015,2147483647
40.7669447842054, 16.8968,40.8516020844691, 17.6654,4,16.68018,4,13.1743,-0.723079,78.991,0,5,1016,2147483647
40.7829948845319, 17.0854,40.8668753844686, 15.332,4,16.68037,4,9.972262,-0.83869,80.507696,0,5,1017,2147483647
40.7990765846334, 16.1292,40.8834055853076, 18.372,4,16.68012,4,10.68768,1.132307,81.454304,0,5,1018,2147483647
40.8151219855063, 16.507,40.900088685099, 16.7091,4,16.68004,4,11.69828,0.040259,79.886,0,5,1019,2147483647
40.8322604852729, 15.4482,40.9160778843798, 14.1003,4,16.67948,4,12.68539,0.454236,79.1138,0,5,1020,2147483647
40.8516020844691, 18.9829,40.9334277850576, 17.1908,4,16.68052,4,11.12909,-1.692511,82.5166,0,5,1021,2147483647
40.8668753844686, 15.8681,40.9491614853032, 17.3842,4,16.68016,4,9.016141,-0.772106,80.5508,0,5,1022,2147483647
40.8834055853076, 15.1435,40.9668302857317, 16.0903,4,16.67946,4,11.84276,-0.371351,80.4108,0,5,1023,2147483647
40.900088685099, 17.4936,40.9827393856831, 15.9246,4,16.67983,4,9.884711,0.263804,79.6206,0,5,1024,2147483647
40.9160778843798, 17.738,40.9997224849649, 16.9658,4,16.68031,4,11.69561,-0.844774,79.791696,0,5,1025,2147483647
40.9334277850576, 16.6107,41.0178216849454, 20.0135,4,16.68027,4,12.70125,0.74299,81.2256,0,5,1026,2147483647
40.9491614853032, 16.6431,41.0324189853854, 14.6764,4,16.68026,4,10.2571,-0.186869,80.267296,0,5,1027,2147483647
40.9668302857317, 15.0154,41.0493790847249, 14.8757,4,16.67951,4,9.911974,1.76906,78.9714,0,5,1028,2147483647
40.9827393856831, 18.3045,41.0667464849539, 17.514,4,16.68024,4,12.82161,0.314266,81.314496,0,5,1029,2147483647
40.9997224849649, 17.4066,41.0824816846289, 17.5974,4,16.68057,4,9.461169,-0.367069,82.705696,0,5,1030,2147483647
41.0178216849454, 15.9637,41.0999483843334, 17.3774,4,16.68024,4,12.15704,0.022171,78.490304,0,5,1031,2147483647
41.0324189853854, 15.2613,41.116077283863, 14.3026,4,16.67961,4,10.08793,-0.581192,80.687696,0,5,1032,2147483647
41.0493790847249, 19.0093,41.1336331837811, 17.7133,4,16.68065,4,10.01027,-0.829278,81.1174,0,5,1033,2147483647
41.0667464849539, 15.8865,41.1500414838083, 18.2289,4,16.6803,4,10.45673,0.204648,83.174496,0,5,1034,2147483647
41.0824816846289, 14.5072,41.1663314835168, 15.8989,4,16.67932,4,11.97399,-0.404231,80.855,0,5,1035,2147483647
41.0999483843334, 19.3401,41.1830378831364, 15.1327,4,16.68052,4,10.71388,-0.285917,79.230704,0,5,1036,2147483647
41.116077283863, 15.795,41.2009869837202, 17.9831,4,16.68012,4,11.05775,0.014524,80.9524,0,5,1037,2147483647
41.1336331837811, 16.5896,41.216497683432, 17.0192,4,16.68008,4,11.71203,-1.310239,82.467504,0,5,1038,2147483647
41.1500414838083, 15.8339,41.2337763826363, 17.8909,4,16.6797,4,10.54902,-0.521119,81.7934,0,5,1039,2147483647
41.1663314835168, 17.8431,41.251609783154, 15.5232,4,16.68022,4,10.55878,-0.548752,79.4954,0,5,1040,2147483647
41.1830378831364, 16.7587,41.2666745833121, 15.137,4,16.68026,4,11.92714,-1.046715,79.1056,0,5,1041,2147483647
41.2009869837202, 16.7088,41.2832818827592, 18.4276,4,16.68027,4,13.15282,1.130122,82.7702,0,5,1042,2147483647
41.216497683432, 15.3369,41.3000423829071, 16.8513,4,16.67966,4,10.29765,-0.121517,81.609696,0,5,1043,2147483647
41.2337763826363, 17.3203,41.3167696832679, 16.646,4,16.67995,4,10.73551,0.211441,78.7794,0,5,1044,2147483647
41.251609783154, 17.3468,41.3335495828651, 15.0483,4,16.68025,4,13.09708,-0.430306,80.092,0,5,1045,2147483647
41.2666745833121, 16.527,41.3496779832058, 16.1366,4,16.68018,4,10.57652,-0.700624,80.883696,0,5,1046,2147483647
41.2832818827592, 15.2388,41.3668951834552, 18.9037,4,16.67954,4,10.23576,0.013928,81.0828,0,5,1047,2147483647
41.3000423829071, 16.3666,41.3837728830986, 15.2056,4,16.6794,4,9.459306,-0.592369,83.333296,0,5,1048,2147483647
41.3167696832679, 18.8091,41.3997345822863, 15.9832,4,16.68035,4,12.39252,-0.759066,80.745904,0,5,1049,2147483647
41.3335495828651, 15.7795,41.4167396831326, 17.0871,4,16.67995,4,10.77817,0.232921,80.009296,0,5,1050,2147483647
41.3496779832058, 17.0098,41.4329654830508, 17.8018,4,16.68009,4,8.745769,-0.583042,81.165696,0,5,1051,2147483647
41.3668951834552, 16.9746,41.4500035825185, 17.1731,4,16.68023,4,12.44997,-0.069209,83.030896,0,5,1052,2147483647
41.3837728830986, 14.2463,41.4683099831454, 16.5123,4,16.67914,4,10.36838,0.188013,81.4154,0,5,1053,2147483647
41.3997345822863, 18.3064,41.4840606837533, 15.7029,4,16.67987,4,11.51094,-0.477283,82.126704,0,5,1054,2147483647
41.4167396831326, 16.9521,41.4998348834924, 16.2151,4,16.67999,4,12.20211,-0.7269,79.314896,0,5,1055,2147483647
41.4329654830508, 15.3285,41.5168530843221, 16.4853,4,16.67938,4,10.01999,-0.543902,79.752704,0,5,1056,2147483647
41.4500035825185, 17.0216,41.5338663845323, 18.8864,4,16.67954,4,11.50148,0.851086,82.033104,0,5,1057,2147483647
41.4683099831454, 17.6913,41.5496787852608, 16.0755,4,16.67999,4,12.3331,-0.934429,82.5764,0,5,1058,2147483647
41.4840606837533, 16.2708,41.5665478850715, 16.9823,4,16.67981,4,10.8027,-0.470208,79.322496,0,5,1059,2147483647
41.4998348834924, 17.195,41.5831599845551, 14.3886,4,16.68003,4,10.43921,0.530202,79.884496,0,5,1060,2147483647
41.5168530843221, 17.2591,41.5991988847964, 17.6905,4,16.68029,4,10.91073,0.075009,80.701104,0,5,1061,2147483647
41.5338663845323, 15.421,41.616631585639, 17.7007,4,16.67973,3,10.73151,-0.01101,82.7204,0,4,1062,2147483647
41.5496787852608, 16.0357,41.6331266849302, 16.588,4,16.67945,2,10.5719,0.711517,80.236496,0,3,1063,2147483647
41.5665478850715, 17.7501,41.6496133855544, 14.4873,4,16.67992,4,11.25179,-0.120071,80.330704,0,4,1064,2147483647
41.5831599845551, 17.018,41.667066085618, 17.5797,4,16.68007,4,10.08111,-0.741417,81.7746,0,5,1065,2147483647
41.5991988847964, 15.1778,41.6830916847102, 15.995,4,16.67941,4,10.17678,0.512092,39.8087,0,5,1066,2147483647
41.616631585639, 16.7735,41.7002685847692, 18.7921,4,16.67945,4,10.94317,-0.735277,55.3065,0,5,1067,2147483647
41.6331266849302, 17.7997,41.7171580842696, 15.3152,4,16.67994,4,11.95362,-0.751907,70.6232,0,5,1068,2147483647
41.6496133855544, 17.0143,41.7334705847315, 17.1081,4,16.68009,4,10.13031,-0.379571,81.986496,0,5,1069,2147483647
41.667066085618, 16.9901,41.7528541847132, 18.4338,4,16.68023,4,11.38428,-0.336404,79.296096,0,5,1070,2147483647
41.7171580842696, 55.4932,41.7664560847916, 13.5268,4,16.69741,4,12.43661,-0.072152,80.822304,0,5,1071,2147483647
41.7171580842696, 2.1105,41.7840064843185, 17.6203,2,16.69096,4,10.81807,-0.775171,82.7712,0,5,1072,2147483647
41.7334705847315, 2.3183,41.7998721846379, 17.6223,3,16.6846,5,12.2278,0.808027,83.8834,0,5,1073,2147483647
41.7334705847315, 4.9743,41.8162261848338, 16.3371,3,16.67942,4,12.20135,0.109131,81.3992,0,5,1074,2147483647
41.7528541847132, 19.2552,41.8344632857479, 16.5647,4,16.68056,4,9.970171,-0.863024,80.352896,0,5,1075,2147483647
41.7664560847916, 15.3698,41.8512927857228, 16.8966,4,16.67998,4,12.62457,-0.147344,79.737296,0,5,1076,2147483647
41.7840064843185, 17.2809,41.8684410848655, 19.2297,4,16.68025,4,9.029069,-0.084127,78.701,0,5,1077,2147483647
41.7998721846379, 14.4806,41.8840674855746, 15.5919,4,16.67928,4,9.806024,-0.862077,81.9108,0,5,1078,2147483647
41.8162261848338, 18.2924,41.9001348861493, 15.8079,4,16.67999,4,12.58094,-0.301715,83.7778,0,5,1079,2147483647
41.8344632857479, 16.9656,41.9162395861931, 15.9192,4,16.68011,4,11.86303,0.472427,79.782304,0,5,1080,2147483647
41.8512927857228, 17.0524,41.9344256860204, 16.4366,4,16.68028,4,9.938477,0.291626,80.089296,0,5,1081,2147483647
41.8684410848655, 16.6094,41.9500988856889, 15.5726,4,16.68025,4,11.21692,-0.271442,80.867904,0,5,1082,2147483647
41.8840674855746, 14.1996,41.9674072847702, 17.41,4,16.67915,4,12.04977,-0.043342,81.351904,0,5,1083,2147483647
41.9001348861493, 17.0077,41.9842833844014, 18.8735,4,16.6793,4,9.130774,-1.328745,81.374896,0,5,1084,2147483647
41.9162395861931, 18.9308,42.0011651837267, 14.9349,4,16.68029,4,11.68174,1.111497,80.809296,0,5,1085,2147483647
41.9344256860204, 15.8867,42.0173367843963, 16.1941,4,16.67994,4,12.00404,1.268656,80.2496,0,5,1086,2147483647
41.9500988856889, 16.5126,42.034618285019, 17.2907,4,16.67987,4,9.964045,0.366316,81.088096,0,5,1087,2147483647
41.9674072847702, 17.2848,42.0504518845119, 17.7686,4,16.68013,4,13.3292,-1.35057,82.195696,0,5,1088,2147483647
41.9842833844014, 17.5753,42.0682909847237, 17.5979,4,16.68053,4,9.060144,0.059963,78.9688,0,5,1089,2147483647
42.0011651837267, 14.3956,42.08387498511, 13.8297,4,16.67952,4,10.50518,-0.15111,79.8928,0,5,1090,2147483647
42.0173367843963, 17.9657,42.1012122849934, 17.406,4,16.68009,4,9.74347,-0.424364,80.9316,0,5,1091,2147483647
42.034618285019, 16.7154,42.1171831856482, 17.5538,4,16.6801,4,11.40224,-0.154747,83.008096,0,5,1092,2147483647
42.0504518845119, 16.1165,42.1340945861302, 17.2241,4,16.67986,4,11.73221,-0.998722,80.370896,0,5,1093,2147483647
42.0682909847237, 18.4663,42.1510622869246, 15.239,4,16.68064,4,12.03626,-0.883833,79.15,0,5,1094,2147483647
42.08387498511, 15.4212,42.167532987427, 16.3449,4,16.68009,4,10.43405,-0.764678,80.992704,0,5,1095,2147483647
42.1012122849934, 16.951,42.1834191880189, 17.9891,4,16.6802,4,9.991722,-0.049887,83.5454,0,5,1096,2147483647
42.1171831856482, 15.1391,42.202953487169, 17.216,4,16.67953,4,12.71793,-0.63019,78.476896,0,5,1097,2147483647
42.1340945861302, 16.9738,42.2172589874826, 14.3358,4,16.67966,4,12.81938,-0.370178,78.869104,0,5,1098,2147483647
42.1510622869246, 18.2157,42.2342303874902, 16.9943,4,16.68033,4,12.48549,0.492641,80.9648,0,5,1099,2147483647
42.167532987427, 17.2388,42.2513602874242, 19.0809,4,16.68057,4,9.75759,1.395755,81.721904,0,5,1100,2147483647
42.1834191880189, 14.2671,42.2676997869276, 16.8196,4,16.67952,4,10.63758,0.743171,80.3382,0,5,1101,2147483647
42.202953487169, 18.8918,42.2838726877235, 13.8231,4,16.68049,4,12.03146,-0.017025,79.199104,0,5,1102,2147483647
42.2172589874826, 16.7817,42.301066187676, 17.1738,4,16.68053,4,9.158845,-0.367227,80.887104,0,5,1103,2147483647
42.2342303874902, 15.7194,42.3171349870972, 17.815,4,16.68011,4,10.29083,0.088433,83.3348,0,5,1104,2147483647
42.2513602874242, 16.1588,42.3358673877083, 16.9163,4,16.67988,4,10.88873,0.300583,80.402096,0,5,1105,2147483647
42.2676997869276, 16.7482,42.351165887434, 15.3635,4,16.67991,4,10.12253,1.073735,79.111904,0,5,1106,2147483647
42.2838726877235, 17.5373,42.3675907873549, 16.3983,4,16.68029,4,10.06717,-0.695215,82.587,0,5,1107,2147483647
42.301066187676, 16.7429,42.3842402868904, 18.4314,4,16.68032,4,10.30362,-0.038137,82.082,0,5,1108,2147483647
42.3171349870972, 14.6085,42.4010751866736, 17.0549,4,16.67941,4,9.185365,-0.51047,80.256704,0,5,1109,2147483647
42.3358673877083, 18.6501,42.4184567858465, 15.717,4,16.68027,4,10.81242,0.804756,80.045504,0,5,1110,2147483647
42.351165887434, 16.5964,42.4340288857929, 15.3064,4,16.68023,5,12.39484,-0.385993,82.141504,0,5,1111,2147483647
42.3675907873549, 15.6077,42.4511688849889, 19.0819,4,16.67977,4,10.47797,1.078342,82.835696,0,5,1112,2147483647
42.3842402868904, 16.257,42.4689242853783, 15.7509,4,16.67958,4,12.46764,-0.568287,78.725504,0,5,1113,2147483647
42.4010751866736, 16.951,42.4840465853922, 15.1259,4,16.6797,4,10.84799,-0.322161,79.137696,0,5,1114,2147483647
42.4184567858465, 17.8227,42.5011529861949, 17.6112,4,16.6802,4,12.01876,-0.51992,82.0922,0,5,1115,2147483647
42.4340288857929, 16.5805,42.5178047860973, 18.677,4,16.68015,4,10.59439,-0.314923,80.97,0,5,1116,2147483647
42.4511688849889, 15.8271,42.5349754854105, 16.5204,4,16.67978,4,12.30736,-0.019228,79.903904,0,5,1117,2147483647
42.4689242853783, 17.6323,42.5503908856772, 13.5215,4,16.6802,4,10.47702,-0.669185,80.078496,0,5,1118,2147483647
42.4840465853922, 17.1241,42.5678397859447, 17.5365,4,16.68039,4,12.25732,1.318356,81.050096,0,5,1119,2147483647
42.5011529861949, 16.0176,42.5849746852182, 18.9711,4,16.6801,4,12.28203,-0.173375,79.790304,0,5,1120,2147483647
42.5178047860973, 14.7909,42.6004833853804, 13.6696,4,16.67929,4,11.88898,1.103298,82.8964,0,5,1121,2147483647
42.5349754854105, 19.7108,42.6188417854719, 18.6436,4,16.6806,4,10.63354,-0.041843,78.770704,0,5,1122,2147483647
42.5503908856772, 15.6845,42.6348729855381, 15.859,4,16.68017,4,8.404775,0.183841,81.0374,0,5,1123,2147483647
42.5678397859447, 16.4882,42.6505055851303, 17.4591,4,16.68008,4,12.1244,-0.682645,83.215504,0,5,1124,2147483647
42.5849746852182, 17.8094,42.6670713848434, 16.5495,4,16.68057,4,10.64864,-0.39732,81.406496,0,5,1125,2147483647
42.6004833853804, 13.5458,42.6855761851184, 16.6524,4,16.67922,4,10.00266,-0.022182,78.500304,0,5,1126,2147483647
42.6188417854719, 18.9935,42.7007002853788, 14.8669,4,16.68022,4,9.730645,-0.703986,81.568704,0,5,1127,2147483647
42.6348729855381, 16.4437,42.7177023855038, 18.7105,4,16.68011,4,10.71132,0.240817,83.0126,0,5,1128,2147483647
42.6505055851303, 14.9578,42.7346455850638, 17.1357,4,16.67937,4,9.826882,-0.300322,80.2124,0,5,1129,2147483647
42.6670713848434, 17.039,42.7515481845476, 15.2297,4,16.67953,4,11.83089,-0.372504,78.957504,0,5,1130,2147483647
42.6855761851184, 18.8274,42.7675298848189, 15.9295,4,16.68045,4,12.10858,-0.043412,80.804304,0,5,1131,2147483647
42.7007002853788, 15.9167,42.7846061852761, 18.9788,4,16.68012,4,9.707922,-0.247798,83.4032,0,5,1132,2147483647
42.7177023855038, 15.7115,42.8013447844423, 17.1527,4,16.67971,4,10.6205,-0.936166,82.4248,0,5,1133,2147483647
42.7346455850638, 18.6049,42.8192798835225, 15.8046,4,16.68053,4,12.16751,-1.060025,78.402304,0,5,1134,2147483647
42.7515481845476, 16.2698,42.8345799832605, 15.0144,4,16.68036,4,11.8276,0.289318,79.442896,0,5,1135,2147483647
42.7675298848189, 17.1672,42.8515070839785, 19.0139,4,16.68057,4,10.24817,1.596245,82.021296,0,5,1136,2147483647
42.7846061852761, 14.8367,42.8686362835579, 17.4352,4,16.67978,4,10.89233,0.958562,81.988704,0,5,1137,2147483647
42.8013447844423, 17.0523,42.8850044826977, 16.0738,4,16.67994,4,11.35058,-0.386582,79.2184,0,5,1138,2147483647
42.8192798835225, 17.7907,42.9007156821899, 13.7679,4,16.68041,4,11.09575,-0.31987,79.4204,0,5,1139,2147483647
42.8345799832605, 16.6587,42.9182635820471, 17.6987,4,16.6804,4,10.15044,-0.104179,79.488304,0,5,1140,2147483647
42.8515070839785, 15.4233,42.9347710828297, 18.0279,4,16.67986,4,10.79348,0.297816,82.8328,0,5,1141,2147483647
42.8686362835579, 16.9466,42.9515964831226, 16.8882,4,16.67998,4,10.44497,0.215019,80.01,0,5,1142,2147483647
42.8850044826977, 18.1076,42.9687422825955, 15.336,4,16.68059,4,10.08838,-0.505653,79.966704,0,5,1143,2147483647
42.9007156821899, 14.8908,42.9840131825767, 15.0991,4,16.67982,4,10.30478,0.330555,81.070096,0,5,1144,2147483647
42.9182635820471, 17.5551,43.001627383288, 17.6161,4,16.6802,4,11.46338,0.26248,80.985,0,5,1145,2147483647
42.9347710828297, 15.4815,43.0184564827941, 18.8262,4,16.67968,5,9.708153,-0.114426,84.3992,0,5,1146,2147483647
42.9515964831226, 19.1667,43.0347130834125, 16.3428,4,16.68075,4,10.67465,-0.627417,78.677696,0,5,1147,2147483647
42.9687422825955, 14.8235,43.0512925828807, 14.7801,4,16.67995,4,11.50802,-1.138407,80.609696,0,5,1148,2147483647
42.9840131825767, 16.27,43.0686121820472, 17.3862,4,16.67978,4,11.44713,0.522938,78.9098,0,5,1149,2147483647
43.001627383288, 17.4245,43.0858807819895, 17.3263,4,16.6801,3,9.924717,-0.184665,80.0908,0,4,1150,2147483647
43.0184564827941, 16.0639,43.10238668276, 19.4774,4,16.67983,2,10.87361,-0.063441,79.670896,0,3,1151,2147483647
43.0347130834125, 18.1001,43.1179894828238, 12.3804,4,16.68044,4,11.24566,1.106962,80.254896,0,5,1152,2147483647
43.0512925828807, 15.7943,43.1355514829047, 17.7243,4,16.68006,4,11.18106,0.1774,79.3138,0,5,1153,2147483647
43.0686121820472, 17.9211,43.1517862831242, 16.2208,4,16.68059,4,12.03754,0.478196,41.4685,0,5,1154,2147483647
43.0858807819895, 17.1214,43.1687163827009, 18.3024,4,16.68078,4,10.07374,0.006712,56.7212,0,5,1155,2147483647
43.10238668276, 15.3181,43.1850138832815, 14.898,4,16.6802,4,8.6392,0.079712,73.436496,0,5,1156,2147483647
43.1179894828238, 16.8693,43.2014340837486, 17.4526,4,16.68028,4,11.403,0.053011,79.900704,0,5,1157,2147483647
43.1355514829047, 16.9706,43.2185573843308, 16.0292,4,16.6804,4,11.23049,-0.537815,78.8916,0,5,1158,2147483647
43.1850138832815, 54.9806,43.2358290837146, 17.1353,4,16.69672,4,10.05099,-0.375968,79.9818,0,5,1159,2147483647
43.1850138832815, 0.5054,43.2515544840135, 15.757,2,16.68983,4,11.79389,0.849272,83.112496,0,5,1160,2147483647
43.1850138832815, 1.8825,43.268168783281, 18.6138,3,16.68352,4,11.71941,-0.545942,81.042896,0,5,1161,2147483647
43.2014340837486, 8.9194,43.2854726840742, 15.3745,4,16.68022,4,10.75947,-0.707485,80.223696,0,5,1162,2147483647
43.2185573843308, 16.698,43.301083184313, 15.682,4,16.68023,4,10.31253,-1.231822,79.8768,0,5,1163,2147483647
43.2358290837146, 16.1547,43.3183715841733, 17.2448,4,16.68,4,10.77054,-0.596559,81.013296,0,5,1164,2147483647
43.2515544840135, 17.193,43.3365661832504, 20.3235,4,16.68022,4,12.53969,0.515504,80.883696,0,5,1165,2147483647
43.268168783281, 17.1022,43.3516189833172, 15.0324,4,16.6804,4,10.92132,-1.098673,80.452304,0,5,1166,2147483647
43.2854726840742, 16.0498,43.368678482715, 15.2301,4,16.68013,4,12.99256,0.428047,82.476496,0,5,1167,2147483647
43.301083184313, 16.4365,43.3851355821826, 16.0894,4,16.68003,4,12.4311,-0.417011,79.306704,0,5,1168,2147483647
43.3183715841733, 16.3168,43.4025601823814, 17.501,4,16.67987,4,9.898473,0.08872,82.8568,0,5,1169,2147483647
43.3365661832504, 17.6739,43.4184730821289, 17.4959,4,16.6803,4,11.27275,0.124963,82.4416,0,5,1170,2147483647
43.3516189833172, 16.7142,43.4345502820797, 16.2831,4,16.68031,4,11.28171,-0.247322,80.758304,0,5,1171,2147483647
43.368678482715, 15.8269,43.4544357829727, 17.8503,4,16.67995,4,12.23258,-1.302266,78.608704,0,5,1172,2147483647
43.3851355821826, 17.3315,43.4685015832074, 14.1618,4,16.68023,4,9.800237,0.383387,79.744,0,5,1173,2147483647
43.4025601823814, 16.417,43.4866469823755, 19.9669,4,16.68011,4,8.768622,-1.095504,80.8554,0,5,1174,2147483647
43.4184730821289, 15.3349,43.501613882836, 14.9196,4,16.67954,4,11.99707,-0.64695,80.431296,0,5,1175,2147483647
43.4345502820797, 16.624,43.51833288325, 14.9407,4,16.67952,4,13.20631,-0.44849,79.809904,0,5,1176,2147483647
43.4544357829727, 19.468,43.5355286835693, 17.3185,4,16.6807,4,9.646604,-0.535983,80.317296,0,5,1177,2147483647
43.4685015832074, 15.1442,43.551857683342, 16.2785,4,16.68005,4,13.12365,0.674104,79.0344,0,5,1178,2147483647
43.4866469823755, 17.0377,43.5684813833795, 18.1487,4,16.6802,4,12.41659,0.19936,83.4446,0,5,1179,2147483647
43.501613882836, 16.9292,43.5847742832266, 16.5046,4,16.68031,4,10.36588,-0.247736,83.030496,0,5,1180,2147483647
43.51833288325, 15.7374,43.601704583969, 15.1159,4,16.67991,4,10.2015,0.590948,80.0612,0,5,1181,2147483647
43.5355286835693, 16.8143,43.6187983839773, 17.3221,4,16.67997,4,11.11284,0.101832,80.963504,0,5,1182,2147483647
43.551857683342, 17.209,43.6348863835447, 15.9253,4,16.68019,4,11.49924,-0.253097,81.503504,0,5,1183,2147483647
43.5684813833795, 14.8276,43.6519755828194, 19.2557,4,16.67941,4,8.036352,-0.255016,79.7314,0,5,1184,2147483647
43.5847742832266, 17.8374,43.6698433826678, 17.4048,4,16.6799,4,11.09687,-0.53219,77.579696,0,5,1185,2147483647
43.601704583969, 17.0075,43.6856339829974, 14.0377,4,16.68003,4,10.2548,-0.293419,81.6414,0,5,1186,2147483647
43.6187983839773, 16.2698,43.701269782614, 17.1719,4,16.67986,4,11.76652,0.693661,83.127696,0,5,1187,2147483647
43.6348863835447, 16.8648,43.7185764829628, 17.4049,4,16.67994,4,10.34819,0.099645,78.806896,0,5,1188,2147483647
43.6519755828194, 16.2264,43.7347222822718, 14.4541,4,16.67975,4,10.34192,-0.443624,80.476496,0,5,1189,2147483647
43.6698433826678, 19.3027,43.751838081982, 17.1508,4,16.68085,3,12.17714,-0.50477,82.4164,0,4,1190,2147483647
43.6856339829974, 14.5632,43.7686194828711, 18.6247,4,16.67996,2,11.13766,-0.04155,80.351296,0,3,1191,2147483647
43.701269782614, 15.5624,43.7854368831031, 17.0482,4,16.67949,4,9.473724,-0.427452,81.581696,0,5,1192,2147483647
43.7185764829628, 18.9398,43.8020191839896, 14.618,4,16.68044,4,10.42667,-0.439652,81.4042,0,5,1193,2147483647
43.7347222822718, 15.5447,43.8186270832084, 17.2147,4,16.67996,4,12.22165,-0.481501,43.7318,0,5,1194,2147483647
43.751838081982, 16.7,43.8359385835938, 18.6392,4,16.67997,4,11.81005,0.580972,56.8419,0,5,1195,2147483647
43.7686194828711, 15.7517,43.8516187830828, 13.6877,4,16.67958,4,10.35585,-0.70664,70.523104,0,5,1196,2147483647
43.7854368831031, 16.9897,43.8697054828517, 18.2187,4,16.67971,4,10.2706,0.082488,80.581,0,5,1197,2147483647
43.8020191839896, 17.7271,43.8857083837502, 17.5494,4,16.68015,4,12.31923,-0.857581,81.198304,0,5,1198,2147483647
43.8516187830828, 54.9935,43.9026661845855, 17.3206,4,16.6962,4,11.17814,-0.324983,81.935696,0,5,1199,2147483647
43.8516187830828, 2.2055,43.9184624846093, 15.3142,2,16.69013,4,12.23471,-0.360814,81.551,0,5,1200,2147483647
43.8516187830828, 1.9535,43.9357569846325, 15.6346,3,16.68397,4,9.874081,0.163389,79.831504,0,5,1201,2147483647
43.8697054828517, 7.0754,43.9528921837918, 17.1338,4,16.67995,4,10.61508,-0.405046,79.941,0,5,1202,2147483647
43.8857083837502, 15.9385,43.9694728846662, 16.5556,4,16.67964,4,12.12001,-0.565844,80.3368,0,5,1203,2147483647
43.9026661845855, 17.4037,43.9857667847537, 18.1408,4,16.67994,4,12.20331,1.351939,83.020704,0,5,1204,2147483647
43.9184624846093, 17.2594,44.0025022844784, 16.8742,4,16.68018,4,9.851546,-0.651273,80.5606,0,5,1205,2147483647
43.9357569846325, 16.7352,44.0194324846379, 15.0155,4,16.6802,4,10.39384,0.109106,81.0212,0,5,1206,2147483647
43.9528921837918, 16.2628,44.0356915849261, 16.3722,4,16.68003,4,12.50916,-1.005458,78.928096,0,5,1207,2147483647
43.9694728846662, 16.8839,44.0528997848742, 17.2797,4,16.68011,4,10.56197,-0.864783,81.169,0,5,1208,2147483647
43.9857667847537, 15.5921,44.0685364841484, 18.2761,4,16.67966,4,10.45539,-0.054413,82.501296,0,5,1209,2147483647
44.0025022844784, 18.4647,44.0850821840577, 16.0036,4,16.6804,4,9.692558,0.220735,82.609504,0,5,1210,2147483647
44.0194324846379, 16.3568,44.1038746847771, 16.817,4,16.68027,4,12.99418,-0.719618,80.127904,0,5,1211,2147483647
44.0356915849261, 17.3377,44.1194013846107, 15.2522,4,16.68054,4,12.75031,0.858277,79.839296,0,5,1212,2147483647
44.0528997848742, 15.7221,44.1354224854149, 17.9556,4,16.68015,4,11.31997,-0.003208,83.630496,0,5,1213,2147483647
44.0685364841484, 15.2089,44.1520300847478, 16.541,4,16.67953,4,9.645818,0.287172,83.0866,0,5,1214,2147483647
44.0850821840577, 17.0639,44.168856785167, 17.1713,4,16.67969,4,10.88162,-0.070249,81.3804,0,5,1215,2147483647
44.1038746847771, 17.6774,44.1861743857153, 15.1958,4,16.68011,4,11.12191,-1.226198,79.196896,0,5,1216,2147483647
44.1194013846107, 16.6863,44.2027581860311, 16.3976,4,16.68011,4,10.13123,0.269935,80.3746,0,5,1217,2147483647
44.1354224854149, 15.3306,44.2200448852964, 19.1218,4,16.67955,4,10.04075,-0.185458,80.8684,0,5,1218,2147483647
44.1520300847478, 16.5804,44.2358925850131, 16.0362,4,16.67951,4,9.747698,-0.212314,82.941,0,5,1219,2147483647
44.168856785167, 18.9119,44.2529669855721, 17.2051,4,16.68044,4,13.28726,0.240876,79.126,0,5,1220,2147483647
44.1861743857153, 15.7602,44.2684750859626, 13.5848,4,16.68005,4,11.68086,0.83532,81.319904,0,5,1221,2147483647
44.2027581860311, 16.38,44.2860084851272, 17.549,4,16.67993,4,12.11131,-1.19547,80.710496,0,5,1222,2147483647
44.2200448852964, 16.8062,44.3014129851945, 17.3003,4,16.67998,4,12.17822,0.025869,80.779,0,5,1223,2147483647
44.2358925850131, 16.0439,44.319682885427, 18.116,4,16.67972,4,11.59618,-0.415809,80.361504,0,5,1224,2147483647
44.2529669855721, 18.7666,44.3363742851652, 14.951,4,16.68058,4,8.93797,-0.203228,79.8024,0,5,1225,2147483647
44.2684750859626, 14.7987,44.3533375845291, 16.9923,4,16.6798,4,11.40753,-0.888984,79.008,0,5,1226,2147483647
44.2860084851272, 16.9494,44.369885884691, 16.3401,4,16.67991,4,11.79801,-0.541835,80.0232,0,5,1227,2147483647
44.3014129851945, 15.3513,44.3851837846451, 15.4194,4,16.67936,4,10.65073,0.127947,80.8922,0,5,1228,2147483647
44.319682885427, 19.9423,44.4030056851916, 19.524,4,16.68071,4,10.69758,-1.005939,81.0998,0,5,1229,2147483647
44.3363742851652, 15.5438,44.4197426843457, 14.9849,4,16.68024,4,12.63853,-0.312809,79.0892,0,5,1230,2147483647
44.3533375845291, 17.1374,44.4360487847589, 16.3426,4,16.68043,4,12.49345,-0.372659,79.925296,0,5,1231,2147483647
44.369885884691, 15.769,44.4529089848511, 16.7837,4,16.68006,5,9.560539,0.004272,85.035296,0,5,1232,2147483647
44.3851837846451, 17.2697,44.4689230839722, 18.1389,4,16.6803,5,11.33961,0.771609,85.6364,0,5,1233,2147483647
44.4030056851916, 17.0405,44.4864817834459, 17.248,4,16.68045,4,12.31096,0.914095,78.779696,0,5,1234,2147483647
44.4197426843457, 15.8737,44.5021203826182, 13.8648,4,16.68011,4,10.51923,0.000935,79.775696,0,5,1235,2147483647
44.4360487847589, 16.2161,44.5191106828861, 17.0499,4,16.67992,4,10.25209,-0.507311,79.2644,0,5,1236,2147483647
44.4529089848511, 16.2712,44.538811983075, 21.3803,4,16.67975,4,8.744505,-0.270889,82.571904,0,5,1237,2147483647
44.4689230839722, 16.3253,44.5533857834525, 16.9266,4,16.67961,4,11.00346,0.019468,80.933904,0,5,1238,2147483647
44.4864817834459, 18.8903,44.5694728833623, 12.0335,4,16.68052,4,11.70911,2.104212,82.320704,0,5,1239,2147483647
44.5021203826182, 15.8496,44.5861667827703, 16.8469,4,16.68018,4,10.51229,0.448551,79.695104,0,5,1240,2147483647
44.5191106828861, 16.2397,44.6021003820933, 15.7265,4,16.68,4,10.47633,-0.02663,79.0128,0,5,1241,2147483647
44.538811983075, 15.3913,44.6190975815989, 18.6982,4,16.67947,4,10.06199,0.020192,84.0556,0,5,1242,2147483647
44.5533857834525, 18.6685,44.6358247813769, 17.0373,4,16.68028,4,9.865049,-0.734159,83.031904,0,5,1243,2147483647
44.5694728833623, 16.073,44.6530858804472, 17.4527,4,16.68003,4,11.58813,-0.322522,79.212496,0,5,1244,2147483647
44.5861667827703, 16.8688,44.6695244801231, 14.243,4,16.68011,4,10.03601,0.216336,79.352704,0,5,1245,2147483647
44.6021003820933, 17.3669,44.6861115810461, 16.6867,4,16.68039,4,11.96106,0.804649,79.192304,0,5,1246,2147483647
44.6190975815989, 14.5321,44.7039544810541, 19.5722,4,16.67951,4,12.71422,-0.188221,80.377296,0,5,1247,2147483647
44.6358247813769, 16.9902,44.7201373805292, 15.9662,4,16.67964,4,12.20536,0.486604,78.487104,0,5,1248,2147483647
44.6530858804472, 19.0011,44.7369439811446, 15.1821,4,16.68059,5,10.01855,-0.181481,81.358304,0,5,1249,2147483647
44.6695244801231, 15.7118,44.7527815815993, 15.8511,4,16.68019,4,9.097521,-0.841364,81.255296,0,5,1250,2147483647
44.6861115810461, 17.1645,44.7697365810163, 17.0057,4,16.68039,4,12.1681,-1.421731,79.6252,0,5,1251,2147483647
44.7039544810541, 15.9644,44.7867110804655, 17.1477,4,16.6801,4,11.50808,-0.952048,81.5702,0,5,1252,2147483647
44.7201373805292, 17.9065,44.80290828133, 16.0158,4,16.6806,4,10.15796,-0.133886,81.3036,0,5,1253,2147483647
44.7369439811446, 15.8096,44.8191553805955, 18.6799,4,16.68025,4,12.55283,0.280234,84.172704,0,5,1254,2147483647
44.7527815815993, 16.4901,44.8362626810558, 16.3877,4,16.68017,4,13.23805,0.145111,80.235104,0,5,1255,2147483647
44.7697365810163, 16.4488,44.8528721802868, 14.8185,4,16.68007,4,11.04459,0.017055,79.5818,0,5,1256,2147483647
44.7867110804655, 16.7866,44.8698080801405, 18.7307,4,16.68012,4,10.06467,-0.603706,82.4272,0,5,1257,2147483647
44.80290828133, 16.6927,44.8862336804159, 16.426,4,16.68012,4,11.40999,0.133265,82.561296,0,5,1258,2147483647
44.8191553805955, 14.7479,44.9032404799946, 17.6168,4,16.67933,4,9.720245,-0.827542,81.6822,0,5,1259,2147483647
44.8362626810558, 18.987,44.9207162805833, 15.0491,4,16.68027,4,9.692606,0.170683,80.2538,0,5,1260,2147483647
44.8528721802868, 15.8826,44.9359808801673, 15.2293,4,16.67995,4,12.27324,-0.614376,80.074304,0,5,1261,2147483647
44.8698080801405, 15.9951,44.9528662799858, 18.84,4,16.67967,4,11.76264,-0.293083,83.0658,0,5,1262,2147483647
44.8862336804159, 16.4245,44.9695047806017, 16.5587,4,16.67957,4,11.06022,1.045677,83.2928,0,5,1263,2147483647
44.9032404799946, 17.0113,44.9873616802506, 16.1318,4,16.6797,4,11.65168,-0.989191,80.115296,0,5,1264,2147483647
44.9207162805833, 17.4665,45.0035103796981, 16.0376,4,16.68002,4,12.40718,-0.718436,79.6268,0,5,1265,2147483647
44.9359808801673, 16.5875,45.0196926794015, 16.4086,4,16.67998,4,12.12262,0.000659,81.1632,0,5,1266,2147483647
44.9528662799858, 15.7663,45.0370186786167, 18.757,4,16.67961,4,8.790291,-0.972395,82.3072,0,5,1267,2147483647
44.9695047806017, 17.2247,45.0540584786795, 17.451,4,16.67983,4,10.79624,-0.181492,82.6596,0,5,1268,2147483647
44.9873616802506, 17.3155,45.0703733782284, 14.1377,4,16.68009,4,12.60064,-0.737411,81.6628,0,5,1269,2147483647
45.0035103796981, 16.4791,45.086236578878, 15.9904,4,16.68001,4,11.76919,0.133073,78.7122,0,5,1270,2147483647
45.0196926794015, 16.9026,45.1044789790176, 18.439,4,16.6801,4,10.85099,-0.078045,79.2372,0,5,1271,2147483647
45.0370186786167, 15.9345,45.1197390793823, 17.0777,4,16.6798,4,10.15441,-0.534822,83.147104,0,5,1272,2147483647
45.0540584786795, 17.4816,45.1377243786119, 17.8338,4,16.68012,4,12.53533,-0.485019,79.284304,0,5,1273,2147483647
45.0703733782284, 16.3218,45.1548131792806, 15.3247,4,16.67998,4,11.50095,0.761562,80.4008,0,5,1274,2147483647
45.086236578878, 17.7852,45.1697377790697, 14.8355,4,16.68043,4,9.956022,-0.355193,80.4876,0,5,1275,2147483647
45.1044789790176, 16.1572,45.1864721798338, 16.6809,4,16.68022,4,10.73642,0.17944,79.1068,0,5,1276,2147483647
45.1197390793823, 15.2741,45.2037320793606, 19.1838,4,16.67964,4,12.28464,-0.436225,82.721504,0,5,1277,2147483647
45.1377243786119, 19.8768,45.2197489799, 16.0139,4,16.68094,4,10.98399,-0.257777,79.9166,0,5,1278,2147483647
45.1548131792806, 15.0662,45.2377264802344, 16.1829,4,16.68029,4,10.64766,-0.330028,80.858896,0,5,1279,2147483647
45.1697377790697, 16.0001,45.253625380341, 16.0868,4,16.68001,4,9.434825,-0.24411,82.705696,0,5,1280,2147483647
45.1864721798338, 17.3863,45.269741081167, 16.0049,4,16.6803,4,10.59788,-0.223547,83.150896,0,5,1281,2147483647
45.2037320793606, 15.4401,45.2868081820197, 19.0546,4,16.67979,3,12.13513,-0.122344,78.167104,0,4,1282,2147483647
45.2197489799, 18.0931,45.3041374818422, 15.2882,4,16.68037,2,10.38901,-0.664594,81.9216,0,3,1283,2147483647
45.2377264802344, 15.961,45.3210550812073, 16.9028,4,16.68008,4,10.22045,-0.132041,79.817696,0,5,1284,2147483647
45.253625380341, 16.3205,45.3376685814001, 18.167,4,16.67993,4,10.25464,0.068365,83.152304,0,5,1285,2147483647
45.269741081167, 17.0071,45.3543746811338, 17.4516,4,16.68006,4,11.88709,-0.669661,42.793,0,5,1286,2147483647
45.2868081820197, 17.4284,45.3691225810908, 12.4448,4,16.68036,4,12.43134,-0.332201,58.584,0,5,1287,2147483647
45.3041374818422, 16.3277,45.3874516817741, 20.082,4,16.68022,4,10.20794,-0.792067,71.483296,0,5,1288,2147483647
45.3210550812073, 16.2152,45.4034625808708, 14.1112,4,16.68003,4,11.68366,-0.452854,80.658896,0,5,1289,2147483647
45.3376685814001, 16.5425,45.4211256816052, 19.8768,4,16.67998,5,12.3807,-0.566639,81.358704,0,5,1290,2147483647
45.3874516817741, 54.1592,45.4371874812059, 13.8005,4,16.6951,4,11.97517,0.255324,79.3454,0,5,1291,2147483647
45.3874516817741, 2.2657,45.4551906804554, 18.0553,2,16.68928,4,10.85385,-0.687764,80.876896,0,5,1292,2147483647
45.3874516817741, 1.735,45.4697254807688, 14.6335,3,16.68325,4,10.36274,-0.291169,82.390896,0,5,1293,2147483647
45.4034625808708, 9.8973,45.4865038809367, 19.073,4,16.68052,4,10.51998,0.030996,82.748304,0,5,1294,2147483647
45.4211256816052, 17.6961,45.5042625800706, 18.3952,4,16.68093,4,11.50576,-0.861296,81.911904,0,5,1295,2147483647
45.4371874812059, 14.9363,45.5200966806151, 12.9233,4,16.68023,4,11.97507,-0.645728,79.988896,0,5,1296,2147483647
45.4551906804554, 17.2864,45.5371808805503, 18.8178,4,16.68047,4,12.1711,-0.636074,82.8926,0,5,1297,2147483647
45.4697254807688, 15.1983,45.5537188802846, 16.7123,4,16.67987,4,9.965096,-1.337996,81.5836,0,5,1298,2147483647
45.4865038809367, 16.3858,45.5702886809595, 16.7425,4,16.67975,5,10.57053,-0.564468,82.387,0,5,1299,2147483647
45.5042625800706, 16.8699,45.5877862800844, 16.0332,4,16.67983,4,10.26677,-0.778173,80.493904,0,5,1300,2147483647
45.5200966806151, 17.3614,45.6037789792754, 15.4449,4,16.6801,4,12.5642,-0.90002,82.030304,0,5,1301,2147483647
45.5371808805503, 15.831,45.6206099786796, 18.7281,4,16.67976,5,11.54937,-0.196764,83.3406,0,5,1302,2147483647
45.5537188802846, 16.7071,45.6363994781859, 15.3975,4,16.67977,4,10.53057,-0.868356,84.138704,0,5,1303,2147483647
45.5702886809595, 18.3325,45.6541924779303, 19.135,4,16.68044,4,10.62392,-0.368785,80.3338,0,5,1304,2147483647
45.5877862800844, 15.2844,45.6705071781762, 13.3914,4,16.67988,4,12.81876,-0.177314,79.23,0,5,1305,2147483647
45.6037789792754, 17.2451,45.6873705782928, 18.7813,4,16.6801,4,11.91646,-0.537143,82.4268,0,5,1306,2147483647
45.6206099786796, 16.0683,45.7046561785974, 17.3779,4,16.67986,4,12.60478,0.258558,84.264304,0,5,1307,2147483647
45.6363994781859, 15.542,45.7205128786154, 16.3406,4,16.6794,4,10.49251,-0.874264,81.0642,0,5,1308,2147483647
45.6541924779303, 18.1543,45.7371625793166, 14.3489,4,16.67999,4,11.85844,-0.063525,79.4822,0,5,1309,2147483647
45.6705071781762, 17.2737,45.7533609797247, 16.1703,4,16.68023,4,11.43994,-0.856107,79.2574,0,5,1310,2147483647
45.6873705782928, 15.835,45.7706556790508, 19.0448,4,16.67989,4,9.690164,-1.183154,82.790704,0,5,1311,2147483647
45.7046561785974, 15.0578,45.7875987798907, 16.9043,4,16.67924,4,12.83893,0.36017,83.123,0,5,1312,2147483647
45.7205128786154, 20.2943,45.8041690797545, 17.0707,4,16.68069,4,11.89751,0.381982,79.2748,0,5,1313,2147483647
45.7371625793166, 15.4925,45.8203638796695, 13.9106,4,16.68022,4,10.95735,0.948868,79.7094,0,5,1314,2147483647
45.7533609797247, 16.8085,45.8371154800989, 16.5828,4,16.68027,4,11.29203,-0.07451,79.3906,0,5,1315,2147483647
45.7706556790508, 15.6289,45.8544409801252, 19.1622,4,16.67985,4,11.41602,-0.696264,80.083904,0,5,1316,2147483647
45.7875987798907, 16.5722,45.8713115793653, 16.9047,4,16.6798,4,11.20103,-1.277518,81.647296,0,5,1317,2147483647
45.8041690797545, 18.9641,45.8861317797564, 15.1154,4,16.68072,4,8.65281,0.222183,78.8006,0,5,1318,2147483647
45.8203638796695, 16.1459,45.9047742797993, 16.5798,4,16.6805,4,9.742464,-0.809706,80.4452,0,5,1319,2147483647
45.8371154800989, 16.6578,45.9210507790558, 16.3395,4,16.68049,4,10.61532,-0.131846,78.4354,0,5,1320,2147483647
45.8544409801252, 15.1818,45.937034978997, 15.8745,4,16.6799,4,11.37492,0.043087,79.1232,0,5,1321,2147483647
45.8713115793653, 17.1085,45.9538287795149, 18.6715,4,16.68007,4,11.62141,0.207954,80.327,0,5,1322,2147483647
45.8861317797564, 18.4875,45.9713020804338, 15.6404,4,16.68079,4,12.73145,-0.254372,79.0252,0,5,1323,2147483647
45.9047742797993, 15.9203,45.9872578806244, 17.5644,4,16.68048,4,12.00031,0.339105,80.2572,0,5,1324,2147483647
45.9210507790558, 17.4347,46.0039718798362, 15.4252,4,16.68078,4,9.807846,-0.516982,80.3864,0,5,1325,2147483647
45.937034978997, 16.2219,46.0211135796271, 16.9199,4,16.6806,4,11.55447,0.633315,78.1322,0,5,1326,2147483647
45.9538287795149, 14.8549,46.0372099797241, 16.0478,4,16.67987,4,12.0406,-0.44494,78.973904,0,5,1327,2147483647
45.9713020804338, 18.2839,46.0541536803357, 16.9818,4,16.68051,4,11.43168,0.201622,78.886304,0,5,1328,2147483647
45.9872578806244, 16.9466,46.0706533803605, 18.1781,4,16.68062,5,10.34478,-0.491565,83.4726,0,5,1329,2147483647
46.0039718798362, 17.1354,46.0881389803253, 17.2714,4,16.6808,4,9.42704,-0.27047,80.230096,0,5,1330,2147483647
46.0211135796271, 16.2535,46.1038083801977, 13.9918,4,16.68063,4,12.27948,-0.005001,80.519696,0,5,1331,2147483647
46.0372099797241, 16.3091,46.120978880208, 17.1502,4,16.68048,4,11.55527,-0.201361,82.489296,0,5,1332,2147483647
46.0541536803357, 16.8323,46.1376308794133, 16.7447,4,16.68054,4,10.67937,-0.978992,79.0158,0,5,1333,2147483647
46.0706533803605, 14.5057,46.1547058797441, 19.0923,4,16.67968,4,10.1379,0.099333,82.7054,0,5,1334,2147483647
46.0881389803253, 19.1177,46.1706715798937, 15.8745,4,16.68065,4,11.57956,-0.474988,81.187696,0,5,1335,2147483647
46.1038083801977, 15.5578,46.1883947807364, 15.8476,4,16.6802,4,11.91589,-0.222975,79.109,0,5,1336,2147483647
46.120978880208, 16.3646,46.2047487809323, 18.3333,4,16.68008,4,10.60937,0.225494,81.564896,0,5,1337,2147483647
46.1376308794133, 17.4157,46.2207599817775, 13.9423,4,16.68037,4,10.08099,-0.155218,80.7476,0,5,1338,2147483647
46.1547058797441, 14.0907,46.2383400811814, 17.7798,4,16.67934,4,12.42437,-0.617602,78.9796,0,5,1339,2147483647
46.1706715798937, 17.5515,46.2544252811931, 16.0449,4,16.67969,4,12.10651,-0.107816,79.4592,0,5,1340,2147483647
46.1883947807364, 18.2779,46.270655581262, 16.1879,4,16.68032,4,9.709318,-0.722504,81.7368,0,5,1341,2147483647
46.2047487809323, 17.3114,46.2884639813565, 19.7671,4,16.68057,5,9.567902,-0.384819,80.279696,0,5,1342,2147483647
46.2207599817775, 14.9579,46.3045037812553, 14.1403,4,16.67989,4,12.42642,-0.108832,80.8618,0,5,1343,2147483647
46.2383400811814, 17.6926,46.3206519815139, 15.9256,4,16.68029,4,11.9328,-0.313003,82.3108,0,5,1344,2147483647
46.2544252811931, 16.2241,46.3372628814541, 16.7016,4,16.68011,4,10.80072,-0.355937,80.0132,0,5,1345,2147483647
46.270655581262, 17.1341,46.3544618817978, 19.4292,4,16.68029,4,10.56643,-0.188405,80.179,0,5,1346,2147483647
46.2884639813565, 18.3158,46.3711376818828, 16.8407,4,16.68093,4,11.8838,0.480911,81.6106,0,5,1347,2147483647
46.3045037812553, 15.397,46.3875345825218, 15.9811,4,16.68043,4,12.16524,-0.593891,83.323,0,5,1348,2147483647
46.3206519815139, 16.5429,46.4055963824503, 17.9895,4,16.68037,4,10.387,-0.147489,78.9006,0,5,1349,2147483647
46.3372628814541, 16.3784,46.4215680821799, 14.0806,4,16.68025,4,10.04059,-0.820644,79.916896,0,5,1350,2147483647
46.3544618817978, 15.7601,46.4375591813587, 15.9261,4,16.67989,4,11.00309,-0.627829,79.696896,0,5,1351,2147483647
46.3711376818828, 15.4199,46.4543761811219, 16.8509,4,16.67939,4,12.37939,-0.186727,79.7458,0,5,1352,2147483647
46.3875345825218, 17.6131,46.4717461816035, 19.3255,4,16.67976,4,9.978144,-0.249217,81.9736,0,5,1353,2147483647
46.4055963824503, 20.3929,46.4873801819049, 15.97,4,16.68122,4,10.91273,0.243698,82.5494,0,5,1354,2147483647
46.4215680821799, 14.4013,46.5049335821532, 15.4172,4,16.68033,4,12.46433,-0.956787,80.7334,0,5,1355,2147483647
46.4375591813587, 16.1433,46.5210604830645, 15.9236,4,16.68011,4,11.52872,-0.237984,80.303504,0,5,1356,2147483647
46.4543761811219, 17.4485,46.5385120823048, 17.4969,4,16.68042,4,9.533202,0.19355,79.840496,0,5,1357,2147483647
46.4717461816035, 15.8806,46.5546275819652, 18.1086,4,16.6801,4,9.697887,-0.949733,83.0888,0,5,1358,2147483647
46.4873801819049, 16.7743,46.5718227825128, 17.3492,4,16.68014,4,12.86148,0.709095,82.096896,0,5,1359,2147483647
46.5049335821532, 16.5903,46.5885626818053, 14.7736,4,16.6801,4,12.00165,0.097278,79.3644,0,5,1360,2147483647
46.5210604830645, 16.0877,46.6043438813649, 15.6653,4,16.67987,4,9.710833,-0.940839,79.421504,0,5,1361,2147483647
46.5385120823048, 18.0067,46.6215740810148, 17.5361,4,16.68039,4,12.7233,-1.079254,79.326,0,5,1362,2147483647
46.5546275819652, 15.3158,46.6383044808172, 18.5644,4,16.67986,4,10.76192,-1.099725,82.2816,0,5,1363,2147483647
46.5718227825128, 17.484,46.6548746800981, 16.4909,4,16.68017,4,11.58384,-0.804451,77.4294,0,5,1364,2147483647
46.5885626818053, 16.5066,46.6708030807786, 13.7734,4,16.6801,4,10.80495,-0.515704,79.833296,0,5,1365,2147483647
46.6043438813649, 16.4579,46.6872821799479, 16.5228,4,16.68002,4,10.93592,-0.234227,81.750304,0,5,1366,2147483647
46.6215740810148, 17.4072,46.7046264796518, 17.3038,4,16.6803,5,10.96655,0.019767,81.9158,0,5,1367,2147483647
46.6383044808172, 15.9757,46.7218532799743, 18.9311,4,16.68003,4,12.7818,-0.698868,80.773504,0,5,1368,2147483647
46.6548746800981, 18.7664,46.7374766799621, 13.9141,4,16.68084,4,10.74823,-0.299926,80.5502,0,5,1369,2147483647
46.6708030807786, 14.4351,46.7542579802684, 16.8381,4,16.67996,4,10.29233,-0.248594,80.525904,0,5,1370,2147483647
46.6872821799479, 16.6404,46.7726176804863, 18.5574,4,16.67995,4,11.74037,-0.760569,82.920896,0,5,1371,2147483647
46.7046264796518, 17.6627,46.7884622807615, 17.8278,4,16.68033,4,12.48613,-0.381804,83.473296,0,5,1372,2147483647
46.7218532799743, 17.545,46.8046230799519, 16.4022,4,16.68067,4,10.19489,-0.112516,80.419,0,5,1373,2147483647
46.7374766799621, 15.5337,46.8222632794641, 15.3104,4,16.68022,4,9.724969,0.348481,80.041696,0,5,1374,2147483647
46.7542579802684, 16.0934,46.8384766797535, 16.0688,4,16.67999,5,10.6033,0.004118,81.515,0,5,1375,2147483647
46.7726176804863, 17.0879,46.8560920800082, 19.4825,4,16.68015,4,12.27012,-0.96776,82.1716,0,5,1376,2147483647
46.7884622807615, 15.0233,46.8718358795159, 15.5756,4,16.67951,4,9.934619,-0.07595,81.505104,0,5,1377,2147483647
46.8046230799519, 17.9659,46.8883990789764, 14.9114,4,16.68001,4,9.179382,-0.267373,80.392096,0,5,1378,2147483647
46.8222632794641, 17.4886,46.9055910794996, 17.1111,4,16.68032,4,9.78566,-0.194871,80.468896,0,5,1379,2147483647
46.8384766797535, 16.9405,46.9215642786585, 18.413,4,16.68042,3,12.69975,0.341345,82.187504,0,4,1380,2147483647
46.8560920800082, 15.8528,46.9384565795772, 16.5098,4,16.6801,2,11.68227,-1.050604,80.678496,0,3,1381,2147483647
46.8718358795159, 18.0248,46.9577841791324, 17.3581,4,16.68063,4,10.32747,-0.126258,81.043104,0,4,1382,2147483647
46.8883990789764, 15.1829,46.9720188793726, 14.0694,4,16.68004,4,10.12885,-0.013337,80.941,0,5,1383,2147483647
46.9055910794996, 16.6923,46.9870118792169, 16.7688,4,16.68005,4,11.4756,-0.407834,40.7875,0,5,1384,2147483647
46.9215642786585, 14.3526,47.0047956793569, 16.0709,4,16.67914,4,13.05466,-0.492168,53.852,0,5,1385,2147483647
46.9384565795772, 18.8106,47.0220640799962, 17.3012,4,16.67997,4,12.11814,0.154891,67.0879,0,5,1386,2147483647
46.9577841791324, 18.9095,47.0394803802483, 19.2735,4,16.68084,4,9.969934,0.709929,77.792096,0,5,1387,2147483647
46.9720188793726, 14.8745,47.0561156808399, 14.7734,4,16.68014,4,10.30767,0.556937,81.074096,0,5,1388,2147483647
47.0220640799962, 57.5151,47.0717923804186, 17.36,4,16.69598,5,12.20941,-0.530462,83.740096,0,5,1389,2147483647
47.0220640799962, 2.2764,47.088722681161, 15.3406,2,16.69039,4,11.50527,0.359039,79.691504,0,5,1390,2147483647
47.0394803802483, 2.4677,47.1045640814118, 15.704,3,16.68487,4,10.85866,-0.083441,80.5482,0,5,1391,2147483647
47.0394803802483, 6.3463,47.1214959821664, 17.0495,3,16.68087,4,8.059262,0.102756,83.3284,0,5,1392,2147483647
47.0561156808399, 15.4091,47.1384840826504, 18.6913,4,16.68037,4,12.36176,-0.243147,82.501,0,5,1393,2147483647
47.0717923804186, 16.5662,47.156360683497, 19.2318,4,16.68033,4,11.31794,-0.51835,80.6808,0,5,1394,2147483647
47.088722681161, 16.1033,47.1716365837492, 12.0659,4,16.68011,4,11.77804,-0.043473,79.8172,0,5,1395,2147483647
47.1045640814118, 15.9347,47.1883634836413, 16.7799,4,16.67982,4,10.15495,0.497608,80.638496,0,5,1396,2147483647
47.1214959821664, 17.4691,47.2064656843431, 20.249,4,16.68012,4,11.94065,-0.419418,81.2578,0,5,1397,2147483647
47.1384840826504, 15.8841,47.2218316844665, 15.0657,4,16.67982,4,11.13337,-0.474521,82.934896,0,5,1398,2147483647
47.156360683497, 16.9005,47.2386150839739, 15.0909,4,16.6799,4,11.82419,0.124458,80.7856,0,5,1399,2147483647
47.1716365837492, 16.9864,47.2548953848891, 16.1041,4,16.68002,4,11.36872,-0.931942,80.253,0,5,1400,2147483647
47.1883634836413, 15.9697,47.271620884072, 16.7894,4,16.67974,4,12.29392,-0.344574,80.5714,0,5,1401,2147483647
47.2064656843431, 18.3799,47.2888236842118, 19.0006,4,16.6804,4,10.35694,1.151097,81.097904,0,5,1402,2147483647
47.2218316844665, 15.104,47.3056301842444, 16.7795,4,16.67979,4,11.66604,-0.420178,78.4774,0,5,1403,2147483647
47.2386150839739, 17.1871,47.322428684216, 15.0371,4,16.67999,5,12.66477,-0.043274,82.177104,0,5,1404,2147483647
47.2548953848891, 16.4312,47.3383631850593, 15.8989,4,16.67989,4,12.0992,-0.275085,83.807504,0,5,1405,2147483647
47.271620884072, 17.2071,47.3557418859564, 17.5249,4,16.6801,4,8.458278,0.459666,79.8002,0,5,1406,2147483647
47.2888236842118, 16.1372,47.3725120867603, 16.6683,4,16.67989,4,10.10337,-0.305259,82.0208,0,5,1407,2147483647
47.3056301842444, 18.7623,47.3885981864296, 16.1368,4,16.68069,5,11.55309,-0.895173,82.644,0,5,1408,2147483647
47.322428684216, 14.8598,47.4051719862036, 18.559,4,16.67999,4,12.14623,0.592383,83.8352,0,5,1409,2147483647
47.3383631850593, 16.0264,47.4228715854697, 17.6569,4,16.67974,4,11.32506,-0.257638,80.4186,0,5,1410,2147483647
47.3557418859564, 17.4842,47.4384745857678, 13.478,4,16.68004,4,10.50917,1.145262,80.306496,0,5,1411,2147483647
47.3725120867603, 15.8466,47.4565165857784, 18.0655,4,16.67973,4,10.90122,-0.555789,79.281696,0,5,1412,2147483647
47.3885981864296, 16.9921,47.4722321867011, 17.6151,4,16.67985,4,9.741138,-0.523491,83.789696,0,5,1413,2147483647
47.4051719862036, 15.2879,47.4888072866015, 16.4789,4,16.67931,4,12.25884,-0.021198,79.9214,0,5,1414,2147483647
47.4228715854697, 20.5504,47.5058460864238, 17.1337,4,16.6808,4,8.970489,-0.361707,78.3092,0,5,1415,2147483647
47.4384745857678, 14.3494,47.5219087856822, 14.2369,4,16.6799,4,10.73089,-0.413373,84.038304,0,5,1416,2147483647
47.4565165857784, 17.8285,47.5386376860552, 16.8033,4,16.68034,5,12.4713,-0.799662,84.642,0,5,1417,2147483647
47.4722321867011, 13.7775,47.5550461853854, 18.2855,4,16.67923,4,11.83361,-0.53957,82.0686,0,5,1418,2147483647
47.4888072866015, 18.1581,47.5712036858313, 14.2897,4,16.6798,4,12.23407,-0.171466,81.6736,0,5,1419,2147483647
47.5058460864238, 18.8457,47.5882307863794, 17.2331,4,16.68063,4,10.76566,-0.729,81.4426,0,5,1420,2147483647
47.5219087856822, 14.5082,47.6066656871699, 20.237,4,16.67979,4,10.94257,-0.318561,82.0244,0,5,1421,2147483647
47.5386376860552, 16.8663,47.6224019876681, 17.4695,4,16.67986,4,12.50737,0.8527,80.2306,0,5,1422,2147483647
47.5550461853854, 16.1123,47.6396872880869, 13.5393,4,16.67965,4,11.8635,-0.049448,81.101104,0,5,1423,2147483647
47.5712036858313, 17.4386,47.6566893882118, 17.0432,4,16.67994,4,12.62096,-1.122699,80.446,0,5,1424,2147483647
47.5882307863794, 16.7272,47.6713745878078, 16.4958,4,16.67996,4,10.0425,-0.45366,84.459696,0,5,1425,2147483647
47.6066656871699, 17.722,47.6898548887111, 18.3035,4,16.68036,4,9.321148,-0.981551,80.824096,0,5,1426,2147483647
47.6224019876681, 15.3841,47.7050804891624, 13.5903,4,16.67986,4,11.9647,-0.538292,80.992,0,5,1427,2147483647
47.6396872880869, 16.9719,47.7228663885035, 17.8417,4,16.67997,4,11.47146,-0.485456,80.4308,0,5,1428,2147483647
47.6566893882118, 17.3832,47.7396606882103, 16.7284,4,16.68024,4,10.74995,-0.309128,80.4848,0,5,1429,2147483647
47.6713745878078, 14.6967,47.7567906887271, 18.7226,4,16.67948,4,12.97629,-0.405011,81.292496,0,5,1430,2147483647
47.6898548887111, 18.333,47.7730517894961, 14.6852,4,16.68011,4,12.50606,-0.469224,79.734096,0,5,1431,2147483647
47.7050804891624, 16.2266,47.7894115899689, 16.3937,4,16.67994,4,10.55753,0.160324,79.635104,0,5,1432,2147483647
47.7228663885035, 17.1359,47.8059777901508, 16.5743,4,16.68011,4,10.19101,-0.843128,80.030096,0,5,1433,2147483647
47.7396606882103, 17.1457,47.8213433898054, 17.1995,4,16.68029,4,12.25382,-0.51538,82.412704,0,5,1434,2147483647
47.7567906887271, 16.2563,47.8399329907261, 17.0638,4,16.68013,4,11.70808,-0.180446,79.1464,0,5,1435,2147483647
47.7730517894961, 16.3131,47.8550987909548, 14.7543,4,16.67999,4,9.760028,0.147408,81.007504,0,5,1436,2147483647
47.7894115899689, 17.5384,47.8726135916077, 17.4385,4,16.68032,4,12.75508,-0.729828,79.301904,0,5,1437,2147483647
47.8059777901508, 16.052,47.8888581912033, 16.4466,4,16.68008,4,11.21925,-0.113266,79.089504,0,5,1438,2147483647
47.8213433898054, 16.7443,47.9065517908894, 19.1269,4,16.6801,4,10.34889,0.339854,81.116096,0,5,1439,2147483647
47.8399329907261, 17.3719,47.9222835912369, 14.1053,4,16.68037,4,9.708828,0.230251,82.628304,0,5,1440,2147483647
47.8550987909548, 15.3565,47.9394899918698, 17.2172,4,16.67986,4,11.07607,-0.152478,80.8612,0,5,1441,2147483647
47.8726135916077, 17.3725,47.9551380923949, 15.667,4,16.68013,4,12.12395,-0.093792,80.387904,0,5,1442,2147483647
47.8888581912033, 16.6693,47.9716083924286, 16.4568,4,16.68012,4,11.67195,0.150348,80.682704,0,5,1443,2147483647
47.9065517908894, 18.2029,47.989754693117, 20.2287,4,16.6807,4,11.79688,-0.275657,79.7472,0,5,1444,2147483647
47.9222835912369, 14.9369,48.0061191930436, 16.4489,4,16.68004,4,10.33409,0.227373,83.2574,0,5,1445,2147483647
47.9394899918698, 16.847,48.0230663935654, 15.0797,4,16.6801,4,10.13915,-0.785971,81.217904,0,5,1446,2147483647
47.9551380923949, 17.203,48.0398543938063, 16.7296,4,16.6803,4,11.80586,-0.958216,80.224096,0,5,1447,2147483647
47.9716083924286, 16.0211,48.0562435942702, 16.3162,4,16.68005,4,12.10913,-0.635448,80.597504,0,5,1448,2147483647
47.989754693117, 16.9324,48.0722535937093, 15.9964,4,16.68015,4,11.51397,0.04076,80.024896,0,5,1449,2147483647
48.0061191930436, 16.0344,48.0900568938814, 19.5438,4,16.6799,4,9.912216,-0.706847,82.459,0,5,1450,2147483647
48.0230663935654, 17.4922,48.1054245936684, 15.453,4,16.68021,4,10.59335,-0.741557,81.587904,0,5,1451,2147483647
48.0398543938063, 15.9126,48.1221929932944, 14.9185,4,16.67992,4,10.46364,-0.585906,80.933,0,5,1452,2147483647
48.0562435942702, 17.1209,48.1397754936479, 17.5062,4,16.68008,4,11.88985,0.035187,80.096,0,5,1453,2147483647
48.0722535937093, 16.864,48.1558996937238, 16.2792,4,16.68015,4,10.61116,-0.034448,80.4034,0,5,1454,2147483647
48.0900568938814, 16.649,48.1734145930968, 19.0827,4,16.68014,4,10.75161,0.536299,82.8696,0,5,1455,2147483647
48.1054245936684, 16.7027,48.1891903928481, 15.8311,4,16.68015,4,10.26071,-0.281829,83.5714,0,5,1456,2147483647
48.1221929932944, 17.235,48.2056601936929, 16.5796,4,16.68036,4,11.74525,0.118591,82.089904,0,5,1457,2147483647
48.1397754936479, 15.5839,48.2223077933304, 14.7474,4,16.67995,4,12.031,-1.068026,81.1606,0,5,1458,2147483647
48.1558996937238, 17.2856,48.2398751932196, 17.5924,4,16.68018,4,9.589129,-0.210908,80.327696,0,5,1459,2147483647
48.1734145930968, 16.4842,48.2569033927284, 18.9495,4,16.6801,5,10.23271,-1.49541,82.450896,0,5,1460,2147483647
48.1891903928481, 15.7963,48.2734021930955, 16.4987,4,16.67977,4,9.708626,0.082776,81.7362,0,5,1461,2147483647
48.2056601936929, 18.1328,48.2897164928727, 16.6501,4,16.68032,4,12.80541,0.094212,78.79,0,5,1462,2147483647
48.2223077933304, 15.5236,48.3063036925159, 14.6023,4,16.67988,4,11.93731,0.363798,80.103104,0,5,1463,2147483647
48.2398751932196, 17.1201,48.3228287934326, 16.2791,4,16.68004,4,11.31842,0.214254,79.7652,0,5,1464,2147483647
48.2569033927284, 16.7468,48.3398567936383, 18.8785,4,16.68007,4,9.883388,-1.174178,83.017,0,5,1465,2147483647
48.2734021930955, 16.8495,48.3560409932397, 16.1264,4,16.68013,4,11.6132,0.025266,81.7378,0,5,1466,2147483647
48.2897164928727, 18.0052,48.3729343931191, 15.0583,4,16.68063,4,11.30185,0.003767,82.6258,0,5,1467,2147483647
48.3063036925159, 15.8457,48.3902216940187, 17.1586,4,16.68032,4,11.63858,-0.299581,80.889696,0,5,1468,2147483647
48.3228287934326, 15.7175,48.4054608936422, 15.3815,4,16.67996,4,12.90583,-0.133796,80.0668,0,5,1469,2147483647
48.3398567936383, 15.149,48.4222331936471, 18.408,4,16.67938,5,10.06333,-0.83572,83.4458,0,5,1470,2147483647
48.3560409932397, 19.3633,48.4399008932523, 18.0739,4,16.68039,4,11.76078,0.066525,83.245296,0,5,1471,2147483647
48.3729343931191, 15.4893,48.4565837937407, 16.377,4,16.67994,4,12.0988,-0.947884,79.3142,0,5,1472,2147483647
48.3902216940187, 16.8676,48.4734817943536, 15.1314,4,16.68001,4,11.98932,-0.666004,78.917,0,5,1473,2147483647
48.4054608936422, 17.5094,48.4901118944399, 16.6863,4,16.68032,4,10.53907,2.343118,80.748896,0,5,1474,2147483647
48.4222331936471, 14.6877,48.5063936947845, 18.066,4,16.67958,4,9.971684,0.239552,83.0334,0,5,1475,2147483647
48.4399008932523, 17.9629,48.5240367944352, 17.7624,4,16.68006,4,12.7882,-0.326032,77.780704,0,5,1476,2147483647
48.4565837937407, 17.9085,48.5399187947623, 13.9771,4,16.68052,4,12.41848,-0.334916,80.378096,0,5,1477,2147483647
48.4734817943536, 15.7141,48.5552053949796, 15.3185,4,16.68016,5,7.720248,-1.066851,83.520496,0,5,1478,2147483647
48.4901118944399, 16.535,48.5735521945171, 18.3646,4,16.6801,4,7.447532,-0.772163,78.7172,0,5,1479,2147483647
48.5063936947845, 15.2125,48.5896781939082, 17.4969,4,16.67955,4,12.12282,-0.731357,81.1148,0,5,1480,2147483647
48.5240367944352, 20.4507,48.6065447940491, 15.1975,4,16.68097,4,11.95435,-0.122969,80.0316,0,5,1481,2147483647
48.5399187947623, 14.5866,48.6234870939516, 17.1838,4,16.68018,4,12.90996,-0.353709,80.780304,0,5,1482,2147483647
48.5552053949796, 16.3328,48.6399863935076, 19.4746,4,16.68005,4,10.89346,-0.465701,81.171696,0,5,1483,2147483647
48.5735521945171, 17.0523,48.655273693148, 12.249,4,16.68019,4,10.53657,0.677804,80.451904,0,5,1484,2147483647
48.5896781939082, 17.1557,48.6731176939793, 19.5527,4,16.68037,4,9.766409,0.183811,82.7846,0,5,1485,2147483647
48.6065447940491, 15.619,48.689214494545, 14.5359,4,16.67997,4,12.2042,0.308411,80.5638,0,5,1486,2147483647
48.6234870939516, 16.9203,48.7069385950454, 17.6692,4,16.68006,4,12.1998,-0.517891,80.9266,0,5,1487,2147483647
48.6399863935076, 16.064,48.7233998947777, 16.4546,4,16.67983,4,9.308389,-0.242537,81.261504,0,5,1488,2147483647
48.655273693148, 17.1856,48.739921994973, 16.4658,4,16.68002,4,10.02389,0.037795,80.0698,0,5,1489,2147483647
48.6731176939793, 15.9762,48.7564144958742, 18.309,4,16.67976,4,11.52149,-0.419878,82.748704,0,5,1490,2147483647
48.689214494545, 17.6732,48.7736356952228, 15.4523,4,16.68013,4,12.35294,-0.879095,81.3402,0,5,1491,2147483647
48.7069385950454, 16.1395,48.7900806949474, 16.5023,4,16.67993,4,12.02761,-0.431327,79.7488,0,5,1492,2147483647
48.7233998947777, 16.6987,48.8070949953981, 17.0331,4,16.67993,4,11.56068,-0.547459,79.383104,0,5,1493,2147483647
48.739921994973, 17.45,48.8233965956606, 16.2583,4,16.68022,4,12.2281,-0.247034,80.4036,0,5,1494,2147483647
48.7564144958742, 15.4945,48.8399582956918, 18.173,4,16.67978,4,10.22823,-0.508583,81.2018,0,5,1495,2147483647
48.7736356952228, 17.563,48.8575788964517, 16.1536,4,16.68011,4,10.51966,-0.191453,81.5794,0,5,1496,2147483647
48.7900806949474, 16.3409,48.8727129963227, 14.7493,4,16.67998,4,12.38263,-1.100519,81.5344,0,5,1497,2147483647
48.8070949953981, 17.7606,48.8899739966728, 17.3941,4,16.68038,4,10.33268,-0.75422,79.272304,0,5,1498,2147483647
48.8233965956606, 16.148,48.907079896424, 17.1685,4,16.68019,4,10.58635,-0.602342,78.599104,0,5,1499,2147483647
48.8399582956918, 17.3502,48.9234340959229, 18.1478,4,16.68043,4,9.651519,-0.665126,81.790496,0,5,1500,2147483647
48.8575788964517, 16.5976,48.9405461964197, 16.9754,4,16.6804,4,11.28642,0.462062,81.063904,0,5,1501,2147483647
48.8727129963227, 16.1019,48.9561883960851, 16.0561,4,16.68019,4,12.73694,0.055928,81.4834,0,5,1502,2147483647
48.8899739966728, 17.7917,48.9737982959487, 15.5302,4,16.6806,4,10.57363,-0.546564,80.7118,0,5,1503,2147483647
48.907079896424, 16.5192,48.9898388967849, 15.8454,4,16.68054,4,10.69694,0.106425,80.4174,0,5,1504,2147483647
48.9234340959229, 14.9962,49.0060843960382, 18.1881,4,16.67992,4,11.24497,0.435924,81.830096,0,5,1505,2147483647
48.9405461964197, 16.9979,49.0225628954358, 16.2701,4,16.68003,4,11.89236,0.170426,82.265696,0,5,1506,2147483647
48.9561883960851, 17.562,49.0401060958393, 17.9815,4,16.68036,4,12.16228,-0.687098,81.872096,0,5,1507,2147483647
48.9737982959487, 16.0189,49.0571320955642, 15.2473,4,16.68012,4,10.08538,0.824524,81.825,0,5,1508,2147483647
48.9898388967849, 16.9559,49.0738935959525, 16.64,4,16.68022,4,9.316874,-0.563003,79.945296,0,5,1509,2147483647
49.0060843960382, 15.072,49.09029599512, 16.4841,4,16.67962,4,11.8633,0.748082,80.901904,0,5,1510,2147483647
49.0225628954358, 16.8941,49.1061220956035, 17.3297,4,16.6797,4,12.55018,1.211838,82.962,0,5,1511,2147483647
49.0401060958393, 18.8493,49.1240807962604, 18.4557,4,16.68051,5,10.766,-0.590703,82.3666,0,5,1512,2147483647
49.0571320955642, 15.592,49.1401769970544, 15.5515,4,16.6801,4,10.39532,-0.486289,80.661696,0,5,1513,2147483647
49.0738935959525, 16.7838,49.1568087977357, 14.8977,4,16.68014,4,9.243362,0.0207,79.520496,0,5,1514,2147483647
49.09029599512, 16.2598,49.1739178975113, 17.2154,4,16.67999,4,10.6033,-0.624997,80.6326,0,5,1515,2147483647
49.1061220956035, 15.6146,49.1898206979968, 17.6739,4,16.67959,4,12.44489,0.658908,85.277504,0,4,1516,2147483647
49.1240807962604, 18.4695,49.2072814987041, 17.8738,4,16.68025,3,12.449,-0.109659,83.7758,0,4,1517,2147483647
49.1401769970544, 16.9895,49.2230585985817, 15.2843,4,16.68037,2,9.941097,-0.674035,80.252,0,3,1518,2147483647
49.1568087977357, 15.7444,49.2393876989372, 14.6029,4,16.68002,5,10.60709,-0.285265,84.0844,0,3,1519,2147483647
49.1739178975113, 16.7487,49.2571851988323, 17.8606,4,16.68005,4,11.10746,0.376273,67.0089,0,5,1520,2147483647
49.1898206979968, 15.8832,49.2752068997361, 20.5281,4,16.67975,4,11.70403,0.596508,38.7489,0,5,1521,2147483647
49.2072814987041, 15.5929,49.2900950997137, 14.0909,4,16.67935,4,12.38116,0.569286,51.822,0,5,1522,2147483647
49.2230585985817, 19.0296,49.307269200217, 15.5056,4,16.68022,4,10.00683,0.528251,67.4876,0,5,1523,2147483647
49.2393876989372, 15.7109,49.3246137998067, 19.5496,4,16.67986,4,11.39409,-1.447928,84.2992,0,5,1524,2147483647
49.2752068997361, 31.2167,49.3392871995457, 14.1341,4,16.68522,4,11.17961,0.248693,83.9038,0,5,1525,2147483647
49.307269200217, 45.7871,49.3586126998998, 17.527,3,16.69594,4,9.694549,-0.344786,82.8938,0,5,1526,2147483647
49.3246137998067, 2.483,49.37437699968, 15.5715,2,16.69071,5,8.922828,0.543462,84.4786,0,5,1527,2147483647
49.3246137998067, 0.6506,49.3905058992095, 16.2996,2,16.6848,4,13.14921,-0.005756,80.814304,0,5,1528,2147483647
49.3246137998067, 1.7533,49.407237899024, 18.5638,3,16.6793,4,9.757486,1.210917,81.058496,0,5,1529,2147483647
49.3392871995457, 17.4282,49.4242340982892, 17.0338,4,16.67958,4,12.33224,-0.885908,80.017296,0,5,1530,2147483647
49.3586126998998, 17.5592,49.4405021988787, 16.549,4,16.6799,4,9.128056,-0.768676,80.889296,0,5,1531,2147483647
49.37437699968, 17.0298,49.4579950985499, 18.6138,4,16.68003,5,12.02218,0.272952,83.7156,0,5,1532,2147483647
49.3905058992095, 17.0731,49.4745990992524, 13.4089,4,16.68018,4,10.64821,-0.534078,79.0502,0,5,1533,2147483647
49.407237899024, 16.0262,49.4907028996386, 16.2704,4,16.67994,4,12.69008,-0.247308,80.510704,0,5,1534,2147483647
49.4242340982892, 17.0193,49.5068461005576, 15.978,4,16.68006,4,10.29735,-0.295012,80.905904,0,5,1535,2147483647
49.4405021988787, 16.5199,49.5235067014582, 17.3916,4,16.68,4,8.582578,-0.389075,79.809504,0,5,1536,2147483647
49.4579950985499, 16.7903,49.5408497010358, 19.6157,4,16.68004,4,12.33861,0.396651,81.8844,0,5,1537,2147483647
49.4745990992524, 17.2215,49.5564630008303, 12.558,4,16.68024,4,10.20231,-0.279986,79.761696,0,5,1538,2147483647
49.4907028996386, 16.2095,49.5740478015505, 17.668,4,16.68007,4,10.17198,-0.118663,81.2226,0,5,1539,2147483647
49.5068461005576, 16.3101,49.590712802019, 16.7053,4,16.67993,4,10.11045,-0.975667,80.6808,0,5,1540,2147483647
49.5235067014582, 17.0686,49.6066808025353, 15.9716,4,16.68008,4,10.76099,0.092374,80.395,0,5,1541,2147483647
49.5408497010358, 16.2046,49.623539803084, 18.2797,4,16.6799,4,11.99446,-0.26622,82.740896,0,5,1542,2147483647
49.5564630008303, 17.0007,49.6400821036659, 14.8777,4,16.68002,4,9.946967,-0.105814,80.4708,0,5,1543,2147483647
49.5740478015505, 16.868,49.6566569036804, 18.3282,4,16.68009,4,11.21613,0.498255,81.6692,0,5,1544,2147483647
49.590712802019, 16.7973,49.6745584043674, 16.2556,4,16.68013,4,8.77772,-0.296589,79.6972,0,5,1545,2147483647
49.6066808025353, 15.9837,49.6900706044398, 15.7137,4,16.67988,4,12.06661,-0.345433,82.6072,0,5,1546,2147483647
49.623539803084, 17.745,49.7084293044172, 20.074,4,16.68027,4,9.958945,-0.810623,80.287296,0,5,1547,2147483647
49.6400821036659, 16.0328,49.7240019044839, 13.7625,4,16.68003,5,9.268589,-0.200338,83.365904,0,5,1548,2147483647
49.6566569036804, 16.1796,49.7414714037441, 17.3782,4,16.67985,4,9.607333,0.034996,79.4584,0,5,1549,2147483647
49.6745584043674, 17.5743,49.7571120033972, 15.6017,4,16.68017,4,11.93952,-0.23435,80.5332,0,5,1550,2147483647
49.6900706044398, 16.6516,49.7745623025112, 19.561,4,16.68016,5,12.45024,-0.570853,82.334304,0,5,1551,2147483647
49.7084293044172, 18.9148,49.7908665030263, 16.5948,4,16.68098,4,10.0901,-0.477268,81.653104,0,5,1552,2147483647
49.7240019044839, 14.3976,49.8072494021617, 17.4756,4,16.68015,4,9.85125,0.142331,83.020096,0,5,1553,2147483647
49.7414714037441, 17.0984,49.8236930030398, 13.1917,4,16.6803,4,9.475253,0.336839,83.1082,0,5,1554,2147483647
49.7571120033972, 15.797,49.8405972025357, 16.8712,4,16.67998,4,12.24817,-1.489756,80.0276,0,5,1555,2147483647
49.7745623025112, 17.2952,49.857557402458, 19.0955,4,16.6802,4,12.34597,0.446678,81.4884,0,5,1556,2147483647
49.7908665030263, 16.5754,49.8740022028796, 15.8944,4,16.68016,4,9.866361,0.008592,83.101104,0,5,1557,2147483647
49.8072494021617, 16.0318,49.8910200032406, 17.3984,4,16.67993,4,9.640056,-0.652691,81.221904,0,5,1558,2147483647
49.8236930030398, 17.212,49.9104947033338, 17.3,4,16.68012,4,11.20632,-0.527074,77.746304,0,5,1559,2147483647
49.8405972025357, 17.3367,49.9245768035762, 14.2553,4,16.68036,4,11.30891,0.188726,80.610304,0,5,1560,2147483647
49.857557402458, 14.4208,49.940544303041, 15.8819,4,16.67954,4,11.65099,-0.459449,81.442096,0,5,1561,2147483647
49.8740022028796, 17.5594,49.9582975036465, 19.1719,4,16.67986,5,12.45677,-0.452761,83.9568,0,5,1562,2147483647
49.8910200032406, 17.4993,49.973760203924, 15.6198,4,16.68015,4,10.46767,0.007121,81.9694,0,5,1563,2147483647
49.9104947033338, 19.0191,49.9908781046979, 15.5428,4,16.681,4,11.50775,-0.567077,79.357104,0,5,1564,2147483647
49.9245768035762, 14.5993,50.0083599048667, 17.4627,4,16.68025,4,10.62476,-0.285406,80.2626,0,5,1565,2147483647
49.940544303041, 16.8975,50.0259902044199, 17.7291,4,16.68033,4,11.87958,-0.526387,79.2196,0,5,1566,2147483647
49.9582975036465, 15.9646,50.0424742042087, 18.4789,4,16.68007,4,11.64378,0.258071,84.531104,0,5,1567,2147483647
49.973760203924, 18.2423,50.0584627049975, 16.2552,4,16.68063,3,12.27681,-0.679308,77.793104,0,4,1568,2147483647
49.9908781046979, 16.204,50.0743903047405, 13.5909,4,16.68046,2,11.97729,-0.152954,79.2758,0,3,1569,2147483647
50.0083599048667, 16.3917,50.0917720044963, 17.2973,4,16.68036,5,10.47863,-0.206455,82.167,0,4,1570,2147483647
50.0259902044199, 17.659,50.1084783053957, 16.6158,4,16.68071,4,9.891308,0.189469,79.2376,0,5,1571,2147483647
50.0424742042087, 13.7985,50.1256982046179, 19.1098,4,16.67967,4,12.58295,-0.531673,41.2922,0,5,1572,2147483647
50.0584627049975, 20.9064,50.1417937050574, 14.1676,4,16.6812,4,12.11485,0.501985,56.6685,0,5,1573,2147483647
50.0743903047405, 13.9778,50.1570512051694, 15.46,4,16.68022,4,12.05063,0.183098,70.2704,0,5,1574,2147483647
50.0917720044963, 17.2571,50.1743924054317, 20.1481,4,16.68043,4,9.592973,-0.475221,81.065504,0,5,1575,2147483647
50.1084783053957, 16.6955,50.1909898049198, 13.7659,4,16.68043,4,10.44191,0.40371,79.3488,0,5,1576,2147483647
50.1570512051694, 55.8329,50.208730104845, 17.8884,4,16.69459,4,11.2789,-0.168678,78.618704,0,5,1577,2147483647
50.1570512051694, 1.9466,50.2245896044187, 17.3206,2,16.68926,4,9.606321,-0.600166,82.4508,0,5,1578,2147483647
50.1743924054317, 2.9891,50.2413331042044, 16.6082,3,16.68431,4,12.36349,0.398826,83.4862,0,5,1579,2147483647
50.1743924054317, 4.6169,50.2583307041787, 15.3954,3,16.67995,4,11.26228,-0.176961,80.5382,0,5,1580,2147483647
50.1909898049198, 17.524,50.2741601034068, 15.8076,4,16.68026,4,11.89757,-0.687993,80.419104,0,5,1581,2147483647
50.208730104845, 18.0822,50.2914236034267, 17.3514,4,16.68076,4,12.39197,-0.780919,79.0426,0,5,1582,2147483647
50.2245896044187, 14.2745,50.3077014028095, 18.1068,4,16.67989,4,9.304461,-0.226391,82.275296,0,5,1583,2147483647
50.2413331042044, 16.6581,50.3256478025578, 17.693,4,16.67989,4,11.84749,-0.258144,81.380496,0,5,1584,2147483647
50.2583307041787, 17.1317,50.3414486027323, 14.1831,4,16.68005,4,12.60362,-0.506638,82.372896,0,5,1585,2147483647
50.2741601034068, 16.8815,50.3581796023063, 16.7631,4,16.68012,4,12.57619,0.867668,82.1596,0,5,1586,2147483647
50.2914236034267, 17.2142,50.3740167017095, 15.8368,4,16.68031,4,9.831044,0.149206,79.597696,0,5,1587,2147483647
50.3077014028095, 15.3522,50.3907848014496, 18.5922,4,16.67983,4,9.670438,-0.536416,82.476896,0,5,1588,2147483647
50.3256478025578, 17.7384,50.4076399016194, 16.8357,4,16.68022,4,10.36783,-0.392142,81.2052,0,5,1589,2147483647
50.3414486027323, 16.2932,50.4247708017938, 17.2852,4,16.68008,4,9.060394,0.302843,82.808896,0,5,1590,2147483647
50.3581796023063, 16.6181,50.4414488016628, 16.4054,4,16.68005,4,11.66322,-0.753274,80.954896,0,5,1591,2147483647
50.3740167017095, 16.7056,50.4573858021758, 14.1437,4,16.68006,4,12.41624,-0.007076,81.0838,0,5,1592,2147483647
50.3907848014496, 15.6025,50.475902301725, 18.4809,4,16.67968,4,12.24536,-0.449615,80.8264,0,5,1593,2147483647
50.4076399016194, 16.9552,50.4914157013409, 15.6832,4,16.67978,4,9.599274,0.285481,80.803,0,5,1594,2147483647
50.4247708017938, 17.3124,50.5085844020359, 18.9156,4,16.68,4,10.31048,-0.198391,81.3658,0,5,1595,2147483647
50.4414488016628, 18.2267,50.5248007024638, 16.3725,4,16.68056,5,11.57121,0.240017,82.606304,0,5,1596,2147483647
50.4573858021758, 16.3076,50.5414377017878, 16.4362,4,16.68042,4,12.33372,0.27186,80.885696,0,5,1597,2147483647
50.475902301725, 15.8121,50.5586537024938, 15.5546,4,16.68011,4,11.51829,-0.539812,79.8482,0,5,1598,2147483647
50.4914157013409, 16.263,50.5748605015688, 16.2389,4,16.67996,4,10.08698,0.020584,81.1126,0,5,1599,2147483647
50.5085844020359, 16.9549,50.5908546014689, 17.5179,4,16.68006,4,9.41694,0.051967,84.588496,0,5,1600,2147483647
50.5248007024638, 16.566,50.6086537013762, 17.8212,4,16.68002,4,11.32681,-0.093435,83.135,0,5,1601,2147483647
50.5414377017878, 17.9411,50.6245980015956, 16.2052,4,16.68047,4,12.34152,-0.807161,81.953296,0,5,1602,2147483647
50.5586537024938, 15.9724,50.6415643016808, 14.9372,4,16.68022,4,11.48573,-0.957203,82.6484,0,5,1603,2147483647
50.5748605015688, 16.1382,50.6589081021957, 17.3995,4,16.68002,4,9.575035,-0.346367,80.4558,0,5,1604,2147483647
50.5908546014689, 15.531,50.6760284020565, 19.0071,4,16.67961,4,9.790661,0.131184,79.9136,0,5,1605,2147483647
50.6086537013762, 15.1858,50.6915551018901, 13.7323,4,16.67908,4,12.702,-0.930249,82.2018,0,5,1606,2147483647
50.6245980015956, 20.4813,50.7093600020744, 19.3051,4,16.68044,5,12.85677,-0.779519,81.4864,0,5,1607,2147483647
50.6415643016808, 15.3049,50.7248220019974, 15.9933,4,16.67995,4,12.23432,0.908458,81.212704,0,5,1608,2147483647
50.6589081021957, 17.3394,50.7421227027662, 15.1482,4,16.68018,4,9.985549,0.081064,80.229504,0,5,1609,2147483647
50.6760284020565, 16.9206,50.7584745031781, 16.3767,4,16.68027,4,12.75112,-0.485643,79.995296,0,5,1610,2147483647
50.6915551018901, 15.479,50.7743942034431, 17.7675,4,16.67984,4,12.59344,-1.28735,83.0002,0,5,1611,2147483647
50.7093600020744, 17.7143,50.7916115042754, 17.0065,4,16.68021,4,10.71724,0.053642,83.6714,0,5,1612,2147483647
50.7248220019974, 17.56,50.8083952036686, 17.2779,4,16.68052,4,9.567743,1.002219,80.3552,0,5,1613,2147483647
50.7421227027662, 15.3294,50.8247571033426, 14.3454,4,16.68004,5,9.84315,0.026095,83.000096,0,5,1614,2147483647
50.7584745031781, 16.9475,50.8415203024633, 16.7132,4,16.68014,4,11.21756,-0.065107,80.391696,0,5,1615,2147483647
50.7743942034431, 15.3754,50.8584397030063, 18.3798,4,16.67967,4,11.82668,0.418868,81.6248,0,5,1616,2147483647
50.7916115042754, 15.6734,50.8746561021544, 16.3445,4,16.67931,4,9.025905,-0.248975,81.6904,0,5,1617,2147483647
50.8083952036686, 20.2811,50.8911522016861, 16.9645,4,16.6806,4,10.12931,-0.097118,80.521104,0,5,1618,2147483647
50.8247571033426, 14.7143,50.9084746022709, 17.3589,4,16.6799,4,11.90013,0.904939,83.061296,0,5,1619,2147483647
50.8415203024633, 16.9303,50.9248493020423, 14.3232,4,16.67998,4,11.47007,0.159268,80.647104,0,5,1620,2147483647
50.8584397030063, 16.244,50.9419232015498, 17.4707,4,16.67983,4,9.735018,-1.524869,80.9488,0,5,1621,2147483647
50.8746561021544, 16.1895,50.9585023024119, 16.2551,4,16.67966,4,9.905261,-0.418205,80.7628,0,5,1622,2147483647
50.8911522016861, 17.1192,50.9744126019068, 15.9495,4,16.67981,4,9.231332,0.134759,80.710704,0,5,1623,2147483647
50.9084746022709, 16.0232,50.9913113010116, 18.5636,4,16.67958,4,11.84177,-0.221477,82.891504,0,5,1624,2147483647
50.9248493020423, 18.404,51.0073947017081, 16.0163,4,16.68019,4,11.752,0.851449,83.4832,0,5,1625,2147483647
50.9419232015498, 16.5506,51.0259008021094, 16.8243,4,16.68014,4,12.36254,-0.170617,79.9864,0,5,1626,2147483647
50.9585023024119, 16.3664,51.0420640022494, 16.1798,4,16.68003,4,11.74088,0.047109,80.056896,0,5,1627,2147483647
50.9744126019068, 16.8471,51.0587811027654, 16.7949,4,16.68009,4,9.153251,-0.73472,81.348896,0,5,1628,2147483647
50.9913113010116, 15.5725,51.0748945032246, 17.7531,4,16.6797,5,11.06312,-0.505626,82.783904,0,5,1629,2147483647
51.0073947017081, 16.3182,51.0916815032251, 16.9096,4,16.67957,5,10.37949,-0.187144,83.797,0,5,1630,2147483647
51.0259008021094, 18.4603,51.1085994024761, 14.9716,4,16.6802,4,11.72352,0.974233,80.0432,0,5,1631,2147483647
51.0420640022494, 16.5448,51.125128202606, 16.6065,4,16.68015,4,12.69963,-0.410067,79.912496,0,5,1632,2147483647
51.0587811027654, 17.4048,51.1439128019847, 18.6969,4,16.68041,4,12.32814,-0.355167,78.699,0,5,1633,2147483647
51.0748945032246, 15.6681,51.1589372023009, 17.1021,4,16.68005,4,10.31687,1.061714,83.6136,0,5,1634,2147483647
51.0916815032251, 16.218,51.1742323026992, 17.2311,4,16.67989,5,7.766267,-0.21203,84.8922,0,5,1635,2147483647
51.1085994024761, 17.6402,51.1920144022442, 13.8863,4,16.68023,4,12.38387,-0.186731,81.265,0,5,1636,2147483647
51.125128202606, 17.1688,51.2089451015927, 17.0378,4,16.6804,4,12.28359,-0.540624,80.598496,0,5,1637,2147483647
51.1439128019847, 17.7703,51.2257576012053, 16.5569,4,16.68079,4,8.71283,-0.497912,80.1972,0,5,1638,2147483647
51.1589372023009, 12.5579,51.2413785015233, 17.472,4,16.67933,4,10.32863,-0.000704,83.6028,0,5,1639,2147483647
51.1742323026992, 17.8185,51.2597374008037, 19.1102,4,16.67973,4,11.91822,0.1467,82.127696,0,5,1640,2147483647
51.1920144022442, 17.049,51.2755587999709, 13.4085,4,16.67986,4,12.49401,0.266414,80.686304,0,5,1641,2147483647
51.2089451015927, 17.0245,51.29187719943, 16.3581,4,16.67998,4,12.3858,-0.479274,80.366496,0,5,1642,2147483647
51.2257576012053, 17.5258,51.3088818998076, 17.1238,4,16.68028,4,10.066,0.202839,80.815296,0,5,1643,2147483647
51.2413785015233, 14.9472,51.3255594992079, 18.353,4,16.67967,4,9.959786,0.244603,81.079296,0,5,1644,2147483647
51.2597374008037, 18.0218,51.3422345989384, 16.5527,4,16.68015,4,11.61007,-0.305642,79.187696,0,5,1645,2147483647
51.2755587999709, 16.2997,51.3588146981783, 14.8513,4,16.68001,4,12.39036,-0.383667,80.698,0,5,1646,2147483647
51.29187719943, 16.8298,51.3752268985845, 16.5178,4,16.68006,4,11.5449,0.582723,79.953504,0,5,1647,2147483647
51.3088818998076, 17.5705,51.3934099976905, 18.011,4,16.68038,4,11.56054,-0.448087,79.678896,0,5,1648,2147483647
51.3255594992079, 15.6021,51.4091847972013, 15.8741,4,16.68,4,12.10187,0.864116,78.2884,0,5,1649,2147483647
51.3422345989384, 18.5189,51.4258429971524, 16.618,4,16.68064,4,10.22278,-0.048186,81.347696,0,5,1650,2147483647
51.3588146981783, 16.0337,51.4417203967459, 17.544,4,16.68042,4,9.247087,-0.180215,82.2048,0,5,1651,2147483647
51.3752268985845, 16.0953,51.4588481974788, 15.3504,4,16.68021,4,12.44988,0.196056,81.011696,0,5,1652,2147483647
51.3934099976905, 17.1596,51.4757127971388, 16.885,4,16.68038,4,11.06759,-0.41494,80.650496,0,5,1653,2147483647
51.4091847972013, 17.7291,51.4920101971366, 16.3391,4,16.68075,4,10.12912,-0.374866,81.5904,0,5,1654,2147483647
51.4258429971524, 16.0674,51.5096293971874, 19.1254,4,16.68053,5,10.33094,-0.63276,83.4722,0,5,1655,2147483647
51.4417203967459, 16.4989,51.5265662972815, 17.3561,4,16.68047,4,9.83874,-1.220125,81.749104,0,5,1656,2147483647
51.4588481974788, 16.5477,51.5421259975992, 15.356,4,16.68042,4,12.32137,-0.872173,80.734896,0,5,1657,2147483647
51.4757127971388, 15.3265,51.558761197608, 14.9636,4,16.67995,4,12.19916,0.863789,80.336704,0,5,1658,2147483647
51.4920101971366, 16.4223,51.5758253983222, 17.3622,4,16.67986,4,10.58403,-0.078768,81.220896,0,5,1659,2147483647
51.5096293971874, 17.3202,51.5936679984443, 19.2008,4,16.68008,5,12.98047,0.450572,84.826,0,5,1660,2147483647
51.5265662972815, 17.4246,51.6091141984798, 15.7017,4,16.68034,5,12.42841,0.821912,83.425904,0,5,1661,2147483647
51.5421259975992, 16.8999,51.6256097988226, 15.8852,4,16.68042,4,8.876968,-1.158459,80.147104,0,5,1662,2147483647
51.558761197608, 15.5849,51.6421508979984, 15.1864,4,16.68004,4,8.078628,0.641601,81.0234,0,5,1663,2147483647
51.5758253983222, 16.3829,51.6592231974937, 17.267,4,16.67993,4,11.23749,-0.771881,80.0174,0,5,1664,2147483647
51.5936679984443, 14.6336,51.6757812970318, 18.2386,4,16.67921,4,10.88796,0.300205,85.075504,0,5,1665,2147483647
51.6091141984798, 19.021,51.6924359970726, 17.62,4,16.68003,4,11.0718,0.407765,85.1544,0,5,1666,2147483647
51.6256097988226, 17.6915,51.7097477973439, 14.4122,4,16.68039,4,9.450981,0.908951,80.658096,0,5,1667,2147483647
51.6421508979984, 15.0558,51.7255953964777, 15.9326,4,16.67982,4,12.53459,0.423559,81.5412,0,5,1668,2147483647
51.6592231974937, 17.6319,51.7422269959934, 16.6249,4,16.68015,4,11.38074,0.077629,80.034896,0,5,1669,2147483647
51.6757812970318, 13.7473,51.7592994966544, 18.8057,4,16.67913,4,11.33255,-0.023961,82.1198,0,5,1670,2147483647
51.6924359970726, 16.733,51.7762888972647, 16.8118,4,16.67915,4,9.296341,-1.342578,82.4676,0,5,1671,2147483647
51.7097477973439, 19.2021,51.7926515978761, 14.7056,4,16.68003,5,11.28717,0.559944,83.712896,0,5,1672,2147483647
51.7255953964777, 16.2124,51.8097207979299, 17.095,4,16.67986,4,11.57536,-0.927659,79.922704,0,5,1673,2147483647
51.7422269959934, 17.4754,51.8256038972177, 15.9687,4,16.68014,4,11.68298,-0.255825,81.004304,0,5,1674,2147483647
51.7592994966544, 16.1721,51.8421564963646, 18.2568,4,16.67996,4,11.16216,-0.526487,81.2604,0,5,1675,2147483647
51.7762888972647, 16.8594,51.8591222972609, 17.2068,4,16.68003,4,10.77636,0.514487,82.891296,0,5,1676,2147483647
51.7926515978761, 16.8668,51.8778817974962, 18.1112,4,16.68009,4,12.70753,-0.463235,83.147504,0,5,1677,2147483647
51.8097207979299, 16.8554,51.8922584974207, 13.0654,4,16.68015,4,11.95199,0.010665,81.616,0,5,1678,2147483647
51.8256038972177, 16.2621,51.9095872980542, 17.3438,4,16.68001,4,12.19101,-1.047773,81.186496,0,5,1679,2147483647
51.8421564963646, 16.1217,51.9261270989664, 16.3768,4,16.67981,4,9.750135,-1.216674,79.737504,0,5,1680,2147483647
51.8591222972609, 16.7324,51.9426317983307, 18.3628,4,16.67983,4,12.32174,0.243426,81.5034,0,5,1681,2147483647
51.8778817974962, 16.8625,51.9597752974369, 17.126,4,16.6799,4,11.80867,-0.091624,80.594,0,5,1682,2147483647
51.8922584974207, 17.7354,51.9756028973497, 16.1962,4,16.68026,4,12.82167,0.198031,80.551,0,5,1683,2147483647
51.9095872980542, 16.9079,51.9922455982305, 16.4782,4,16.68034,4,13.04617,0.26663,81.217104,0,5,1684,2147483647
51.9261270989664, 16.4361,52.0091757983901, 14.9871,4,16.68026,4,9.493324,0.025022,80.6954,0,5,1685,2147483647
51.9426317983307, 15.7538,52.0268356991, 17.5196,4,16.67994,4,9.732469,-0.644496,81.4184,0,5,1686,2147483647
51.9597752974369, 17.0926,52.0428543989547, 16.1827,4,16.68008,4,11.33257,0.437719,83.0128,0,5,1687,2147483647
51.9756028973497, 16.1364,52.0588220995851, 16.0936,4,16.67989,4,11.28678,-0.854135,81.0454,0,5,1688,2147483647
51.9922455982305, 18.2345,52.0761011992581, 18.8997,4,16.68043,4,11.6494,-0.758077,81.365504,0,5,1689,2147483647
52.0091757983901, 17.4538,52.0929615986533, 16.9323,4,16.6807,4,12.33248,0.135672,82.164896,0,5,1690,2147483647
52.0268356991, 16.0071,52.1098477994092, 16.7298,4,16.68047,5,9.473135,-0.422989,83.554896,0,5,1691,2147483647
52.0428543989547, 15.488,52.1285477993079, 17.0818,4,16.68005,4,10.70148,0.346865,79.225,0,5,1692,2147483647
52.0588220995851, 16.5472,52.1429466991685, 14.5886,4,16.68,4,12.46403,-0.50181,79.6308,0,5,1693,2147483647
52.0761011992581, 16.3789,52.1597982994281, 16.6905,4,16.6799,4,11.63809,-0.694611,80.1258,0,5,1694,2147483647
52.0929615986533, 17.0616,52.1760559990071, 17.8606,4,16.68003,4,12.03963,-0.727178,81.4704,0,5,1695,2147483647
52.1098477994092, 16.7772,52.1929147983901, 18.1662,4,16.68007,4,9.63871,0.159906,84.257104,0,5,1696,2147483647
52.1285477993079, 18.219,52.2100476990454, 13.8888,4,16.6806,4,10.48921,0.468927,82.563296,0,5,1697,2147483647
52.1429466991685, 15.6818,52.2258950988762, 16.0882,4,16.68025,4,10.59048,0.314982,81.552096,0,5,1698,2147483647
52.1597982994281, 16.5956,52.2430649991147, 17.0901,4,16.68022,4,12.52439,-0.081089,79.685,0,5,1699,2147483647
52.1760559990071, 15.6578,52.2582474988885, 17.002,4,16.67987,4,11.61477,-0.173423,81.6438,0,5,1700,2147483647
52.1929147983901, 14.9267,52.2759007983841, 17.7133,4,16.67926,4,9.345518,-0.311457,80.725904,0,5,1701,2147483647
52.2100476990454, 19.4451,52.2932221987285, 17.7506,4,16.68022,4,9.525389,0.034424,80.0936,0,5,1702,2147483647
52.2258950988762, 17.2351,52.3099875994958, 16.2237,4,16.68041,4,9.560023,-0.470957,82.321,0,5,1703,2147483647
52.2430649991147, 16.5192,52.3264744994231, 14.6589,4,16.68036,4,11.63636,-0.345538,79.893504,0,5,1704,2147483647
52.2582474988885, 15.071,52.3433288992383, 17.0319,4,16.6798,4,12.03888,0.383072,78.9918,0,5,1705,2147483647
52.2759007983841, 17.3298,52.3598635983653, 16.403,4,16.68003,4,9.843157,-1.07957,80.523104,0,5,1706,2147483647
52.2932221987285, 17.1663,52.3764288988896, 16.533,4,16.68019,4,10.39644,-0.981183,79.658,0,5,1707,2147483647
52.3099875994958, 16.304,52.3930986993946, 18.5319,4,16.68006,4,12.01643,-0.025607,82.8366,0,5,1708,2147483647
52.3264744994231, 17.4216,52.4099055998959, 14.993,4,16.68032,4,11.54787,-0.020983,81.212304,0,5,1709,2147483647
52.3433288992383, 16.6555,52.4254435994662, 15.7535,4,16.68031,4,12.84238,0.183359,79.6632,0,5,1710,2147483647
52.3598635983653, 16.1739,52.443379000295, 17.705,4,16.68014,4,11.11621,0.13724,79.215,0,5,1711,2147483647
52.3764288988896, 17.363,52.4599114009179, 16.4974,4,16.68037,4,9.716883,-0.260216,79.3638,0,5,1712,2147483647
52.3930986993946, 15.5073,52.4766102009453, 18.6856,4,16.67997,4,10.02554,0.699932,83.282496,0,5,1713,2147483647
52.4099055998959, 18.1512,52.4949757014401, 16.5267,4,16.68047,4,11.57616,-0.07512,80.538,0,5,1714,2147483647
52.4254435994662, 16.5731,52.5100739016198, 15.0242,4,16.68044,4,11.57312,-1.450185,79.5558,0,5,1715,2147483647
52.443379000295, 16.6194,52.52601680113, 16.171,4,16.68042,4,10.18677,0.171635,81.233904,0,5,1716,2147483647
52.4599114009179, 16.7073,52.5430487017147, 16.8554,4,16.68043,4,9.10542,-0.320215,79.6828,0,5,1717,2147483647
52.4766102009453, 15.183,52.5600949018262, 19.1012,4,16.67991,4,11.80888,-0.179405,82.567696,0,5,1718,2147483647
52.4949757014401, 18.8493,52.5762895024382, 16.1051,4,16.68066,4,13.17146,0.067227,83.2546,0,5,1719,2147483647
52.5100739016198, 15.8491,52.5931111029349, 14.8669,4,16.68037,4,11.48582,-0.088944,80.5064,0,5,1720,2147483647
52.52601680113, 16.9642,52.6118533029221, 18.6416,4,16.68047,4,10.6701,-1.448574,79.4964,0,5,1721,2147483647
52.5430487017147, 16.1169,52.6264234031551, 14.5656,4,16.68027,4,12.16037,-0.341604,79.245904,0,5,1722,2147483647
52.5600949018262, 16.0393,52.6433984036557, 18.9243,4,16.68005,5,11.65114,-0.886223,82.402496,0,5,1723,2147483647
52.5762895024382, 15.9125,52.6601887042634, 16.5983,4,16.67979,5,8.858974,0.189521,82.075696,0,5,1724,2147483647
52.5931111029349, 18.02,52.6772436047904, 15.2718,4,16.68025,4,13.2861,-0.079606,80.046896,0,5,1725,2147483647
52.6118533029221, 17.6792,52.6932931053452, 16.6692,4,16.68059,4,10.41872,-0.218132,81.481696,0,5,1726,2147483647
52.6264234031551, 16.2302,52.7098360056989, 15.9792,4,16.68044,4,12.56228,-0.413365,79.129696,0,5,1727,2147483647
52.6433984036557, 15.5281,52.726558805909, 18.6845,4,16.68004,5,11.57491,0.142915,86.947504,0,5,1728,2147483647
52.6601887042634, 18.397,52.7433877061121, 18.0698,4,16.68063,4,11.79853,-0.160563,82.9966,0,5,1729,2147483647
52.6772436047904, 15.1948,52.7596788066439, 13.166,4,16.68012,4,12.01717,0.17873,81.0574,0,5,1730,2147483647
52.6932931053452, 15.7421,52.7767344075255, 17.1768,4,16.6798,4,10.38879,-0.24035,81.249904,0,5,1731,2147483647
52.7098360056989, 17.9192,52.7923504072241, 15.5669,4,16.68023,4,11.61466,-0.322833,81.396896,0,5,1732,2147483647
52.726558805909, 13.2092,52.8114787074737, 21.0266,4,16.67904,4,11.79717,0.613582,83.039,0,5,1733,2147483647
52.7433877061121, 19.2129,52.8269039071165, 15.2625,4,16.6799,4,11.44405,-0.849852,80.2372,0,5,1734,2147483647
52.7596788066439, 16.7057,52.8434843062423, 14.7663,4,16.67991,4,11.86603,-0.373255,80.392496,0,5,1735,2147483647
52.7767344075255, 16.9274,52.860669806134, 17.1197,4,16.68,4,10.37622,0.018257,80.287696,0,5,1736,2147483647
52.7923504072241, 16.3075,52.8769834055565, 16.4686,4,16.67987,4,10.90285,-0.250044,79.695696,0,5,1737,2147483647
52.8114787074737, 15.2529,52.8930594059639, 16.8893,4,16.67938,4,12.83766,0.218215,83.861,0,5,1738,2147483647
52.8269039071165, 20.3888,52.9097581054084, 17.5794,4,16.68065,4,12.12504,-0.844001,81.512704,0,5,1739,2147483647
52.8434843062423, 14.7076,52.9263857058249, 14.8611,4,16.67998,4,11.63614,0.077665,80.511696,0,5,1740,2147483647
52.860669806134, 16.7614,52.9431492066942, 16.6562,4,16.68,4,10.16988,-0.498196,80.147904,0,5,1741,2147483647
52.8769834055565, 17.4691,52.9599412060343, 16.8766,4,16.68027,4,9.879401,-0.989912,80.556896,0,5,1742,2147483647
52.8930594059639, 14.6568,52.9769687051885, 18.8307,4,16.67958,4,10.50124,-1.18123,82.4518,0,5,1743,2147483647
52.9097581054084, 19.155,52.9936661045067, 16.7975,4,16.68043,4,11.6514,-0.350752,80.5044,0,5,1744,2147483647
52.9263857058249, 15.2341,53.0099738049321, 14.2329,4,16.67994,4,12.49111,0.050247,82.639504,0,5,1745,2147483647
52.9431492066942, 17.317,53.0266811042093, 16.9528,4,16.68015,4,10.98043,0.065242,80.046304,0,5,1746,2147483647
52.9599412060343, 16.8468,53.043373004999, 17.2718,4,16.68021,4,11.39195,-0.18956,80.5218,0,5,1747,2147483647
52.9769687051885, 16.3392,53.0605599055998, 18.2177,4,16.68009,4,10.09095,-1.0456,82.501904,0,5,1748,2147483647
52.9936661045067, 18.8677,53.0773094049655, 16.92,4,16.68084,4,11.39246,0.139515,82.930704,0,5,1749,2147483647
53.0099738049321, 14.5398,53.0958107053302, 16.675,4,16.68011,4,11.54526,-0.357476,78.4148,0,5,1750,2147483647
53.0266811042093, 16.3707,53.1095549049787, 13.7851,4,16.68,4,11.7417,-0.343928,80.464304,0,5,1751,2147483647
53.043373004999, 17.6295,53.1277219052427, 18.1126,4,16.68033,4,11.09258,-0.001695,78.4886,0,5,1752,2147483647
53.0605599055998, 15.8948,53.1439424059354, 17.8596,4,16.68006,4,9.320376,-0.766316,82.097696,0,5,1753,2147483647
53.0773094049655, 17.039,53.1615387066267, 17.467,4,16.68018,4,10.45553,-0.012462,81.974096,0,5,1754,2147483647
53.0958107053302, 18.3165,53.1767430067994, 13.8043,4,16.68074,4,12.22939,-0.864013,80.315296,0,5,1755,2147483647
53.1095549049787, 14.9285,53.1934789069928, 16.9738,4,16.68014,4,11.69802,-1.198464,82.4632,0,5,1756,2147483647
53.1277219052427, 17.7156,53.2096127071418, 15.7391,4,16.68049,4,10.70586,-0.124282,81.440496,0,5,1757,2147483647
53.1439424059354, 15.5063,53.2267451067455, 19.1236,4,16.6801,4,9.513113,-0.400443,82.7004,0,5,1758,2147483647
53.1615387066267, 17.3835,53.2439938061871, 17.2516,4,16.68033,4,10.90126,-0.546662,83.9256,0,5,1759,2147483647
53.1767430067994, 15.7998,53.2599096060731, 14.1397,4,16.68003,4,12.98588,-0.101781,81.9472,0,5,1760,2147483647
53.1934789069928, 16.7858,53.2785809063353, 18.9414,4,16.68007,4,11.80664,0.6234,79.7942,0,5,1761,2147483647
53.2096127071418, 16.3854,53.294395305682, 15.3551,4,16.67997,4,7.969562,-1.467705,81.295104,0,5,1762,2147483647
53.2267451067455, 16.7174,53.3106073052622, 17.9765,4,16.67998,4,10.55968,-0.86791,80.5834,0,5,1763,2147483647
53.2439938061871, 16.7722,53.3285570056178, 17.9972,4,16.68002,4,11.7346,0.284809,77.057696,0,5,1764,2147483647
53.2599096060731, 16.511,53.3447711062618, 14.5324,4,16.67996,4,8.873305,-0.267895,81.130096,0,5,1765,2147483647
53.2785809063353, 17.5439,53.3603533064015, 15.3903,4,16.68025,4,11.41751,-0.234428,82.730704,0,5,1766,2147483647
53.294395305682, 16.8625,53.3786184065975, 18.3718,4,16.68031,4,10.57689,0.087095,80.8374,0,5,1767,2147483647
53.3106073052622, 15.8405,53.3937131068669, 15.1201,4,16.68003,4,11.68149,-0.310442,81.088704,0,5,1768,2147483647
53.3285570056178, 20.0107,53.4103725063615, 16.4846,4,16.68115,4,12.06173,0.495496,79.8434,0,5,1769,2147483647
53.3447711062618, 14.5873,53.4272724068724, 18.6601,4,16.68045,4,10.1792,0.413152,81.469504,0,5,1770,2147483647
53.3603533064015, 15.3088,53.4436929072253, 16.9088,4,16.67998,4,9.826642,-0.101892,81.834896,0,5,1771,2147483647
53.3786184065975, 18.3895,53.46048900811, 16.4959,4,16.68056,4,9.958404,-0.638834,79.9698,0,5,1772,2147483647
53.3937131068669, 14.8195,53.4776414087974, 15.0703,4,16.67993,4,8.027548,-0.690604,82.908304,0,5,1773,2147483647
53.4103725063615, 17.6851,53.4936636085622, 16.4401,4,16.68027,4,11.29979,-0.011438,82.886,0,5,1774,2147483647
53.4272724068724, 15.8989,53.5113580091856, 17.5247,4,16.68001,4,11.71173,-1.06274,78.919,0,5,1775,2147483647
53.4436929072253, 16.9034,53.528459708672, 17.2685,4,16.68008,4,12.4137,-0.171642,80.0882,0,5,1776,2147483647
53.46048900811, 18.2286,53.543110308703, 16.3632,4,16.6806,4,11.68604,-0.254862,83.1584,0,5,1777,2147483647
53.4776414087974, 15.934,53.5618995088153, 18.8723,4,16.68035,4,8.76664,-0.89735,80.9564,0,5,1778,2147483647
53.4936636085622, 15.8466,53.5774052091874, 15.824,4,16.68007,4,12.89004,-0.704281,80.387504,0,5,1779,2147483647
53.5113580091856, 17.4204,53.5931808096357, 13.4537,4,16.68032,4,11.90266,-0.902658,82.0488,0,5,1780,2147483647
53.528459708672, 17.3428,53.6118571092375, 18.5117,4,16.68055,4,11.87885,-0.984924,78.3284,0,5,1781,2147483647
53.543110308703, 14.4595,53.6275728088804, 17.5294,4,16.6798,4,12.58258,0.142947,80.471104,0,5,1782,2147483647
53.5618995088153, 18.8018,53.6442961082794, 16.6203,4,16.68051,4,10.98436,-0.9071,80.568896,0,5,1783,2147483647
53.5774052091874, 17.4355,53.660633307416, 16.8455,4,16.68077,4,12.79202,0.701027,81.3934,0,5,1784,2147483647
53.5931808096357, 14.2967,53.6787613076158, 15.9578,4,16.67996,4,11.14055,-0.293436,81.8036,0,5,1785,2147483647
53.6118571092375, 18.0267,53.6930274073966, 14.3077,4,16.68042,3,11.5636,0.438486,81.551,0,4,1786,2147483647
53.6275728088804, 15.4482,53.7107227076776, 17.5891,4,16.68,2,12.51497,-0.583459,82.7544,0,3,1787,2147483647
53.6442961082794, 16.569,53.727132408414, 16.6664,4,16.67996,4,9.144136,0.153643,81.0454,0,5,1788,2147483647
53.660633307416, 18.6659,53.7450240091421, 19.4902,4,16.68063,5,12.06161,-0.260333,81.963104,0,5,1789,2147483647
53.6787613076158, 15.7642,53.7606597100385, 16.1739,4,16.68032,4,11.36326,-0.526633,45.5367,0,5,1790,2147483647
53.6930274073966, 15.887,53.7785476096906, 15.6346,4,16.68006,4,12.44396,-0.726559,59.6548,0,5,1791,2147483647
53.7107227076776, 16.3619,53.7944076103158, 17.5642,4,16.67995,4,9.560233,-0.504285,72.5666,0,5,1792,2147483647
53.727132408414, 17.0583,53.8113988102414, 15.3491,4,16.68008,4,9.645133,-0.242704,79.798704,0,5,1793,2147483647
53.7450240091421, 17.0193,53.8275690102018, 17.9362,4,16.68019,4,8.849759,-0.48594,83.258704,0,5,1794,2147483647
53.7944076103158, 53.4923,53.8447912097909, 17.0674,4,16.69253,4,12.33988,-0.154776,81.657104,0,5,1795,2147483647
53.7944076103158, 2.1423,53.860645710025, 16.2584,2,16.68766,4,12.1437,0.794568,80.023904,0,5,1796,2147483647
53.7944076103158, 1.7659,53.8775380109437, 14.6767,3,16.68266,4,9.73264,0.038714,82.802304,0,5,1797,2147483647
53.8113988102414, 9.6465,53.8942066100426, 16.8803,4,16.6803,4,10.51828,-0.64489,82.019904,0,5,1798,2147483647
53.8275690102018, 14.1146,53.9119144105352, 17.5738,4,16.67944,4,9.800332,0.433462,81.198704,0,5,1799,2147483647
53.8447912097909, 18.7065,53.927433910314, 17.1049,4,16.68012,4,9.185486,-0.797965,81.391,0,5,1800,2147483647
53.860645710025, 17.919,53.9435080108233, 16.2854,4,16.68053,4,11.60469,-0.353432,83.9478,0,5,1801,2147483647
53.8775380109437, 15.4972,53.9615860101767, 18.2752,4,16.68014,4,12.40814,0.430934,81.37,0,5,1802,2147483647
53.8942066100426, 16.5241,53.9774538096972, 15.7411,4,16.68009,5,9.916165,1.322873,83.0538,0,5,1803,2147483647
53.9119144105352, 17.2099,53.99573661061, 16.3887,4,16.68026,4,10.97603,1.201717,80.007,0,5,1804,2147483647
53.927433910314, 15.3262,54.0112711102702, 15.5187,4,16.67981,4,12.11697,0.45305,80.81,0,5,1805,2147483647
53.9435080108233, 16.3085,54.0283459094353, 18.865,4,16.67969,4,11.29923,-0.238017,79.912096,0,5,1806,2147483647
53.9615860101767, 18.2579,54.0437159095891, 15.6799,4,16.68021,4,10.28278,0.406385,81.135104,0,5,1807,2147483647
53.9774538096972, 16.5379,54.0606406093575, 18.221,4,16.68017,4,8.48455,0.494466,82.171504,0,5,1808,2147483647
53.99573661061, 17.7,54.0784486089833, 14.6535,4,16.68051,4,8.909217,1.011138,81.150096,0,5,1809,2147483647
54.0112711102702, 15.4217,54.0948899094947, 16.2241,4,16.68009,4,12.00191,0.396505,83.9436,0,5,1810,2147483647
54.0283459094353, 16.8589,54.1108410102315, 15.9614,4,16.68015,4,11.38843,-0.995428,79.9736,0,5,1811,2147483647
54.0437159095891, 15.5843,54.1275319107808, 16.8177,4,16.67978,4,11.45286,-0.427861,80.881,0,5,1812,2147483647
54.0606406093575, 17.2564,54.1441775099374, 18.2817,4,16.67997,4,9.022395,-0.422911,83.4746,0,5,1813,2147483647
54.0784486089833, 17.3384,54.1605460108258, 16.3162,4,16.68019,4,11.53803,0.632139,84.152896,0,5,1814,2147483647
54.0948899094947, 16.5079,54.1795039107092, 19.3015,4,16.68014,4,12.75646,-0.180316,80.117296,0,5,1815,2147483647
54.1108410102315, 16.6362,54.1942248106934, 12.6658,4,16.68012,4,9.286911,-0.109777,81.059104,0,5,1816,2147483647
54.1275319107808, 17.5042,54.2126726103015, 18.4115,4,16.6804,4,12.20486,0.21783,79.384496,0,5,1817,2147483647
54.1441775099374, 15.0423,54.2283987109549, 17.6358,4,16.67985,4,10.98162,-0.636255,79.986704,0,5,1818,2147483647
54.1605460108258, 16.3045,54.245605011005, 16.983,4,16.67973,5,10.35438,-0.071603,82.2866,0,5,1819,2147483647
54.1795039107092, 20.9682,54.2619716101326, 16.9319,4,16.68115,4,10.42307,-0.496824,80.5664,0,5,1820,2147483647
54.1942248106934, 13.2439,54.2782922093756, 14.1851,4,16.68001,4,11.71515,0.807963,81.403696,0,5,1821,2147483647
54.2126726103015, 18.2193,54.2947195102461, 16.5469,4,16.68052,4,12.5877,-0.077372,80.4158,0,5,1822,2147483647
54.2283987109549, 15.5185,54.3108771094121, 16.1181,4,16.68014,4,11.91232,-0.039588,80.1812,0,5,1823,2147483647
54.245605011005, 17.0132,54.3284184099175, 19.3125,4,16.68024,5,10.48744,-0.865264,84.2092,0,5,1824,2147483647
54.2619716101326, 18.1482,54.3445481103845, 16.4284,4,16.68073,4,9.476372,-0.758718,82.1614,0,5,1825,2147483647
54.2782922093756, 15.6719,54.3615125105716, 16.5091,4,16.6804,4,11.97619,-0.608081,79.3352,0,5,1826,2147483647
54.2947195102461, 16.1387,54.3782989108004, 15.1504,4,16.68022,4,11.88756,-0.167057,79.123904,0,5,1827,2147483647
54.3108771094121, 16.7303,54.3947377116419, 16.5138,4,16.68023,4,12.73862,-0.186032,80.943104,0,5,1828,2147483647
54.3284184099175, 14.8221,54.4114557118155, 18.8315,4,16.67962,4,10.82198,-0.896434,85.933296,0,5,1829,2147483647
54.3445481103845, 18.0677,54.4278722112067, 16.0198,4,16.68008,4,10.66626,0.916508,82.663904,0,5,1830,2147483647
54.3615125105716, 18.0706,54.4450666108169, 15.244,4,16.68054,4,10.06193,-0.234416,81.931296,0,5,1831,2147483647
54.3782989108004, 16.4642,54.4611626104452, 16.2547,4,16.68047,4,10.33953,0.227772,79.924,0,5,1832,2147483647
54.3947377116419, 15.1906,54.4781793099828, 17.0081,4,16.67997,4,12.87679,-0.274691,79.378,0,5,1833,2147483647
54.4114557118155, 15.6552,54.4967518099584, 20.6445,4,16.67963,5,11.08082,-0.255652,81.115904,0,5,1834,2147483647
54.4278722112067, 17.6304,54.5114600094967, 14.3698,4,16.67995,5,12.07493,0.231028,80.733904,0,5,1835,2147483647
54.4450666108169, 17.2628,54.5296759097837, 16.5208,4,16.68014,5,9.839091,-0.236444,82.3298,0,5,1836,2147483647
54.4611626104452, 16.7752,54.5445596096106, 14.768,4,16.68017,4,10.14425,-0.877063,81.345296,0,5,1837,2147483647
54.4781793099828, 17.5752,54.5613902104087, 17.0285,4,16.68047,4,10.39037,0.189013,80.650896,0,5,1838,2147483647
54.4967518099584, 17.1449,54.5783647098579, 18.8832,4,16.68062,4,11.51734,-0.531865,83.858,0,5,1839,2147483647
54.5114600094967, 16.7358,54.594932210166, 16.3527,4,16.68064,4,11.95896,-0.230743,85.1158,0,5,1840,2147483647
54.5296759097837, 16.5056,54.6115069095977, 18.1013,4,16.68058,4,11.11919,0.450718,84.024304,0,5,1841,2147483647
54.5445596096106, 14.7013,54.6285681095906, 13.7169,4,16.67993,4,9.978965,0.781571,80.3476,0,5,1842,2147483647
54.5613902104087, 17.2012,54.6450104103424, 16.5069,4,16.6801,4,10.45354,-0.271112,80.692704,0,5,1843,2147483647
54.5783647098579, 14.5598,54.6610939097591, 17.7665,4,16.6794,4,12.19948,0.871919,83.7288,0,5,1844,2147483647
54.594932210166, 16.1378,54.678323910106, 17.3952,4,16.67922,5,11.48023,-0.38402,82.357904,0,5,1845,2147483647
54.6115069095977, 18.5128,54.6978472103365, 17.4377,4,16.67983,4,9.150112,0.240471,81.077104,0,5,1846,2147483647
54.6285681095906, 17.7896,54.7117450102232, 14.0955,4,16.68019,4,12.10008,-0.123152,81.0002,0,5,1847,2147483647
54.6450104103424, 16.2259,54.7284003100358, 16.5709,4,16.68004,4,9.47592,-0.839393,81.1404,0,5,1848,2147483647
54.6610939097591, 15.9648,54.7457065093331, 19.0007,4,16.67981,5,10.16233,-0.291929,82.362,0,5,1849,2147483647
54.678323910106, 17.4783,54.7612656089477, 16.1072,4,16.68007,4,11.69945,-0.216941,84.926,0,5,1850,2147483647
54.6978472103365, 19.1241,54.7813446088694, 17.8428,4,16.68088,4,11.99599,-0.514953,79.621504,0,5,1851,2147483647
54.7117450102232, 14.0511,54.7954322085716, 13.9738,4,16.68001,4,10.91153,-0.430849,80.8422,0,5,1852,2147483647
54.7284003100358, 16.1543,54.8114248090424, 16.2947,4,16.67984,4,10.58554,-0.291944,81.0076,0,5,1853,2147483647
54.7457065093331, 17.6713,54.8284839098342, 18.892,4,16.68016,4,9.988053,-0.655728,81.6514,0,5,1854,2147483647
54.7612656089477, 14.4696,54.8459261101671, 17.041,4,16.67944,4,12.32435,-0.841757,80.579104,0,5,1855,2147483647
54.7813446088694, 21.4565,54.8618462109007, 16.1445,4,16.68101,4,12.29084,-0.256812,82.539504,0,5,1856,2147483647
54.7954322085716, 13.7121,54.8787520104088, 14.9322,4,16.68003,5,10.59373,-0.497889,82.848304,0,5,1857,2147483647
54.8114248090424, 16.5716,54.8953754105605, 16.7368,4,16.68,5,10.92646,-0.201966,83.6458,0,5,1858,2147483647
54.8284839098342, 15.459,54.9113894109614, 16.1026,4,16.6796,4,10.64161,-0.290857,82.4286,0,5,1859,2147483647
54.8459261101671, 18.5124,54.9287014105357, 17.4402,4,16.6802,4,9.963589,-1.035301,80.3018,0,5,1860,2147483647
54.8618462109007, 16.2191,54.9453786113299, 18.1792,4,16.68005,4,12.31657,-0.773134,81.633696,0,5,1861,2147483647
54.8787520104088, 16.4706,54.9617945109494, 16.7786,4,16.67998,4,11.52286,-1.376426,84.3738,0,5,1862,2147483647
54.8953754105605, 16.7759,54.9786642105319, 17.5733,4,16.68001,4,11.9506,0.420475,84.037296,0,5,1863,2147483647
54.9113894109614, 16.506,54.9965406102128, 15.2891,4,16.67995,4,12.68163,-0.055696,82.156304,0,5,1864,2147483647
54.9287014105357, 17.1248,55.0117562101223, 14.9972,4,16.6801,4,10.79983,-0.055899,79.995904,0,5,1865,2147483647
54.9453786113299, 16.5233,55.0295202103443, 17.8548,4,16.68005,4,11.46303,-0.557154,79.866096,0,5,1866,2147483647
54.9617945109494, 14.7512,55.0454023112543, 17.4923,4,16.67941,4,11.3221,-0.564565,80.756,0,5,1867,2147483647
54.9786642105319, 17.2996,55.0618936107494, 16.9622,4,16.67962,4,11.8208,-0.298318,82.1226,0,5,1868,2147483647
54.9965406102128, 19.1508,55.0796128106304, 17.2688,4,16.68043,4,11.70675,-0.507307,79.9142,0,5,1869,2147483647
55.0117562101223, 15.8448,55.0950246104039, 13.6866,4,16.68015,4,10.61567,1.665664,81.9518,0,5,1870,2147483647
55.0295202103443, 16.9573,55.1118919108994, 16.8257,4,16.68024,4,10.40742,-0.020838,80.153696,0,5,1871,2147483647
55.0454023112543, 15.8853,55.1285486114211, 16.7754,4,16.67998,4,12.12041,-1.357367,82.167696,0,5,1872,2147483647
55.0618936107494, 16.9609,55.1468505118974, 18.3267,4,16.68007,4,12.19134,-0.269799,79.699904,0,5,1873,2147483647
55.0796128106304, 18.7692,55.1619474119507, 16.5601,4,16.68076,4,10.17644,-0.023431,82.571504,0,5,1874,2147483647
55.0950246104039, 14.9786,55.1805377113633, 17.0163,4,16.6802,4,9.755767,0.177506,79.909904,0,5,1875,2147483647
55.1118919108994, 16.6942,55.1952889109962, 14.8961,4,16.68021,5,9.205399,-0.930678,82.5002,0,5,1876,2147483647
55.1285486114211, 16.6165,55.2140055107884, 18.6303,4,16.68019,4,11.99773,0.777339,78.783296,0,5,1877,2147483647
55.1468505118974, 18.039,55.2296356107108, 15.5709,4,16.68063,4,11.64099,-0.127906,82.819696,0,5,1878,2147483647
55.1619474119507, 14.3443,55.2468188102357, 17.2154,4,16.67987,5,11.77148,-0.526951,83.0928,0,5,1879,2147483647
55.1805377113633, 18.6557,55.2626484106295, 15.9943,4,16.68051,4,10.97476,-0.188062,80.788496,0,5,1880,2147483647
55.1952889109962, 15.3392,55.2786438106559, 17.9288,4,16.68007,4,8.548706,-0.202426,82.669,0,5,1881,2147483647
55.2140055107884, 18.3827,55.2952759112231, 14.6655,4,16.68063,4,11.81805,-0.227104,80.994096,0,5,1882,2147483647
55.2296356107108, 14.8265,55.3120666104369, 18.863,4,16.68003,4,12.14186,-0.335101,80.4238,0,5,1883,2147483647
55.2468188102357, 18.283,55.3297812095843, 18.5554,4,16.68055,4,11.69853,-0.573346,83.990704,0,5,1884,2147483647
55.2626484106295, 15.2739,55.3458548090421, 12.9693,4,16.68009,4,10.0271,0.955936,81.909904,0,5,1885,2147483647
55.2786438106559, 14.4894,55.3620830099098, 16.3704,4,16.67938,5,10.1565,-0.030176,85.0462,0,5,1886,2147483647
55.2952759112231, 19.2661,55.3798487107269, 17.5997,4,16.68022,4,11.98745,-0.015456,80.7042,0,5,1887,2147483647
55.3120666104369, 16.3186,55.3954631104134, 15.7387,4,16.6801,4,12.14906,-0.799605,80.265696,0,5,1888,2147483647
55.3297812095843, 14.8122,55.4121562107466, 18.3791,4,16.67949,4,10.82478,-0.379939,83.031104,0,5,1889,2147483647
55.3458548090421, 18.8556,55.4288655105047, 16.7743,4,16.6802,4,11.62896,-0.137709,83.384896,0,5,1890,2147483647
55.3620830099098, 16.3506,55.4470600108616, 19.4862,4,16.68009,5,11.69261,-0.598032,83.116496,0,5,1891,2147483647
55.3798487107269, 17.1717,55.4629430114292, 12.8295,4,16.68025,4,10.82244,0.400921,81.634,0,5,1892,2147483647
55.3954631104134, 16.4251,55.4788834112696, 15.9873,4,16.68017,4,12.16151,0.634764,80.690704,0,5,1893,2147483647
55.4121562107466, 16.0162,55.4959760117345, 18.7809,4,16.67995,4,11.95233,-0.501118,81.170096,0,5,1894,2147483647
55.4288655105047, 16.6874,55.5130985113792, 17.0408,4,16.67996,4,12.29918,-0.535261,80.978304,0,5,1895,2147483647
55.4470600108616, 16.7323,55.5289120110683, 16.4856,4,16.67997,4,9.859036,-0.168181,82.3376,0,5,1896,2147483647
55.4629430114292, 17.5799,55.5455449107103, 16.0751,4,16.68027,4,9.181518,1.063883,79.839504,0,5,1897,2147483647
55.4788834112696, 15.9306,55.5623037102632, 14.9872,4,16.68002,5,10.50446,-0.292231,81.920496,0,5,1898,2147483647
55.4959760117345, 16.9411,55.5798226105981, 17.4205,4,16.68011,4,12.22188,-0.434645,80.138496,0,5,1899,2147483647
55.5130985113792, 16.978,55.5966116110794, 16.7856,4,16.6802,4,11.54072,-0.56378,80.692,0,5,1900,2147483647
55.5289120110683, 14.6087,55.6125649116002, 15.9682,4,16.67953,4,9.023431,-0.171369,80.604,0,5,1901,2147483647
55.5455449107103, 19.7006,55.6297288122587, 17.2016,4,16.68051,4,9.999845,-0.285289,79.62,0,5,1902,2147483647
55.5623037102632, 15.2367,55.6452690125443, 17.3172,4,16.68004,4,10.79418,-0.285816,85.178096,0,5,1903,2147483647
55.5798226105981, 17.1661,55.662273612339, 15.384,4,16.6802,5,12.28947,0.419438,82.163904,0,5,1904,2147483647
55.5966116110794, 16.9768,55.6799791124649, 17.5304,4,16.6803,4,11.70279,-0.497008,81.6042,0,5,1905,2147483647
55.6125649116002, 16.0341,55.6957538132556, 15.9551,4,16.68009,4,10.14492,-0.522736,81.231904,0,5,1906,2147483647
55.6297288122587, 17.3408,55.7121576131321, 16.3474,4,16.6803,4,9.206462,-0.117801,80.0468,0,5,1907,2147483647
55.6452690125443, 14.0593,55.729888713453, 19.6262,4,16.67945,5,11.47971,0.167156,81.984896,0,5,1908,2147483647
55.662273612339, 19.0447,55.745540714357, 16.0205,4,16.68022,4,12.22194,-0.135409,83.798496,0,5,1909,2147483647
55.6799791124649, 16.8377,55.7640667152591, 16.2784,4,16.68027,4,12.2709,0.186263,78.8864,0,5,1910,2147483647
55.6957538132556, 16.0741,55.7798986160196, 15.7011,4,16.68007,3,10.15204,-0.60273,80.3732,0,4,1911,2147483647
55.7121576131321, 17.0745,55.7958072167821, 15.8898,4,16.6802,4,10.02531,-0.708884,79.846,0,5,1912,2147483647
55.729888713453, 16.6031,55.8124546171166, 18.5422,4,16.68018,4,12.00104,-0.449993,81.645904,0,5,1913,2147483647
55.745540714357, 15,55.8295912169851, 16.8123,4,16.67963,4,11.58443,1.636393,82.1798,0,5,1914,2147483647
55.7640667152591, 19.6437,55.8457234171219, 14.7315,4,16.68059,4,12.29398,-0.605803,64.1553,0,5,1915,2147483647
55.7798986160196, 15.5088,55.862674117554, 16.9949,4,16.68021,4,10.71929,-0.016199,71.769696,0,5,1916,2147483647
55.7958072167821, 16.4059,55.8786673177965, 15.8783,4,16.68012,4,10.19431,-0.180962,78.220304,0,5,1917,2147483647
55.8124546171166, 15.1868,55.8956655175425, 16.9867,4,16.67964,4,8.763303,-0.347805,77.6124,0,5,1918,2147483647
55.8295912169851, 17.8337,55.9126393166371, 18.367,4,16.68001,4,12.3823,0.095437,83.1728,0,5,1919,2147483647
55.862674117554, 33.568,55.9297597170807, 15.5512,4,16.68545,4,11.71606,-0.698498,81.677904,0,5,1920,2147483647
55.862674117554, 7.6977,55.9450437170453, 15.3187,3,16.68256,4,12.0203,-0.757477,82.755104,0,5,1921,2147483647
55.8786673177965, 12.2131,55.9635957167484, 18.649,4,16.68112,4,10.33896,-0.501767,80.547296,0,5,1922,2147483647
55.8956655175425, 16.2453,55.9791717170738, 15.6371,4,16.68098,4,9.893498,0.489203,79.9036,0,5,1923,2147483647
55.9126393166371, 13.522,55.9966458170675, 19.0822,4,16.67996,4,10.37948,-0.241596,80.6138,0,5,1924,2147483647
55.9297597170807, 17.3552,56.012079117354, 15.8599,4,16.68018,4,10.58277,-0.908461,81.7638,0,5,1925,2147483647
55.9450437170453, 16.1264,56.0291684172116, 17.2031,4,16.68,5,12.2767,-0.373212,80.8082,0,5,1926,2147483647
55.9635957167484, 17.4342,56.0465669180267, 15.2263,4,16.68025,5,11.4439,-0.154417,83.617,0,5,1927,2147483647
55.9791717170738, 16.57,56.0625838185661, 15.9264,4,16.68021,4,11.93666,0.064683,80.3698,0,5,1928,2147483647
55.9966458170675, 16.5436,56.0798977180384, 17.2532,4,16.68017,4,12.52371,-0.07395,80.4306,0,5,1929,2147483647
56.012079117354, 15.9123,56.0950923184864, 17.0623,4,16.67992,5,10.30482,-0.182816,83.894896,0,5,1930,2147483647
56.0291684172116, 18.7434,56.1128328177147, 17.7873,4,16.68058,5,10.05402,-0.097516,85.805296,0,5,1931,2147483647
56.0465669180267, 15.3904,56.1295293173753, 18.1988,4,16.68017,4,10.00555,-0.39947,82.2022,0,5,1932,2147483647
56.0625838185661, 16.2593,56.1458469177596, 13.0123,4,16.68003,4,9.610516,-0.256294,80.080304,0,5,1933,2147483647
56.0798977180384, 16.9125,56.1626787181012, 16.9726,4,16.68011,4,11.69772,0.210942,79.842704,0,5,1934,2147483647
56.0950923184864, 15.2209,56.1794471177272, 18.6851,4,16.67964,4,11.68927,-0.684122,84.7042,0,5,1935,2147483647
56.1128328177147, 16.0731,56.1976219168864, 17.9835,4,16.67945,4,10.50899,-0.193743,84.744096,0,5,1936,2147483647
56.1295293173753, 18.4336,56.2122424165718, 14.83,4,16.68001,4,9.023958,-1.653456,83.411696,0,5,1937,2147483647
56.1458469177596, 17.702,56.2299545160495, 15.5815,4,16.68033,5,11.82122,-0.712313,85.336704,0,5,1938,2147483647
56.1626787181012, 15.7005,56.2453013160266, 15.4608,4,16.68002,4,12.40764,-0.063814,79.672704,0,5,1939,2147483647
56.1794471177272, 14.7089,56.2632182152011, 19.5792,4,16.67939,4,11.99916,0.019461,80.957296,0,5,1940,2147483647
56.1976219168864, 16.7775,56.280100714881, 16.8085,4,16.67942,4,11.67261,-0.193332,81.205696,0,5,1941,2147483647
56.2122424165718, 18.1187,56.2963509154506, 16.7857,4,16.67988,4,10.63061,0.006005,80.3538,0,5,1942,2147483647
56.2299545160495, 18.238,56.3147852146067, 20.1623,4,16.68038,4,9.576339,-0.206014,82.2694,0,5,1943,2147483647
56.2453013160266, 16.6134,56.3297958145849, 10.9495,4,16.68036,4,10.03423,-0.271325,81.8804,0,5,1944,2147483647
56.2632182152011, 15.6579,56.3465666151606, 16.9433,4,16.68003,4,12.0561,-0.314961,80.112,0,5,1945,2147483647
56.280100714881, 16.9017,56.3635526145808, 17.1493,4,16.6801,4,11.70461,-0.086532,80.829104,0,5,1946,2147483647
56.2963509154506, 16.807,56.3798003154807, 15.9548,4,16.68014,4,11.98403,-1.278799,80.185104,0,5,1947,2147483647
56.3147852146067, 17.7833,56.3976229163818, 19.6979,4,16.6805,4,12.13186,-0.041273,81.3542,0,5,1948,2147483647
56.3297958145849, 16.791,56.4157855170779, 16.4041,4,16.68053,4,10.28123,-0.17551,79.829904,0,5,1949,2147483647
56.3465666151606, 16.3485,56.4303080174141, 14.5778,4,16.68043,4,11.9724,-0.155926,79.397696,0,5,1950,2147483647
56.3635526145808, 16.5984,56.4475181172602, 17.3159,4,16.6804,4,12.89577,1.515649,78.600896,0,5,1951,2147483647
56.3798003154807, 16.8473,56.4634945164435, 16.2029,4,16.68045,3,11.87391,-0.073161,81.232896,0,4,1952,2147483647
56.3976229163818, 16.6885,56.480249916669, 17.8575,4,16.68045,2,12.05933,-0.778617,78.872496,0,3,1953,2147483647
56.4157855170779, 16.4549,56.4966538171284, 14.9299,4,16.68038,4,10.05525,-0.452087,80.3614,0,4,1954,2147483647
56.4303080174141, 17.3744,56.5136595177464, 16.9415,4,16.6806,4,10.20826,-0.103655,79.294096,0,5,1955,2147483647
56.4475181172602, 16.8019,56.5296408175491, 16.0054,4,16.68064,4,11.86642,-0.569729,41.1084,0,5,1956,2147483647
56.4634945164435, 16.1893,56.5464252172969, 18.8471,4,16.68049,4,12.37179,-0.501683,56.8256,0,5,1957,2147483647
56.480249916669, 17.8061,56.5637780181132, 15.4203,4,16.68084,4,12.20286,1.627527,71.4732,0,5,1958,2147483647
56.4966538171284, 15.5699,56.5796217187308, 17.0577,4,16.68049,4,9.783429,-0.419523,82.8868,0,5,1959,2147483647
56.5136595177464, 16.9268,56.5966465189122, 15.8768,4,16.68057,4,10.34508,-0.196816,83.091,0,5,1960,2147483647
56.5637780181132, 54.8578,56.613434819039, 16.6541,4,16.69269,4,12.17337,-0.056355,81.581,0,5,1961,2147483647
56.5637780181132, 2.0977,56.6308597191237, 17.8136,2,16.68806,4,10.21252,0.277101,81.205,0,5,1962,2147483647
56.5796217187308, 0.8382,56.6462644194253, 16.8731,3,16.68303,4,12.33232,-0.384131,81.9892,0,5,1963,2147483647
56.5796217187308, 8.233,56.664125519339, 18.2593,3,16.68035,4,10.08426,-0.487454,80.2666,0,5,1964,2147483647
56.5966465189122, 16.3605,56.680608720053, 16.5649,4,16.68025,4,10.164,-0.443656,79.461504,0,5,1965,2147483647
56.613434819039, 16.9564,56.6966746193357, 15.4464,4,16.68033,5,11.57703,-0.283894,84.117,0,5,1966,2147483647
56.6308597191237, 16.7954,56.7150890198536, 16.4189,4,16.68037,4,11.59095,-0.680199,80.8056,0,5,1967,2147483647
56.6462644194253, 15.4999,56.7308605206199, 16.2837,4,16.68,5,12.29506,-0.325604,85.022,0,5,1968,2147483647
56.664125519339, 17.81,56.7472510212101, 16.0868,4,16.68036,4,10.28689,-1.319518,82.4048,0,5,1969,2147483647
56.680608720053, 16.7737,56.7633223203011, 15.9683,4,16.68038,4,8.897399,1.083484,81.8702,0,5,1970,2147483647
56.6966746193357, 15.702,56.7819457207806, 20.3571,4,16.68007,4,12.4108,-0.141699,80.9704,0,5,1971,2147483647
56.7150890198536, 18.1773,56.7966708210297, 14.8659,4,16.68055,4,11.91542,-0.257382,80.2484,0,5,1972,2147483647
56.7308605206199, 14.6588,56.8148995214142, 18.875,4,16.67991,4,13.03062,0.276967,84.4552,0,5,1973,2147483647
56.7472510212101, 17.8899,56.8304667216726, 15.2719,4,16.68029,5,8.686999,-0.15461,83.1518,0,5,1974,2147483647
56.7633223203011, 15.9005,56.8461606209166, 15.3663,4,16.68004,5,10.10318,-0.695615,82.078496,0,5,1975,2147483647
56.7819457207806, 16.7076,56.8637068201788, 15.8077,4,16.68005,4,12.01973,-0.663489,81.600704,0,5,1976,2147483647
56.7966708210297, 16.6272,56.8796037198044, 15.9049,4,16.68004,4,11.58711,-0.723973,82.7434,0,5,1977,2147483647
56.8148995214142, 14.8638,56.8982325200923, 19.07,4,16.67946,4,11.79422,-0.672401,80.5864,0,5,1978,2147483647
56.8304667216726, 19.1885,56.9136106199585, 17.8843,4,16.68026,4,11.58419,-0.541036,83.189696,0,5,1979,2147483647
56.8461606209166, 17.0815,56.9309783200733, 16.0075,4,16.68038,4,10.68537,-0.194288,84.734304,0,5,1980,2147483647
56.8637068201788, 16.5439,56.9465755200945, 16.0663,4,16.68034,4,12.5087,-0.211397,83.2456,0,5,1981,2147483647
56.8796037198044, 15.7299,56.9633986200206, 16.8726,4,16.68004,4,12.53314,-0.535189,79.6848,0,5,1982,2147483647
56.8982325200923, 18.8281,56.9805255192332, 16.6707,4,16.68072,4,12.33719,-0.557126,80.1002,0,5,1983,2147483647
56.9136106199585, 14.6831,56.9995627193712, 17.2869,4,16.68009,4,10.1855,-0.573935,81.1966,0,5,1984,2147483647
56.9309783200733, 16.1006,57.0150848194025, 17.6446,4,16.6799,4,10.06839,-0.054438,78.357504,0,5,1985,2147483647
56.9465755200945, 17.1658,57.0328151187859, 15.6771,4,16.68006,5,12.51933,0.023736,79.1198,0,5,1986,2147483647
56.9633986200206, 16.9646,57.0463700187393, 13.4031,4,16.68015,4,12.24553,-0.273523,82.4824,0,5,1987,2147483647
56.9805255192332, 16.5719,57.0633499179967, 16.9955,4,16.68011,4,11.65164,-1.054604,84.635296,0,5,1988,2147483647
56.9995627193712, 17.3583,57.08001911873, 18.446,4,16.68033,4,10.11746,0.414459,82.5242,0,5,1989,2147483647
57.0150848194025, 17.5667,57.0964753185399, 14.7277,4,16.6806,4,9.877223,-0.060783,81.662496,0,5,1990,2147483647
57.0328151187859, 17.8091,57.1129844193347, 18.5776,4,16.68096,5,9.888804,0.876423,84.929504,0,5,1991,2147483647
57.0463700187393, 13.9974,57.1304526184686, 17.3534,4,16.68012,4,12.77764,-0.635072,80.2262,0,5,1992,2147483647
57.0633499179967, 16.7164,57.1476765186526, 18.8688,4,16.68013,4,11.35038,-0.551406,79.621,0,5,1993,2147483647
57.08001911873, 15.7995,57.1647945181467, 13.688,4,16.67985,4,10.16748,-1.104341,80.574704,0,5,1994,2147483647
57.0964753185399, 17.399,57.1816347190179, 16.537,4,16.68008,4,9.382672,-0.603512,79.200304,0,5,1995,2147483647
57.1129844193347, 15.0961,57.1986286197789, 18.3637,4,16.67958,4,12.25981,-0.081383,80.966096,0,5,1996,2147483647
57.1304526184686, 18.258,57.2132960199378, 13.5539,4,16.68007,4,11.96694,-0.824667,80.960096,0,5,1997,2147483647
57.1476765186526, 20.682,57.2315965197049, 20.0764,4,16.68133,3,12.90741,1.143518,80.7814,0,4,1998,2147483647
57.1647945181467, 14.0672,57.2483917190693, 15.0206,4,16.68051,4,10.46288,0.28396,82.1936,0,4,1999,2147483647
57.1816347190179, 16.363,57.2635581190698, 14.9884,4,16.68041,4,9.892767,-0.21479,82.659,0,5,2000,2147483647
57.1986286197789, 15.1714,57.2805477189831, 16.9367,4,16.67994,4,12.43178,1.065598,82.633504,0,5,2001,2147483647
57.2132960199378, 17.2231,57.2977431188338, 17.217,4,16.68011,4,10.17354,0.61157,64.5488,0,5,2002,2147483647
57.2315965197049, 17.7012,57.3135146196, 17.5228,4,16.68043,4,11.49899,-0.498884,70.7956,0,5,2003,2147483647
57.2483917190693, 15.5498,57.3291883203201, 16.9606,4,16.68007,4,10.2015,1.05357,80.9966,0,5,2004,2147483647
57.2635581190698, 16.4249,57.3467323197983, 16.8904,4,16.67999,4,8.88623,-0.474313,82.9456,0,5,2005,2147483647
57.2805477189831, 16.8398,57.3637660196982, 16.8142,4,16.68004,4,11.03548,-0.482373,82.093104,0,5,2006,2147483647
57.3135146196, 32.8566,57.3804616197012, 14.7723,4,16.68511,4,12.32603,-0.261505,80.123,0,5,2007,2147483647
57.3291883203201, 12.9277,57.3984319190495, 19.1739,3,16.68393,4,10.63451,-0.554876,80.306304,0,5,2008,2147483647
57.3291883203201, 5.7742,57.4137839186005, 15.9741,3,16.68052,5,12.19527,-0.466383,83.092,0,5,2009,2147483647
57.3467323197983, 15.0543,57.4307769178413, 17.004,4,16.68001,4,12.3899,0.032334,82.7142,0,5,2010,2147483647
57.3637660196982, 18.119,57.4483615173958, 17.266,4,16.68046,4,10.40888,-0.579571,80.7568,0,5,2011,2147483647
57.3804616197012, 15.4733,57.4635666175745, 13.503,4,16.68008,4,10.17608,0.403976,79.532896,0,5,2012,2147483647
57.3984319190495, 16.5199,57.4803384183906, 16.7032,4,16.68003,4,10.36907,0.828304,80.957696,0,5,2013,2147483647
57.4137839186005, 16.6583,57.4984943191521, 19.4442,4,16.68003,4,11.98207,-1.216918,80.9046,0,5,2014,2147483647
57.4307769178413, 16.9924,57.5142390183173, 16.6137,4,16.68012,4,12.21902,0.724537,81.3706,0,5,2015,2147483647
57.4483615173958, 19.0263,57.5316948178224, 17.0688,4,16.68086,4,11.3764,-0.34226,83.01,0,5,2016,2147483647
57.4635666175745, 14.8016,57.5470981174149, 13.5779,4,16.68027,4,10.78852,-1.279471,83.015296,0,5,2017,2147483647
57.4803384183906, 16.166,57.5644952175207, 17.5904,4,16.68011,4,11.10296,0.849064,81.478704,0,5,2018,2147483647
57.4984943191521, 16.0876,57.5806107171811, 16.0343,4,16.67993,4,8.91206,-0.143799,81.4746,0,5,2019,2147483647
57.5142390183173, 17.3615,57.5984024167992, 17.8341,4,16.68014,4,9.768571,-0.101315,79.5734,0,5,2020,2147483647
57.5316948178224, 17.1418,57.615396917332, 18.7736,4,16.68028,4,12.99834,-0.442817,79.414896,0,5,2021,2147483647
57.5470981174149, 16.1361,57.633062817622, 16.1421,4,16.68011,4,11.1694,1.012318,80.577296,0,5,2022,2147483647
57.5644952175207, 16.9117,57.6486085173674, 15.374,4,16.68018,4,10.31672,-1.415114,81.8914,0,5,2023,2147483647
57.5806107171811, 16.1717,57.6645769164898, 16.1675,4,16.68003,4,10.37682,-0.437138,81.348096,0,5,2024,2147483647
57.5984024167992, 18.1161,57.681040216703, 16.2144,4,16.68047,4,10.20998,-0.684096,81.4772,0,5,2025,2147483647
57.615396917332, 16.3446,57.697266117204, 16.1863,4,16.68037,3,10.93781,0.530553,81.188304,0,4,2026,2147483647
57.633062817622, 17.9915,57.7146484167315, 19.1535,4,16.68078,2,13.30944,-0.527025,83.4358,0,3,2027,2147483647
57.6486085173674, 15.5014,57.731604217086, 16.8155,4,16.68041,4,12.4032,0.675383,80.6998,0,5,2028,2147483647
57.6645769164898, 16.4407,57.7471186169423, 15.8969,4,16.68033,5,12.41425,-0.132409,82.721,0,5,2029,2147483647
57.681040216703, 16.2864,57.7637812164612, 16.415,4,16.68021,4,9.605425,0.240099,46.0416,0,5,2030,2147483647
57.697266117204, 15.9435,57.7813438163139, 15.6548,4,16.67998,4,10.11092,-0.330158,61.3451,0,5,2031,2147483647
57.7146484167315, 17.1478,57.7987455171533, 19.3946,4,16.68013,4,11.15351,0.1799,72.2832,0,5,2032,2147483647
57.731604217086, 16.9165,57.8146715168841, 14.1802,4,16.6802,4,10.274,-0.703742,80.1814,0,5,2033,2147483647
57.7471186169423, 15.8522,57.8306500171311, 17.8733,4,16.67994,4,11.61136,-0.426962,84.080096,0,5,2034,2147483647
57.7987455171533, 54.4398,57.8485274170525, 17.7611,4,16.69166,4,10.3518,-0.401597,79.9434,0,5,2035,2147483647
57.7987455171533, 2.3893,57.8662821170874, 17.6918,2,16.68722,4,9.965342,0.620064,79.641696,0,5,2036,2147483647
57.7987455171533, 2.344,57.8814228172414, 13.2803,3,16.68278,4,10.38666,-0.538523,83.576,0,5,2037,2147483647
57.8146715168841, 8.086,57.8971603172831, 15.9855,4,16.68011,4,12.3925,-1.142687,82.216,0,5,2038,2147483647
57.8306500171311, 14.8072,57.915712616872, 18.7067,4,16.67953,4,12.19124,0.242901,79.018496,0,5,2039,2147483647
57.8485274170525, 19.2413,57.9310545171611, 15.1034,4,16.68032,4,11.29962,-0.580787,80.047104,0,5,2040,2147483647
57.8662821170874, 19.4061,57.9487897171639, 19.104,4,16.68117,4,10.87249,1.038099,79.935904,0,5,2041,2147483647
57.8814228172414, 11.7519,57.964235716965, 15.6866,4,16.67964,4,11.267,-0.104268,83.238304,0,5,2042,2147483647
57.8971603172831, 18.0405,57.9803708172403, 16.6796,4,16.68007,5,9.673987,0.278825,84.9522,0,5,2043,2147483647
57.915712616872, 18.1152,57.9974090172909, 14.9177,4,16.68051,4,10.6129,-1.013662,83.624704,0,5,2044,2147483647
57.9310545171611, 15.5756,58.0141091174446, 16.6041,4,16.68017,4,10.90767,-0.770509,79.9114,0,5,2045,2147483647
57.9487897171639, 16.9539,58.0308988182805, 16.8425,4,16.68025,4,12.06927,0.326717,80.467696,0,5,2046,2147483647
57.964235716965, 15.6507,58.0483295186423, 18.9531,4,16.67993,4,9.882862,0.110843,82.324096,0,5,2047,2147483647
57.9803708172403, 16.7182,58.0660786195658, 18.4309,4,16.67994,4,10.88201,-0.63085,83.315,0,5,2048,2147483647
57.9974090172909, 16.5311,58.081891819369, 15.2037,4,16.6799,4,9.341583,-0.604786,80.869296,0,5,2049,2147483647
58.0141091174446, 17.7874,58.097560219001, 14.0744,4,16.68024,4,11.37456,-0.693207,82.226704,0,5,2050,2147483647
58.0308988182805, 16.0469,58.1141141182743, 16.6032,4,16.68005,5,11.82885,-0.961102,82.677296,0,5,2051,2147483647
58.0483295186423, 16.9654,58.1329100183211, 18.8211,4,16.68013,4,12.54249,1.319348,81.0312,0,5,2052,2147483647
58.0660786195658, 14.587,58.148326118011, 15.5781,4,16.67949,4,12.40941,-0.648678,81.696496,0,5,2053,2147483647
58.081891819369, 18.933,58.164825218264, 16.4864,4,16.68018,4,10.8077,1.111471,83.524,0,5,2054,2147483647
58.097560219001, 16.24,58.1809610188939, 17.597,4,16.68005,4,11.17125,0.175762,84.685104,0,5,2055,2147483647
58.1141141182743, 16.5103,58.1976880193688, 16.9604,4,16.67999,5,8.551278,0.693842,87.893696,0,5,2056,2147483647
58.1329100183211, 18.2759,58.2143017188646, 16.6297,4,16.68049,4,12.56793,0.389207,80.3238,0,5,2057,2147483647
58.148326118011, 16.035,58.231320519466, 16.7002,4,16.68029,4,10.83954,0.014962,80.417504,0,5,2058,2147483647
58.164825218264, 15.776,58.2507173200138, 17.6033,4,16.68001,4,9.881158,-0.26107,80.9384,0,5,2059,2147483647
58.1809610188939, 16.4107,58.2659898200072, 17.5722,4,16.67993,4,9.578793,-0.759368,79.4892,0,5,2060,2147483647
58.1976880193688, 14.6132,58.2830357202329, 17.8208,4,16.67929,4,9.328138,0.104014,81.3488,0,5,2061,2147483647
58.2143017188646, 19.0374,58.2975512198173, 11.4673,4,16.68002,4,11.82547,-0.508205,82.313296,0,5,2062,2147483647
58.231320519466, 16.6761,58.3142541195266, 16.7704,4,16.68002,4,11.95917,-0.218624,83.275696,0,5,2063,2147483647
58.2507173200138, 17.7172,58.3325417186134, 18.2369,4,16.68033,4,12.52179,-0.138403,79.8012,0,5,2064,2147483647
58.2659898200072, 17.3318,58.3483784194104, 15.8903,4,16.68053,4,9.886305,-0.358842,80.471504,0,5,2065,2147483647
58.2830357202329, 14.6371,58.3649550187401, 16.4881,4,16.67991,4,10.13752,-0.31571,79.857296,0,5,2066,2147483647
58.2975512198173, 17.6995,58.3817384182476, 18.6641,4,16.68022,4,10.3146,-0.606545,79.963696,0,5,2067,2147483647
58.3142541195266, 16.0014,58.4005186180584, 16.9629,4,16.68001,4,11.84064,-0.03388,80.144096,0,5,2068,2147483647
58.3325417186134, 17.7231,58.4145317184739, 14.2488,4,16.68033,4,12.00741,-0.60883,84.573104,0,5,2069,2147483647
58.3483784194104, 15.9581,58.4311765185557, 16.6285,4,16.68011,4,9.858245,-0.331172,81.7662,0,5,2070,2147483647
58.3649550187401, 17.7424,58.4484478193335, 17.1272,4,16.68044,4,10.51868,1.572554,80.122304,0,5,2071,2147483647
58.3817384182476, 15.7337,58.4642782188021, 15.8404,4,16.68015,4,11.95723,-0.397716,79.0112,0,5,2072,2147483647
58.4005186180584, 18.635,58.4814602187835, 18.8216,4,16.68074,5,12.38007,1.110461,83.9332,0,5,2073,2147483647
58.4145317184739, 13.0708,58.4986182185821, 17.4926,4,16.67964,4,12.05455,-0.61038,80.3698,0,5,2074,2147483647
58.4311765185557, 18.585,58.5143147180788, 15.7784,4,16.68022,4,8.092016,-0.491564,80.644096,0,5,2075,2147483647
58.4484478193335, 16.4414,58.5312053184025, 14.7972,4,16.68015,4,10.40234,-0.229494,83.009504,0,5,2076,2147483647
58.4642782188021, 18.2017,58.5483860182576, 17.0901,4,16.68061,4,10.56448,-0.371297,79.5302,0,5,2077,2147483647
58.4814602187835, 14.6484,58.5667465175502, 19.5694,4,16.67999,4,12.47936,-0.440221,82.001296,0,5,2078,2147483647
58.4986182185821, 17.4075,58.581824017223, 13.844,4,16.68022,4,12.12909,-0.07105,80.509,0,5,2079,2147483647
58.5143147180788, 17.3558,58.5992947178893, 17.6301,4,16.68042,4,9.926897,-0.314379,79.7204,0,5,2080,2147483647
58.5312053184025, 15.7281,58.6155425175093, 18.0932,4,16.68013,4,10.25572,-0.894673,79.6316,0,5,2081,2147483647
58.5483860182576, 17.5901,58.6314715179615, 14.113,4,16.68041,4,8.83465,-0.357718,82.774,0,5,2082,2147483647
58.5667465175502, 15.7922,58.6497604171745, 18.2604,4,16.68014,4,11.79968,0.474673,83.213904,0,5,2083,2147483647
58.581824017223, 16.6087,58.6648068171926, 15.1167,4,16.68011,4,11.96987,-0.312199,83.665296,0,5,2084,2147483647
58.5992947178893, 17.8535,58.6819808171131, 17.064,4,16.68047,4,10.88702,-0.287975,80.9562,0,5,2085,2147483647
58.6155425175093, 15.5913,58.6971327173524, 15.5031,4,16.68014,4,10.17273,0.358014,82.342496,0,5,2086,2147483647
58.6314715179615, 17.0274,58.7158489166759, 20.1688,4,16.68025,4,9.424899,-0.827224,81.9524,0,5,2087,2147483647
58.6497604171745, 15.1893,58.73166071577, 15.6298,4,16.67979,5,12.00158,0.659238,83.769904,0,5,2088,2147483647
58.6648068171926, 17.8119,58.7497035148554, 18.2621,4,16.68014,4,12.11749,0.0469,79.593104,0,5,2089,2147483647
58.6819808171131, 16.6037,58.7656381144188, 13.8946,4,16.68011,4,9.793524,-0.709407,80.2176,0,5,2090,2147483647
58.6971327173524, 16.2469,58.7830652142875, 17.6393,4,16.67998,4,10.36536,-0.410839,82.037504,0,5,2091,2147483647
58.7158489166759, 17.772,58.7987098149024, 17.3754,4,16.68032,4,9.2079,0.466465,81.8362,0,5,2092,2147483647
58.73166071577, 15.6761,58.8157939142548, 17.493,4,16.68001,4,11.91331,-0.393331,85.4464,0,5,2093,2147483647
58.7497035148554, 19.8963,58.8315099137835, 15.7189,4,16.68099,4,12.29604,-0.123128,81.174304,0,5,2094,2147483647
58.7656381144188, 14.4065,58.8486449136399, 15.0313,4,16.6803,4,10.08644,-0.170674,79.901696,0,5,2095,2147483647
58.7830652142875, 16.3116,58.866864813026, 18.1311,4,16.68018,4,9.729631,-0.819351,78.704304,0,5,2096,2147483647
58.7987098149024, 16.4844,58.8815648132004, 16.2832,4,16.68012,5,10.26253,-0.20616,83.946096,0,5,2097,2147483647
58.8157939142548, 14.8235,58.8995696124621, 18.4332,4,16.67956,4,12.01587,-0.220712,81.846896,0,5,2098,2147483647
58.8315099137835, 20.274,58.9154348117299, 16.0014,4,16.68065,4,11.95805,-0.473509,80.676304,0,5,2099,2147483647
58.8486449136399, 15.1354,58.9312949110754, 13.8627,4,16.68018,4,12.52906,-0.325324,81.1964,0,5,2100,2147483647
58.866864813026, 18.2728,58.9484321107157, 17.075,4,16.68067,4,11.77501,0.968658,80.7308,0,5,2101,2147483647
58.8815648132004, 14.1872,58.9661214114167, 19.428,4,16.67991,4,10.27911,-0.48486,84.8952,0,5,2102,2147483647
58.8995696124621, 18.0536,58.9820082117803, 15.9551,4,16.68033,4,10.17892,0.576414,84.176704,0,5,2103,2147483647
58.9154348117299, 17.8766,58.9986347113736, 16.705,4,16.68069,4,9.287942,-0.192639,82.142096,0,5,2104,2147483647
58.9312949110754, 14.7124,59.0159325120039, 15.2324,4,16.68009,4,10.68136,-0.467182,81.4352,0,5,2105,2147483647
58.9484321107157, 16.5267,59.0317571111955, 16.0611,4,16.68004,4,12.36389,0.625634,81.1824,0,5,2106,2147483647
58.9661214114167, 14.3118,59.0487327114679, 18.4761,4,16.67933,4,11.19084,-0.672541,80.6598,0,5,2107,2147483647
58.9820082117803, 19.1878,59.0670188111253, 18.469,4,16.68009,5,10.37628,-0.505599,80.779,0,5,2108,2147483647
58.9986347113736, 18.4329,59.0831972104497, 16.398,4,16.68062,4,10.09477,-0.478801,79.228096,0,5,2109,2147483647
59.0159325120039, 15.2404,59.099709410686, 14.533,4,16.68018,4,9.510841,1.097993,82.5336,0,5,2110,2147483647
59.0317571111955, 16.5656,59.1159231108613, 16.317,4,16.68015,4,12.4998,-0.509893,83.2716,0,5,2111,2147483647
59.0487327114679, 16.254,59.1317279101349, 15.7356,4,16.68002,5,12.3561,-0.467522,82.938704,0,5,2112,2147483647
59.0670188111253, 18.5247,59.1487442092039, 18.6346,4,16.68058,4,12.26631,-0.475989,83.5924,0,5,2113,2147483647
59.0831972104497, 18.0076,59.1652240087278, 16.4569,4,16.68098,4,10.61729,1.5372,82.958096,0,5,2114,2147483647
59.099709410686, 14.5341,59.1829125084914, 17.8388,4,16.68033,4,10.73812,0.507426,81.3402,0,5,2115,2147483647
59.1159231108613, 15.8578,59.1996316076256, 16.5977,4,16.68008,4,10.40899,1.028697,80.1744,0,5,2116,2147483647
59.1317279101349, 16.283,59.215261508245, 15.9483,4,16.67996,4,12.1846,0.146472,85.207696,0,5,2117,2147483647
59.1487442092039, 15.7924,59.2338480078615, 16.4461,4,16.67969,4,10.23957,-0.589375,83.958896,0,5,2118,2147483647
59.1652240087278, 17.6019,59.248642008286, 16.9672,4,16.67997,4,11.3576,-0.629651,81.4614,0,5,2119,2147483647
59.1829125084914, 17.9004,59.2671287073754, 16.2824,4,16.68034,5,10.79523,-0.525627,81.920304,0,5,2120,2147483647
59.1996316076256, 16.5113,59.2824738076888, 15.345,4,16.68029,4,11.50908,0.571155,79.738,0,5,2121,2147483647
59.215261508245, 13.6836,59.299371607136, 18.717,4,16.67938,4,10.25595,-0.087838,79.726704,0,5,2122,2147483647
59.2338480078615, 18.736,59.3168033077382, 17.4865,4,16.68,4,12.26873,-0.531531,80.1972,0,5,2123,2147483647
59.248642008286, 18.5359,59.332723307889, 16.0454,4,16.68056,4,10.08774,0.600169,80.050704,0,5,2124,2147483647
59.2671287073754, 16.4691,59.3488047081046, 16.9201,4,16.6805,4,8.216738,-0.506124,83.373104,0,5,2125,2147483647
59.2824738076888, 15.6082,59.3649993087165, 13.4267,4,16.68018,4,11.92923,-0.449976,83.5676,0,5,2126,2147483647
59.299371607136, 16.6607,59.3815456083976, 16.6485,4,16.68017,4,12.23463,-0.464146,82.5296,0,5,2127,2147483647
59.3168033077382, 17.5241,59.399658608716, 17.9944,4,16.68043,4,11.32222,0.9979,82.532496,0,5,2128,2147483647
59.332723307889, 15.9476,59.4152310085483, 15.8009,4,16.6802,4,12.25768,0.271626,84.8944,0,5,2129,2147483647
59.3488047081046, 15.3086,59.4339578081854, 18.6311,4,16.67979,5,10.56225,-0.516448,82.8274,0,5,2130,2147483647
59.3649993087165, 17.179,59.4496219088323, 17.3723,4,16.67994,4,10.4662,-0.107313,80.306,0,5,2131,2147483647
59.3815456083976, 16.4848,59.4669554089196, 15.4476,4,16.67988,4,7.662774,0.384965,82.475696,0,5,2132,2147483647
59.399658608716, 17.8398,59.4829107080586, 17.8422,4,16.68023,4,11.52145,-0.534442,80.346304,0,5,2133,2147483647
59.4152310085483, 15.8954,59.5006722086109, 18.2567,4,16.68,4,12.20281,-0.523975,78.5762,0,5,2134,2147483647
59.4339578081854, 18.6872,59.5168619086035, 16.6205,4,16.6806,4,10.10863,-0.533308,83.8048,0,5,2135,2147483647
59.4496219088323, 15.3877,59.532470008824, 12.866,4,16.68021,4,9.751542,0.396781,82.2586,0,5,2136,2147483647
59.4669554089196, 15.3595,59.5499846083112, 17.5282,4,16.67981,4,9.944175,0.498438,82.3914,0,5,2137,2147483647
59.4829107080586, 17.8636,59.5657002092339, 15.7335,4,16.68017,4,10.54921,-0.225763,83.2742,0,5,2138,2147483647
59.5006722086109, 18.3705,59.5823164083995, 16.6,4,16.68068,5,12.24662,0.23774,82.2198,0,5,2139,2147483647
59.5168619086035, 13.5533,59.5994604085572, 18.8131,4,16.67974,4,11.51156,-0.920648,83.590496,0,5,2140,2147483647
59.532470008824, 18.1352,59.6161055085249, 16.5572,4,16.68018,4,11.40686,-0.606103,83.379,0,5,2141,2147483647
59.5499846083112, 17.3715,59.6331294090487, 17.5038,4,16.68038,5,12.11816,0.462542,82.269504,0,5,2142,2147483647
59.5657002092339, 15.5968,59.6497162082233, 16.48,4,16.68006,5,11.59365,-0.528376,83.2722,0,5,2143,2147483647
59.5823164083995, 16.6556,59.665420407895, 15.6005,4,16.68005,4,10.9571,-0.719945,83.627696,0,5,2144,2147483647
59.5994604085572, 16.7452,59.683608608786, 18.1159,4,16.68007,4,12.25236,0.326281,80.1388,0,5,2145,2147483647
59.6161055085249, 16.5897,59.6997297094204, 16.3775,4,16.68004,4,11.40898,-0.72902,81.6476,0,5,2146,2147483647
59.6331294090487, 17.6445,59.7151945098303, 16.535,4,16.68033,4,12.12675,1.096146,81.100896,0,5,2147,2147483647
59.6497162082233, 16.1035,59.7334941099398, 17.1057,4,16.68016,5,12.46272,0.320112,86.029296,0,5,2148,2147483647
59.665420407895, 13.8277,59.749719909858, 14.1834,4,16.6793,4,9.52362,-0.558177,82.7,0,5,2149,2147483647
59.683608608786, 20.1368,59.7661061096005, 16.649,4,16.68034,4,10.17995,-0.541589,83.9576,0,5,2150,2147483647
59.6997297094204, 16.4246,59.7841228093021, 17.9321,4,16.68026,4,10.58209,-0.126132,78.349504,0,5,2151,2147483647
59.7151945098303, 15.7098,59.7993597094901, 15.1624,4,16.67997,4,11.56548,-0.643675,80.465104,0,5,2152,2147483647
59.7334941099398, 16.6855,59.8178561092354, 21.6136,4,16.67998,4,12.35329,-0.376389,79.639504,0,5,2153,2147483647
59.749719909858, 17.2783,59.8325845091604, 13.9487,4,16.68015,4,10.49313,-0.973503,81.175504,0,5,2154,2147483647
59.7661061096005, 15.7332,59.8495265091769, 16.9978,4,16.67987,4,10.36298,-0.69676,78.516096,0,5,2155,2147483647
59.7841228093021, 19.5089,59.8658874086104, 13.8932,4,16.68072,4,12.31099,-0.40868,82.537104,0,5,2156,2147483647
59.7993597094901, 14.4013,59.8820840078406, 16.5165,4,16.68003,4,11.9978,-0.02406,79.668896,0,5,2157,2147483647
59.8178561092354, 18.79,59.8997705071233, 17.9646,4,16.68067,4,12.80266,-1.354225,81.442704,0,5,2158,2147483647
59.8325845091604, 15.1959,59.9169795080088, 16.7313,4,16.68022,4,12.50058,0.467393,81.124896,0,5,2159,2147483647
59.8495265091769, 18.3674,59.9327509081922, 15.7078,4,16.68073,4,10.81486,-0.698611,83.435904,0,5,2160,2147483647
59.8658874086104, 12.3253,59.9492194089107, 16.3458,4,16.67943,5,11.96482,0.120843,83.626,0,5,2161,2147483647
59.8820840078406, 19.3807,59.9655088088475, 16.5125,4,16.68023,4,13.32061,-1.123768,83.2438,0,5,2162,2147483647
59.8997705071233, 17.1725,59.9825499090366, 18.9457,4,16.68038,4,11.35651,-0.732235,81.5424,0,5,2163,2147483647
59.9169795080088, 17.1252,59.9994708090089, 16.807,4,16.68051,4,12.38766,0.031944,80.631504,0,5,2164,2147483647
59.9327509081922, 15.3264,60.0170272081159, 17.638,4,16.68011,4,9.991468,-0.657138,80.283696,0,5,2165,2147483647
59.9492194089107, 16.506,60.0332315075211, 16.6957,4,16.68006,4,10.81293,-0.001507,83.284896,0,5,2166,2147483647
59.9655088088475, 16.3423,60.0515569071285, 15.9595,4,16.67995,4,10.29276,-1.484241,78.230304,0,5,2167,2147483647
59.9825499090366, 17.0481,60.0668183066882, 15.3466,4,16.68007,4,11.75404,-0.464749,82.3484,0,5,2168,2147483647
59.9994708090089, 16.9045,60.0829322063364, 15.9937,4,16.68013,5,12.50151,-0.532196,84.677104,0,5,2169,2147483647
60.0170272081159, 17.5896,60.1001422055997, 17.241,4,16.6804,4,11.93094,-0.812904,80.6788,0,5,2170,2147483647
60.0332315075211, 13.8289,60.116809905041, 16.8301,4,16.67955,4,11.54875,-0.624412,81.2338,0,5,2171,2147483647
60.0515569071285, 20.5751,60.1324265054427, 15.5204,4,16.68071,4,10.4421,-0.572747,80.638704,0,5,2172,2147483647
60.0668183066882, 15.6465,60.1503238058649, 19.7643,4,16.6804,4,8.925704,0.942561,80.317904,0,5,2173,2147483647
60.0829322063364, 15.6388,60.166508206632, 17.9667,4,16.6801,4,12.59271,-1.141162,84.0064,0,5,2174,2147483647
60.1001422055997, 17.6218,60.1836233059876, 13.6235,4,16.68038,4,12.30025,-0.078385,79.849296,0,5,2175,2147483647
60.116809905041, 17.0806,60.1997274062596, 17.643,4,16.68049,4,10.29644,-1.425868,80.3822,0,5,2176,2147483647
60.1324265054427, 15.2218,60.2162455054931, 14.619,4,16.68006,4,8.994762,-0.142348,82.3038,0,5,2177,2147483647
60.1503238058649, 17.8101,60.2335047046654, 17.4892,4,16.6804,4,10.83799,0.040093,80.544,0,5,2178,2147483647
60.166508206632, 14.9647,60.250517105218, 18.6523,4,16.67989,5,11.94417,-0.42094,82.209,0,5,2179,2147483647
60.1836233059876, 18.6372,60.2666666056029, 14.4802,4,16.68047,5,13.16275,1.277957,82.0658,0,5,2180,2147483647
60.1997274062596, 17.136,60.2828086051159, 17.668,4,16.6806,4,10.26871,-0.293039,82.203696,0,5,2181,2147483647
60.2162455054931, 15.1453,60.2996689057909, 17.068,4,16.68015,4,10.14274,-0.228735,82.5802,0,5,2182,2147483647
60.2335047046654, 17.4581,60.3168114065193, 15.6976,4,16.68038,4,10.03394,0.090834,82.414096,0,5,2183,2147483647
60.250517105218, 18.2752,60.3334864056669, 19.9391,4,16.68085,4,6.554139,-0.373391,83.7588,0,5,2184,2147483647
60.2666666056029, 14.9269,60.3500492065214, 14.7834,4,16.68033,4,12.29053,0.84851,84.3384,0,5,2185,2147483647
60.2828086051159, 15.5595,60.3666118062101, 15.6977,4,16.68,4,12.02597,0.513958,79.1374,0,5,2186,2147483647
60.2996689057909, 19.0443,60.3848628061824, 19.4204,4,16.6807,4,11.55869,0.129103,78.4296,0,5,2187,2147483647
60.3168114065193, 15.3134,60.4003984057344, 15.1467,4,16.6803,4,12.28459,0.58732,80.233904,0,5,2188,2147483647
60.3334864056669, 13.9545,60.4174400051124, 15.2994,4,16.67949,4,9.264042,-0.067484,80.636896,0,5,2189,2147483647
60.3500492065214, 17.725,60.4338737060316, 18.3044,4,16.6798,4,9.545997,-0.098026,80.6016,0,5,2190,2147483647
60.3666118062101, 18.983,60.4494384056889, 13.7819,4,16.68048,4,11.64918,-0.304712,82.8358,0,5,2191,2147483647
60.3848628061824, 17.3931,60.4663346051238, 16.6853,4,16.68069,4,11.00998,0.044544,81.9764,0,5,2192,2147483647
60.4003984057344, 16.9644,60.4832783057354, 18.7684,4,16.68077,4,11.48703,-0.654247,80.609904,0,5,2193,2147483647
60.4174400051124, 15.3792,60.5007906048559, 15.7816,4,16.68039,4,10.31021,-0.535316,82.3968,0,5,2194,2147483647
60.4338737060316, 18.0453,60.5168919055723, 18.0099,4,16.68079,4,12.06506,0.140715,79.885504,0,5,2195,2147483647
60.4494384056889, 14.5594,60.5355630046688, 16.8001,4,16.68016,4,11.80585,-0.824654,78.215696,0,5,2196,2147483647
60.4663346051238, 16.12,60.5508132050745, 15.2538,4,16.68,4,12.48332,-0.406783,82.320096,0,5,2197,2147483647
60.4832783057354, 18.9638,60.5667432057671, 17.5971,4,16.68067,4,10.31789,-0.268631,81.391696,0,5,2198,2147483647
60.5007906048559, 15.6551,60.583670805674, 17.4412,4,16.68037,4,11.57925,0.479022,80.368096,0,5,2199,2147483647
60.5168919055723, 16.2178,60.5995969059877, 13.7063,4,16.68023,4,11.20038,-0.831612,80.996304,0,5,2200,2147483647
60.5355630046688, 18.9592,60.6168782054447, 17.2908,4,16.68091,4,12.00693,0.375617,83.119104,0,5,2201,2147483647
60.5508132050745, 15.1368,60.6343076056801, 19.2389,4,16.68045,4,12.03128,0.18602,79.390704,0,5,2202,2147483647
60.5667432057671, 15.4973,60.6507907058112, 14.5699,4,16.6801,4,10.85681,-0.452035,81.7348,0,5,2203,2147483647
60.583670805674, 17.0728,60.666738405358, 16.0483,4,16.68022,4,10.70558,-0.413419,82.837904,0,5,2204,2147483647
60.5995969059877, 15.8231,60.6833684048615, 16.451,4,16.67997,4,9.12948,0.206006,83.815696,0,5,2205,2147483647
60.6168782054447, 17.5203,60.7008578046225, 19.6432,4,16.68021,4,9.244535,0.106358,79.634,0,5,2206,2147483647
60.6343076056801, 18.8062,60.7162463045679, 15.0766,4,16.68084,4,10.47692,-0.522751,80.435,0,5,2207,2147483647
60.6507907058112, 13.1028,60.7334234039299, 15.4477,4,16.67979,4,10.74329,1.383557,83.200096,0,5,2208,2147483647
60.666738405358, 17.848,60.7508151042275, 18.9505,4,16.68013,5,11.13984,-0.549597,83.688704,0,5,2209,2147483647
60.6833684048615, 16.1582,60.7677468038164, 17.1355,4,16.67998,4,11.73365,1.036649,78.847504,0,5,2210,2147483647
60.7008578046225, 17.9641,60.7833606037311, 13.7824,4,16.68036,4,12.44694,-0.080414,80.6244,0,5,2211,2147483647
60.7162463045679, 16.6627,60.8007372035645, 17.4633,4,16.68035,4,8.738497,-1.083777,80.159,0,5,2212,2147483647
60.7334234039299, 15.2689,60.8168300031684, 18.0335,4,16.67993,4,10.57995,-0.193733,81.1952,0,5,2213,2147483647
60.7508151042275, 17.6025,60.8338209032081, 18.0906,4,16.68021,4,8.387314,-0.996015,82.752496,0,5,2214,2147483647
60.7677468038164, 18.8735,60.8507471024059, 14.0325,4,16.68085,4,9.795977,0.964846,82.328704,0,5,2215,2147483647
60.7833606037311, 14.1262,60.8665849021636, 15.9027,4,16.6801,4,11.10933,-0.374193,80.5838,0,5,2216,2147483647
60.8007372035645, 17.2184,60.8835866018198, 16.7528,4,16.68026,4,11.98522,0.24322,81.6042,0,5,2217,2147483647
60.8168300031684, 16.2437,60.9009836013429, 17.2794,4,16.68013,5,12.76025,-0.811784,81.6598,0,5,2218,2147483647
60.8338209032081, 15.0544,60.9160058009438, 16.6117,4,16.67965,4,10.36919,-0.611388,83.710096,0,5,2219,2147483647
60.8507471024059, 18.4624,60.9334274004214, 18.038,4,16.68018,4,9.16308,-0.123045,79.161296,0,5,2220,2147483647
60.8665849021636, 16.3669,60.9502527001314, 14.6238,4,16.68008,5,9.837384,0.268908,82.981296,0,5,2221,2147483647
60.8835866018198, 16.5246,60.9676553006284, 17.5429,4,16.68004,4,10.45179,-0.428305,81.745504,0,5,2222,2147483647
60.9009836013429, 17.2438,60.9832156007178, 17.299,4,16.6802,5,10.26035,-0.005531,85.7626,0,5,2223,2147483647
60.9160058009438, 14.9874,61.0020763003267, 17.0377,4,16.67971,4,10.27209,-1.052036,80.829104,0,5,2224,2147483647
60.9334274004214, 19.5633,61.0171608007513, 15.0139,4,16.68055,4,9.668005,-0.718996,82.225904,0,5,2225,2147483647
60.9502527001314, 14.7451,61.034000500571, 18.5644,4,16.67999,4,8.700031,-0.744612,82.294896,0,5,2226,2147483647
60.9676553006284, 17.8233,61.0504260002635, 16.5874,4,16.68032,4,9.708836,-0.91054,80.914496,0,5,2227,2147483647
60.9832156007178, 12.702,61.0668213008903, 16.7191,4,16.67916,4,12.9879,-1.131891,82.9798,0,5,2228,2147483647
61.0020763003267, 21.5811,61.0834504007362, 16.6478,4,16.68059,4,12.66991,-0.356871,83.7948,0,5,2229,2147483647
61.0171608007513, 15.2616,61.1004120013677, 16.6766,4,16.68018,4,10.89894,0.214949,80.692704,0,5,2230,2147483647
61.034000500571, 15.3841,61.1175888008438, 15.4341,4,16.6798,4,12.85749,0.614674,80.261,0,5,2231,2147483647
61.0504260002635, 17.1949,61.1334668002091, 15.8144,4,16.67995,4,10.95757,0.794543,80.871904,0,5,2232,2147483647
61.0668213008903, 14.7945,61.1504882010631, 16.8596,4,16.6794,4,10.28535,1.051132,82.568496,0,5,2233,2147483647
61.0834504007362, 18.6599,61.1679170015268, 19.4747,4,16.67997,4,8.096326,-0.942006,79.692704,0,5,2234,2147483647
61.1004120013677, 18.8575,61.1835951018147, 15.8964,4,16.68061,4,11.09546,0.660456,79.717104,0,5,2235,2147483647
61.1175888008438, 15.7684,61.2009125011973, 15.2015,4,16.68034,4,11.23827,0.787148,80.393,0,5,2236,2147483647
61.1334668002091, 15.3606,61.2169689009897, 15.9646,4,16.67996,4,9.551706,-0.69708,80.833696,0,5,2237,2147483647
61.1504882010631, 16.8637,61.2335391002707, 18.5602,4,16.68001,4,12.68054,-0.379654,79.298704,0,5,2238,2147483647
61.1679170015268, 17.7173,61.2503150007688, 14.8412,4,16.68032,4,9.283752,0.125852,83.1134,0,5,2239,2147483647
61.1835951018147, 17.7274,61.2680887016468, 17.7517,4,16.68062,4,10.94598,-0.760292,81.5734,0,5,2240,2147483647
61.2009125011973, 15.0646,61.2838271013461, 15.7579,4,16.68015,4,12.63755,-1.774936,82.1562,0,5,2241,2147483647
61.2169689009897, 16.3018,61.3004129021429, 16.7249,4,16.68004,4,12.38225,-0.908568,82.642,0,5,2242,2147483647
61.2335391002707, 18.2213,61.3172196014784, 16.6856,4,16.68049,4,11.84609,-0.567487,82.1756,0,5,2243,2147483647
61.2503150007688, 15.2293,61.3343956018798, 19.0435,4,16.68007,4,10.99874,-0.560798,79.6622,0,5,2244,2147483647
61.2680887016468, 17.3097,61.3517788010649, 15.7697,4,16.68025,4,10.72367,0.751441,79.807904,0,5,2245,2147483647
61.2838271013461, 15.8834,61.3682304001413, 16.4659,4,16.68002,4,10.51109,-0.582142,80.7308,0,5,2246,2147483647
61.3004129021429, 16.7895,61.385138600599, 17.2754,4,16.68005,4,10.3822,-0.289775,82.2488,0,5,2247,2147483647
61.3172196014784, 16.8274,61.4004432004876, 16.3607,4,16.68009,4,12.28766,0.661898,83.9692,0,5,2248,2147483647
61.3343956018798, 18.9021,61.4164508008398, 16.3884,4,16.68074,4,9.796242,-0.839326,82.4024,0,5,2249,2147483647
61.3517788010649, 15.6012,61.4342698012479, 15.7476,4,16.68042,3,10.50148,-0.751882,82.096,0,4,2250,2147483647
61.3682304001413, 16.6365,61.451827401761, 17.5579,4,16.68041,2,10.1834,0.722248,79.31,0,3,2251,2147483647
61.385138600599, 17.1703,61.4687478025444, 18.6883,4,16.68055,4,9.594826,-0.213777,81.3728,0,5,2252,2147483647
61.4004432004876, 14.6129,61.485023802612, 16.3329,4,16.67995,4,12.77548,0.557898,77.855504,0,5,2253,2147483647
61.4164508008398, 16.4781,61.5016123023815, 14.9115,4,16.67989,4,12.75385,-0.710039,43.1697,0,5,2254,2147483647
61.4342698012479, 17.6731,61.5173830022104, 17.3662,4,16.68018,4,9.986277,0.00348,60.8923,0,5,2255,2147483647
61.451827401761, 17.6934,61.5338365030475, 14.9073,4,16.68048,5,10.0541,-0.559132,76.008704,0,5,2256,2147483647
61.4687478025444, 16.5621,61.55128370272, 18.6245,4,16.68044,4,9.666339,0.518184,80.508,0,5,2257,2147483647
61.485023802612, 18.429,61.5672592022456, 14.9113,4,16.68095,4,12.77062,0.854959,82.650096,0,5,2258,2147483647
61.5338365030475, 52.3487,61.5851180017926, 17.6627,4,16.6913,4,11.86153,1.836787,82.943,0,5,2259,2147483647
61.5338365030475, 0.5918,61.6018307008781, 18.3132,2,16.68663,4,12.50782,0.662919,82.497,0,5,2260,2147483647
61.5338365030475, 2.0635,61.6174038010649, 17.1793,3,16.68239,4,11.35374,0.005643,82.723504,0,5,2261,2147483647
61.55128370272, 10.1745,61.635301401373, 14.6747,4,16.6805,4,9.235113,-0.229466,79.9302,0,5,2262,2147483647
61.5672592022456, 14.4269,61.6519845011644, 16.5691,4,16.67985,4,9.800181,-0.6695,83.2696,0,5,2263,2147483647
61.5851180017926, 18.525,61.6688160016201, 18.8177,4,16.68038,4,11.10746,0.015088,81.2708,0,5,2264,2147483647
61.6018307008781, 16.4559,61.6851205020212, 16.0096,4,16.68032,4,11.61807,0.295405,79.6158,0,5,2265,2147483647
61.6174038010649, 13.7174,61.7005940019153, 13.9437,4,16.67946,4,12.0873,-0.828223,81.8126,0,5,2266,2147483647
61.635301401373, 19.6883,61.7176568019204, 16.8944,4,16.68033,,12.57951,-0.882025,,0,0,0,0
61.6519845011644, 16.8578,61.735883501824, 20.197,4,16.68038,,10.10559,-0.01347,,0,0,0,0
61.6688160016201, 16.9779,61.7507441020571, 14.9793,4,16.68047,,9.972323,0.666285,,0,0,0,0
61.6851205020212, 17.9546,61.7688315021805, 16.2989,4,16.68084,,10.75403,0.01064,,0,0,0,0
61.7005940019153, 13.7903,61.7849743026309, 15.9871,4,16.68,,11.02037,-0.790637,,0,0,0,0
61.7176568019204, 16.9137,,4,16.68007,,12.05221,0.413031,,0,0,0,0
61.735883501824, 18.401,,4,16.68057,,9.32936,1.512399,,0,0,0,0
61.7507441020571, 16.6195,,4,16.68055,,11.84004,-0.020326,,0,0,0,0
61.7688315021805, 16.6283,,4,16.68053,,10.63577,-1.022695,,0,0,0,0
61.7849743026309, 16.1649,,4,16.68038,,9.562301,0.848262,,0,0,0,0
,,4,,,8.547726,-0.480403,,0,0,0,0
,,,,,11.95619,0.563288,,0,0,0,0
,,,,,12.64534,-0.670179,,0,0,0,0
,,,,,10.6193,-1.31193,,0,0,0,0
,,,,,12.19881,-0.824763,,0,0,0,0
,,,,,9.779279,-0.820708,,0,0,0,0
,,,,,10.77153,-0.733207,,0,0,0,0
,,,,,10.77306,0.064052,,0,0,0,0
,,,,,12.53601,1.112106,,0,0,0,0
,,,,,12.61241,0.253318,,0,0,0,0
,,,,,12.45175,-0.80037,,0,0,0,0
,,,,,10.17969,-0.919253,,0,0,0,0
,,,,,8.431282,1.1877,,0,0,0,0
,,,,,9.91207,-0.039495,,0,0,0,0
,,,,,12.51265,-0.243882,,0,0,0,0
,,,,,12.5903,-0.85577,,0,0,0,0
,,,,,10.45389,-0.797979,,0,0,0,0
,,,,,11.55868,-0.828169,,0,0,0,0
,,,,,11.75327,-0.442459,,0,0,0,0
,,,,,10.83198,0.452625,,0,0,0,0
,,,,,10.55417,-0.91039,,0,0,0,0
,,,,,10.60386,1.195076,,0,0,0,0
,,,,,10.58718,-0.98613,,0,0,0,0
,,,,,9.66919,-0.944436,,0,0,0,0
,,,,,8.776824,0.705145,,0,0,0,0
,,,,,7.63343,-0.136766,,0,0,0,0
,,,,,12.84524,-0.269197,,0,0,0,0
,,,,,12.75616,-0.198606,,0,0,0,0
,,,,,11.19997,0.178959,,0,0,0,0
,,,,,11.9959,-0.781486,,0,0,0,0
,,,,,12.18871,-0.80873,,0,0,0,0
,,,,,10.20324,-0.180968,,0,0,0,0
,,,,,9.927286,-1.067189,,0,0,0,0
,,,,,12.35083,-0.579037,,0,0,0,0
,,,,,12.40317,-0.051151,,0,0,0,0
,,,,,11.96089,-1.074043,,0,0,0,0
,,,,,12.79854,-0.864858,,0,0,0,0
,,,,,10.66215,-0.354579,,0,0,0,0
,,,,,9.850143,1.318791,,0,0,0,0
,,,,,10.74886,-0.224346,,0,0,0,0
,,,,,12.63248,0.468817,,0,0,0,0
,,,,,12.23041,0.097602,,0,0,0,0
,,,,,9.336246,-0.692372,,0,0,0,0
,,,,,12.17738,0.961587,,0,0,0,0
,,,,,11.2158,-0.75136,,0,0,0,0
,,,,,9.814872,-0.221152,,0,0,0,0
,,,,,12.35331,-1.722189,,0,0,0,0
,,,,,10.80256,0.288597,,0,0,0,0
,,,,,12.36485,-0.608585,,0,0,0,0
,,,,,11.98749,0.7163,,0,0,0,0
,,,,,13.1588,0.086091,,0,0,0,0
,,,,,9.689885,0.760402,,0,0,0,0
,,,,,10.7419,-0.273594,,0,0,0,0
,,,,,9.158709,0.156722,,0,0,0,0
,,,,,11.9474,-0.782337,,0,0,0,0
,,,,,10.98759,-0.386996,,0,0,0,0
,,,,,10.29478,1.159851,,0,0,0,0
,,,,,9.481837,-0.772632,,0,0,0,0
,,,,,10.4372,0.528501,,0,0,0,0
,,,,,12.09255,-0.285308,,0,0,0,0
,,,,,10.64033,-1.194334,,0,0,0,0
,,,,,11.0418,-0.718024,,0,0,0,0
,,,,,9.287608,0.314284,,0,0,0,0
,,,,,9.967634,-0.589943,,0,0,0,0
,,,,,12.78492,-0.52077,,0,0,0,0
,,,,,12.39522,0.124242,,0,0,0,0
,,,,,9.643243,-0.768477,,0,0,0,0
,,,,,10.36897,-0.45846,,0,0,0,0
,,,,,10.34556,1.101992,,0,0,0,0
,,,,,11.80298,0.629773,,0,0,0,0
,,,,,12.41336,0.442695,,0,0,0,0
,,,,,10.62061,0.038815,,0,0,0,0
,,,,,8.831327,-0.871115,,0,0,0,0
,,,,,9.115905,-0.518396,,0,0,0,0
,,,,,11.26478,-0.763988,,0,0,0,0
,,,,,11.63431,0.30112,,0,0,0,0
,,,,,12.39,0.307249,,0,0,0,0
,,,,,10.62269,-0.872891,,0,0,0,0
,,,,,10.84228,-0.523774,,0,0,0,0
,,,,,9.688351,-0.704557,,0,0,0,0
,,,,,9.774691,1.081939,,0,0,0,0
,,,,,10.50347,-0.258826,,0,0,0,0
,,,,,10.74286,-0.001227,,0,0,0,0
,,,,,10.45416,0.701196,,0,0,0,0
,,,,,10.85193,-0.016576,,0,0,0,0
,,,,,12.19033,-0.633602,,0,0,0,0
,,,,,10.1528,-1.116394,,0,0,0,0
,,,,,9.345376,-1.223486,,0,0,0,0
,,,,,9.984202,0.193272,,0,0,0,0
,,,,,9.743194,-0.973011,,0,0,0,0
,,,,,12.99409,1.087956,,0,0,0,0
,,,,,13.02943,0.11206,,0,0,0,0
,,,,,11.71981,-1.09284,,0,0,0,0
,,,,,12.58824,0.016349,,0,0,0,0
,,,,,10.64554,1.077435,,0,0,0,0
,,,,,9.95724,0.599265,,0,0,0,0
,,,,,11.19285,-0.498874,,0,0,0,0
,,,,,10.02857,0.380387,,0,0,0,0
,,,,,8.450935,-0.619989,,0,0,0,0
,,,,,8.510574,-0.689972,,0,0,0,0
,,,,,12.33231,-0.19463,,0,0,0,0
,,,,,11.48399,-0.264081,,0,0,0,0
,,,,,12.43067,0.124849,,0,0,0,0
,,,,,12.50873,0.027006,,0,0,0,0
,,,,,10.38008,-1.004026,,0,0,0,0
,,,,,10.50145,0.514169,,0,0,0,0
,,,,,9.680894,-0.015236,,0,0,0,0
,,,,,9.880026,-1.265176,,0,0,0,0
,,,,,10.95823,0.381951,,0,0,0,0
,,,,,9.520536,-0.027324,,0,0,0,0
,,,,,9.828176,-0.351999,,0,0,0,0
,,,,,9.971749,0.935747,,0,0,0,0
,,,,,9.547324,-0.432724,,0,0,0,0
,,,,,12.0484,0.923959,,0,0,0,0
,,,,,12.07535,-0.587707,,0,0,0,0
,,,,,10.82342,-0.341973,,0,0,0,0
,,,,,12.34644,-0.660395,,0,0,0,0
,,,,,7.411207,-1.147921,,0,0,0,0
,,,,,10.14547,-0.153947,,0,0,0,0
,,,,,9.827695,0.347421,,0,0,0,0
,,,,,12.61992,-0.548058,,0,0,0,0
,,,,,12.78015,-0.75177,,0,0,0,0
,,,,,11.49478,-1.149678,,0,0,0,0
,,,,,11.44836,-0.759534,,0,0,0,0
,,,,,12.42347,-0.539989,,0,0,0,0
,,,,,12.75708,0.278646,,0,0,0,0
,,,,,12.90353,-0.122286,,0,0,0,0
,,,,,10.65709,-0.23664,,0,0,0,0
,,,,,10.53035,0.102306,,0,0,0,0
,,,,,9.573286,-0.423307,,0,0,0,0
,,,,,9.55744,0.085088,,0,0,0,0
,,,,,10.27969,0.034092,,0,0,0,0
,,,,,11.61351,-1.028584,,0,0,0,0
,,,,,12.30231,0.252721,,0,0,0,0
,,,,,11.74181,-0.26594,,0,0,0,0
,,,,,11.59178,-0.033527,,0,0,0,0
,,,,,12.75078,-0.449814,,0,0,0,0
,,,,,9.66714,-0.604582,,0,0,0,0
,,,,,8.380027,-0.030086,,0,0,0,0
,,,,,11.44071,0.235566,,0,0,0,0
,,,,,10.47638,-0.208113,,0,0,0,0
,,,,,12.54079,-0.766165,,0,0,0,0
,,,,,11.73013,-0.572897,,0,0,0,0
,,,,,9.762413,-0.128697,,0,0,0,0
,,,,,11.96247,-0.123997,,0,0,0,0
,,,,,10.9725,-0.298585,,0,0,0,0
,,,,,10.5835,-0.371682,,0,0,0,0
,,,,,11.5696,1.211421,,0,0,0,0
,,,,,8.307185,0.075842,,0,0,0,0
,,,,,10.20388,0.424952,,0,0,0,0
,,,,,11.13968,0.161678,,0,0,0,0
,,,,,8.448258,-0.928811,,0,0,0,0
,,,,,9.983448,-0.715303,,0,0,0,0
,,,,,11.36662,-0.449468,,0,0,0,0
,,,,,9.741911,0.343132,,0,0,0,0
,,,,,12.6432,-0.220142,,0,0,0,0
,,,,,12.63887,-0.034314,,0,0,0,0
,,,,,10.54967,0.340751,,0,0,0,0
,,,,,11.45024,-0.398557,,0,0,0,0
,,,,,10.11931,-0.143409,,0,0,0,0
,,,,,10.00165,-0.896512,,0,0,0,0
,,,,,11.42986,-0.290531,,0,0,0,0
,,,,,10.50931,0.460003,,0,0,0,0
,,,,,9.749412,0.173289,,0,0,0,0
,,,,,12.72653,-0.556251,,0,0,0,0
,,,,,12.1155,-0.530438,,0,0,0,0
,,,,,9.555211,0.249832,,0,0,0,0
,,,,,11.67065,-1.023545,,0,0,0,0
,,,,,12.30054,-0.5251,,0,0,0,0
,,,,,12.53217,0.191751,,0,0,0,0
,,,,,9.567145,0.406217,,0,0,0,0
,,,,,11.1707,-0.612489,,0,0,0,0
,,,,,12.38175,0.043761,,0,0,0,0
,,,,,10.12888,-0.546439,,0,0,0,0
,,,,,9.678589,-0.194597,,0,0,0,0
,,,,,12.58054,0.011551,,0,0,0,0
,,,,,11.79854,-0.804801,,0,0,0,0
,,,,,10.4441,-0.486976,,0,0,0,0
,,,,,9.030249,0.22224,,0,0,0,0
,,,,,11.6818,-1.431398,,0,0,0,0
,,,,,12.45908,-0.677701,,0,0,0,0
,,,,,12.38566,-0.553208,,0,0,0,0
,,,,,11.79,0.14384,,0,0,0,0
,,,,,11.853,-0.948245,,0,0,0,0
,,,,,10.49671,-0.4706,,0,0,0,0
,,,,,12.55836,-0.362155,,0,0,0,0
,,,,,11.69475,-0.186145,,0,0,0,0
,,,,,11.0717,-0.451041,,0,0,0,0
,,,,,10.71225,-0.766337,,0,0,0,0
,,,,,12.38404,-0.761032,,0,0,0,0
,,,,,10.49624,-0.512427,,0,0,0,0
,,,,,10.59014,-0.002601,,0,0,0,0
,,,,,10.55043,-0.797411,,0,0,0,0
,,,,,10.58203,-0.452655,,0,0,0,0
,,,,,10.5866,0.270887,,0,0,0,0
,,,,,11.83561,-0.734125,,0,0,0,0
,,,,,12.67865,-0.08564,,0,0,0,0
,,,,,12.52431,-0.70706,,0,0,0,0
,,,,,9.727825,-0.837009,,0,0,0,0
,,,,,10.51104,-0.748547,,0,0,0,0
,,,,,11.99566,0.340265,,0,0,0,0
,,,,,12.70951,-0.6347,,0,0,0,0
,,,,,10.82745,-0.731448,,0,0,0,0
,,,,,12.67054,-0.537664,,0,0,0,0
,,,,,11.5999,-0.081612,,0,0,0,0
,,,,,12.52295,0.596597,,0,0,0,0
,,,,,12.47796,0.37246,,0,0,0,0
,,,,,12.47151,0.420837,,0,0,0,0
,,,,,10.1098,-0.744674,,0,0,0,0
,,,,,11.01444,-1.426527,,0,0,0,0
,,,,,11.23066,-0.309979,,0,0,0,0
,,,,,10.63747,0.559327,,0,0,0,0
,,,,,10.96093,0.808545,,0,0,0,0
,,,,,11.25468,0.372669,,0,0,0,0
,,,,,12.19297,0.301027,,0,0,0,0
,,,,,11.31046,-0.634622,,0,0,0,0
,,,,,9.302231,-0.865171,,0,0,0,0
,,,,,9.652273,-0.02312,,0,0,0,0
,,,,,11.43852,-0.742008,,0,0,0,0
,,,,,10.75527,0.363891,,0,0,0,0
,,,,,12.52822,0.415843,,0,0,0,0
,,,,,10.58771,-0.72714,,0,0,0,0
,,,,,12.35781,0.5069,,0,0,0,0
,,,,,11.37326,0.51244,,0,0,0,0
,,,,,9.73634,0.659109,,0,0,0,0
,,,,,9.2433,0.282527,,0,0,0,0
,,,,,11.24746,-0.935141,,0,0,0,0
,,,,,11.36019,-0.558478,,0,0,0,0
,,,,,9.222473,1.013321,,0,0,0,0
,,,,,9.889841,-0.823548,,0,0,0,0
,,,,,12.63388,0.577386,,0,0,0,0
,,,,,12.42448,-0.022262,,0,0,0,0
,,,,,8.903348,-1.236795,,0,0,0,0
,,,,,10.62231,,,0,0,0,0
,,,,,11.00336,,,0,0,0,0
,,,,,11.69919,,,0,0,0,0
