Interval,Time
126.7841,81.50834666692651
2.6455,81.54170666692686
1.1567,81.52502666692669
1.0701,81.55838666692702
1.1982,81.57506666692719
1.3454,81.59175666692714
2.3048,81.6084366669273
1.9686,81.62514666692726
1.4074,81.64186666692747
1.3248,81.65853666692739
1.1101,81.67524666692735
1.1788,81.69195666692733
0.9387,81.70864666692727
0.9221,81.72532666692743
0.8339,81.7420066669276
0.7816,81.75870666692778
0.9169,81.77539666692773
0.9178,81.79204666692763
0.9417,81.80869666692755
1.206,81.82538666692749
1.5754,81.85866666692775
1.0076,81.84202666692762
0.9627,81.87533666692767
0.7121,81.89201666692784
0.6433,81.90873666692805
0.6736,81.92542666692799
0.7105,81.94212666692817
0.7393,81.95880666692834
0.6896,81.97550666692852
0.7161,81.99222666692873
0.6464,82.00892666692891
0.6404,82.02561666692887
0.6206,82.04230666692881
0.709,82.05898666692897
0.6284,82.07565666692891
0.7444,82.0923066669288
1.0136,82.10896666692896
0.676,82.12564666692913
0.6936,82.14229666692903
0.8373,82.15892666692892
0.9926,82.17558666692906
0.9915,82.192256666929
1.2545,82.20891666692914
0.9684,82.24225666692946
0.7203,82.25892666692938
0.627,82.27559666692932
0.6681,82.2255966669293
0.589,82.29226666692924
1.0867,82.30895666692918
0.605,82.32563666692936
0.5403,82.34231666692952
0.5657,82.35899666692968
0.6371,82.37568666692962
0.6315,82.3923666669298
0.6018,82.40903666692972
0.5638,82.42571666692989
0.5723,82.44239666693005
0.5456,82.45908666693
0.5456,82.47576666693017
0.5648,82.49244666693033
0.6932,82.5091266669305
0.9293,82.52579666693043
1.1125,82.54246666693035
1.6069,82.55913666693029
1.3179,82.57581666693045
0.8934,82.59248666693037
0.9302,82.62584666693071
0.5824,82.60916666693055
0.5924,82.64252666693088
0.6659,82.65920666693104
0.6626,82.6758866669312
0.7165,82.69256666693138
0.6687,82.70924666693155
0.6644,82.72591666693147
0.6561,82.74259666693165
0.6608,82.75928666693159
0.6756,82.77596666693175
0.6263,82.79264666693192
0.7299,82.80931666693185
0.6275,82.82599666693201
0.6018,82.84266666693193
0.5702,82.85934666693211
0.667,82.87602666693228
0.5917,82.89271666693222
0.8837,82.90939666693238
8.9824,82.92606666693231
16.2376,82.94274666693248
17.0042,82.95942666693264
16.2477,82.97610666693281
17.2296,82.99278666693299
16.7962,83.00948666693317
15.4565,83.02617666693311
16.5012,83.04286666693305
16.3222,83.05954666693323
16.9788,83.0762266669334
17.5936,83.09291666693333
16.2653,83.1095966669335
18.8567,83.12626666693343
16.2766,83.1429466669336
16.2732,83.15962666693376
17.1435,83.17628666693392
16.2033,83.19295666693384
15.4821,83.20962666693376
20.2983,83.22630666693394
14.2948,83.2429866669341
14.8898,83.25965666693402
17.8388,83.27632666693395
16.4949,83.2930166669339
16.7446,83.30970666693383
15.4657,83.326386666934
17.7417,83.34307666693395
16.7909,83.35975666693412
16.5078,83.37643666693428
16.4591,83.39312666693424
15.6464,83.4098066669344
16.798,83.42649666693434
16.2889,83.4431766669345
16.7306,83.45984666693444
16.9163,83.47651666693436
16.3737,83.49319666693452
19.047,83.5098766669347
14.9203,83.52655666693487
16.0742,83.54323666693503
16.9018,83.55990666693495
16.5259,83.57658666693513
17.7886,83.59326666693529
15.7262,83.60995666693523
16.7817,83.6266366669354
16.5598,83.64331666693558
16.4015,83.65999666693574
16.956,83.6766766669359
16.5614,83.69336666693584
16.7687,83.71004666693602
31.1969,83.72672666693619
11.102,83.74341666693613
9.7588,83.76008666693606
14.712,83.77676666693623
17.0904,83.79347666693619
16.3753,83.81015666693635
16.7371,83.82683666693652
16.5515,83.8435166669367
16.9668,83.86021666693688
16.7135,83.87689666693704
16.9062,83.89361666693725
16.5436,83.91028666693717
16.1485,83.92697666693712
16.6175,83.94365666693729
16.8985,83.96033666693745
16.7272,83.97704666693741
17.0937,83.99372666693758
17.2613,84.01043666693755
16.9247,84.02711666693772
15.3559,84.04379666693788
18.1671,84.06047666693804
16.5578,84.077186666938
16.2667,84.09387666693796
16.7007,84.11055666693812
16.1082,84.12722666693804
16.3267,84.14389666693798
16.6047,84.16059666693816
16.4288,84.17723666693828
16.7472,84.1938866669382
16.7229,84.21057666693814
17.2255,84.22721666693828
17.4733,84.24386666693817
16.647,5.0165633333404545
16.7225,5.033223333340604
16.6164,5.0499033333407715
16.6549,5.066543333340902
16.7347,5.08322333334107
16.5885,5.0998633333412
16.7049,5.116563333341386
16.7351,5.133243333341554
16.6279,5.14994333334174
16.6261,5.166623333341907
16.7081,5.183323333342094
16.7448,5.200013333342038
16.6208,5.216723333342001
16.6384,5.233403333342168
16.5478,5.2501133333421315
16.7743,5.2667933333422985
16.7395,5.283433333342429
16.5932,5.300123333342373
16.6484,5.316793333342299
16.7146,5.333503333342262
16.6824,5.3501733333421875
16.6813,5.366843333342112
16.7159,5.38352333334228
16.5917,5.400243333342485
16.6766,5.416913333342411
16.7932,5.4335933333425785
16.346,5.450303333342541
16.6781,5.466983333342709
16.7722,5.483643333342858
16.4707,5.500293333342764
16.8136,5.516993333342951
16.7023,5.533693333343137
16.5447,5.550353333343286
16.8486,5.567003333343193
16.7588,5.583663333343342
16.6074,5.60034333334351
16.637,5.617023333343678
16.7772,5.633683333343826
16.4089,5.650363333343994
16.8128,5.667073333343956
16.6206,5.683743333343882
16.601,5.7004533333438445
16.6832,5.717163333343808
16.6845,5.733833333343733
16.6765,5.750523333343677
16.5995,5.767203333343845
16.7575,5.783883333344012
16.599,5.800583333344199
16.761,5.8173033333444035
16.6447,5.8339533333443105
16.6643,5.850633333344478
16.6402,5.867263333344367
16.6948,5.883933333344292
16.6595,5.9006133333444595
16.8896,5.917303333344404
16.4328,5.933993333344348
16.6681,5.950643333344255
16.6374,5.9673333333441985
16.7887,5.983963333344087
16.6529,6.0006333333440125
16.5467,6.0172833333439195
16.6785,6.033993333343882
16.7844,6.050653333344031
16.5191,6.067343333343976
16.7073,6.083993333343882
16.735,6.10067333334405
16.6963,6.117363333343994
16.6072,6.13406333334418
16.5761,6.150783333344385
16.7553,6.167473333344329
16.7933,6.184153333344497
16.3292,6.200803333344403
16.8013,6.217483333344571
16.7561,6.23414333334472
16.5023,6.250853333344683
16.8425,6.2675233333446085
16.5713,6.284193333344534
16.5841,6.3008433333444405
16.6802,6.317523333344608
16.8242,6.334213333344553
16.4883,6.3509333333447575
16.8213,6.367613333344925
16.6797,6.38428333334485
16.569,6.400983333345037
16.846,6.417683333345223
16.5991,6.434363333345391
16.5924,6.451043333345559
16.7563,6.467713333345484
16.7808,6.4843633333453905
16.5164,6.501063333345577
17.0909,6.5177033333457075
16.3129,6.534403333345894
16.5816,6.55110333334608
16.5608,6.567773333346006
16.7862,6.584443333345931
16.5224,6.6011133333458565
16.7679,6.617793333346024
17.0981,6.63449333334621
16.2565,6.651183333346155
16.6248,6.667863333346322
16.7503,6.684583333346527
16.5276,6.701253333346452
16.701,6.717913333346601
16.8075,6.734593333346769
16.5387,6.751263333346695
16.675,6.7679833333468995
16.708,6.784663333347067
16.64,6.801353333347011
16.7346,6.81801333334716
16.6384,6.834683333347086
16.7106,6.851323333347216
16.8142,6.867993333347142
16.5783,6.884673333347309
16.7452,6.901363333347254
16.5962,6.918013333347161
16.6341,6.934673333347309
16.6831,6.951353333347477
16.5498,6.968033333347645
16.7605,6.984743333347607
16.6474,7.001393333347514
16.794,7.018083333347459
16.5795,7.034763333347626
16.5544,7.0514633333478125
16.8252,7.068153333347756
16.5453,7.08486333334772
16.5259,7.101563333347905
17.4621,7.118243333348073
15.9926,7.134883333348204
16.5948,7.151533333348111
16.7333,7.168223333348054
16.7159,7.184913333347999
16.5495,7.201593333348166
17.5738,7.218253333348315
15.8512,7.234913333348464
16.5785,7.251563333348371
16.7486,7.268203333348501
16.6891,7.284893333348446
16.5744,7.301613333348651
16.6161,7.318303333348594
16.7646,7.334993333348539
16.6118,7.351653333348688
17.0311,7.3683733333488926
18.1315,7.3850533333490604
15.2343,7.401723333348985
16.4583,7.418433333348949
17.0115,7.435113333349116
16.511,7.4517833333490415
16.4252,7.468453333348967
16.6692,7.485113333349116
16.6067,7.501813333349302
16.6625,7.518533333349508
17.0033,7.535203333349433
16.556,7.5518833333496005
16.5728,7.568563333349768
16.3409,7.585243333349935
16.5635,7.601953333349899
16.7124,7.618663333349861
16.7388,7.635343333350029
16.5898,7.652033333349973
16.6322,7.668673333350103
17.1548,7.6853133333502335
16.3396,7.701993333350401
16.5892,7.718663333350327
16.7683,7.735383333350532
16.5885,7.7520533333504575
16.6869,7.7687333333506245
16.6591,7.785393333350774
16.6036,7.802043333350681
16.7476,7.818773333350662
16.6335,7.835473333350849
16.6486,7.8521433333507735
16.7523,7.8687933333506805
16.7006,7.885483333350625
16.5744,7.902133333350532
16.7023,7.91879333335068
16.7255,7.935433333350812
16.6894,7.952143333350774
16.571,7.968833333350718
17.0429,7.985493333350867
16.2588,8.002143333350775
16.7419,8.018853333350737
16.7838,8.035533333350905
16.2855,8.052213333351071
16.8745,8.068883333350998
16.8447,8.085583333351183
16.2536,8.10228333335137
16.7308,8.118963333351537
16.7862,8.135643333351705
16.5202,8.152293333351611
16.7466,8.168983333351557
16.5969,8.185633333351463
16.5705,8.202353333351668
16.6841,8.219063333351631
17.8992,8.235753333351575
15.4232,8.252443333351518
16.7577,8.269113333351445
16.7399,8.285773333351594
16.8773,8.302473333351779
16.6974,8.319183333351743
16.668,8.33586333335191
16.7014,8.352573333351874
16.7492,8.369213333352004
16.6841,8.385853333352134
16.5672,8.402513333352283
16.6249,8.419183333352208
16.7381,8.435883333352395
16.563,8.452543333352544
16.6429,8.46922333335271
16.7713,8.485873333352618
16.4608,8.502553333352786
16.8949,8.519233333352954
16.654,8.53591333335312
16.5531,8.552633333353326
16.892,8.56932333335327
16.4673,8.586003333353437
16.664,8.602703333353624
16.7596,8.619393333353567
16.6197,8.636083333353511
16.6041,8.652763333353679
16.8998,8.669443333353847
16.3904,8.686103333353996
16.326,8.702783333354164
16.7868,8.71943333335407
16.6601,8.736113333354238
16.5092,8.752803333354182
16.6323,8.76945333335409
17.1151,8.786143333354033
17.018,8.802783333354164
16.7652,8.81948333335435
16.7696,8.836153333354275
16.4847,8.852863333354238
16.7251,8.869563333354424
16.6625,8.886233333354351
17.3681,8.902913333354517
16.414,8.919593333354685
16.4001,8.936253333354834
16.4429,8.952903333354742
16.7252,8.969583333354908
16.6846,8.986233333354816
16.1751,9.00292333335476
16.6724,9.019593333354685
16.6471,9.036273333354853
16.8054,9.05295333335502
16.9809,9.069663333354983
16.292,9.086353333354928
16.6585,9.103033333355095
16.6655,9.119733333355281
16.6357,9.13641333335545
16.4815,9.153123333355412
16.642,9.16980333335558
16.638,9.186473333355504
16.5621,9.203123333355412
16.7002,9.219823333355599
16.6655,9.236513333355543
17.5525,9.253153333355673
15.7973,9.269843333355617
16.8392,9.286503333355766
16.5357,9.30319333335571
16.6602,9.319853333355859
16.6721,9.336553333356045
16.6097,9.353213333356194
16.6596,9.36988333335612
17.7534,9.386533333356027
15.6513,9.403163333355915
16.7728,9.419873333355877
16.7904,9.436553333356045
16.3983,9.453233333356213
16.6321,9.469923333356157
16.7212,9.4866133333561
16.398,9.503263333356008
16.9862,9.519983333356214
16.8579,9.536673333356157
16.7223,9.553363333356101
16.6654,9.570063333356288
16.7675,9.586703333356418
16.6109,9.60341333335638
16.7151,9.620133333356586
16.5955,9.636793333356735
16.5649,9.653483333356679
16.7575,9.670163333356847
17.0889,9.686803333356977
16.7072,9.70352333335718
16.7076,9.720193333357107
16.679,9.736863333357032
17.0718,9.753573333356995
16.39,9.770213333357125
16.4566,9.786853333357255
16.6744,9.803533333357423
20.2358,9.820183333357331
12.3572,9.836863333357497
16.4742,9.853553333357443
16.709,9.870193333357573
16.8249,9.886903333357536
16.6708,9.90357333335746
16.6696,9.920223333357368
16.6465,9.936903333357535
16.429,9.953583333357702
16.7176,9.97026333335787
17.0134,9.986953333357814
16.3337,10.003633333357982
16.8375,10.020333333358169
16.5864,10.037043333358131
16.5263,10.053693333358039
16.951,10.070383333357983
17.0179,10.08706333335815
16.732,10.103773333358113
16.2939,10.120443333358038
17.5507,10.137143333358225
15.7867,10.15381333335815
16.695,10.170513333358336
16.7687,10.187163333358242
16.6576,10.20381333335815
16.7324,10.220493333358318
16.6935,10.23720333335828
17.7023,10.253893333358224
15.1849,10.270583333358168
16.5361,10.287283333358355
16.7727,10.303963333358523
17.0722,10.320653333358466
16.5468,10.33734333335841
16.6709,10.354023333358578
17.3728,10.370723333358765
17.1119,10.387413333358708
16.1824,10.404073333358857
16.6046,10.420743333358784
16.783,10.437403333358933
16.3933,10.454073333358858
17.3307,10.470753333359026
16.7206,10.48742333335895
16.4015,10.5040833333591
17.1756,10.520793333359062
16.452,10.53747333335923
16.3565,10.554153333359398
17.2555,10.570843333359342
16.4236,10.587543333359529
16.5056,10.604203333359678
16.8912,10.620893333359621
16.519,10.637543333359528
16.7025,10.654253333359492
16.531,10.670923333359417
16.5903,10.687573333359323
16.8179,10.70425333335949
16.5455,10.720953333359677
15.5796,10.737613333359826
16.7028,10.754293333359994
16.7458,10.770973333360162
17.3152,10.787663333360106
16.5585,10.804343333360274
16.8124,10.821013333360199
16.3576,10.837693333360367
15.9736,10.854373333360535
16.7331,10.871033333360684
17.0599,10.887693333360833
16.825,10.904393333361018
16.6698,10.921093333361204
16.6221,10.937763333361131
16.6697,10.954443333361297
16.6101,10.971153333361261
16.6663,10.987813333361409
16.6123,11.004503333361354
16.7637,11.021183333361522
16.7297,11.037853333361447
16.3653,11.054523333361372
16.8423,11.071183333361521
16.8084,11.08781333336141
16.9176,11.104533333361614
16.9511,11.12122333336156
16.5466,11.137913333361503
16.6488,11.154593333361671
16.8396,11.171293333361856
16.3109,11.187983333361801
16.9667,11.204703333362005
16.5471,11.221403333362192
16.7088,11.23806333336234
16.4526,11.254753333362284
17.3511,11.271393333362415
15.6274,11.288063333362341
16.3326,11.304703333362472
16.9572,11.32138333336264
16.9735,11.338033333362546
17.2247,11.35470333336247
16.7317,11.371343333362601
17.0688,11.388023333362769
16.7196,11.404733333362731
16.7711,11.421443333362696
15.0445,11.438123333362862
16.9725,11.45477333336277
16.2887,11.471453333362938
16.7379,11.488133333363105
16.9354,11.504843333363068
16.4477,11.521523333363236
16.7438,11.538203333363402
16.6172,11.554873333363329
16.8198,11.571563333363272
16.4879,11.588213333363178
16.4446,11.604893333363346
16.6461,11.62158333336329
17.0019,11.638293333363254
16.5172,11.654983333363198
16.5515,11.671633333363104
17.3023,11.68833333336329
16.4037,11.705013333363459
17.0024,11.721703333363402
17.2437,11.73835333336331
16.171,11.755043333363254
16.2911,11.771723333363422
16.8617,11.788423333363607
16.151,11.805073333363515
17.1066,11.821773333363701
16.5273,11.838473333363886
16.4224,11.855133333364035
16.6225,11.871813333364203
16.9663,11.88851333336439
17.3049,11.905213333364577
16.3337,11.921883333364502
16.4342,11.938593333364464
16.6273,11.955273333364632
16.836,11.971983333364594
16.2974,11.988633333364502
17.6548,12.005323333364446
15.6536,12.022003333364614
16.9304,12.038703333364799
16.3633,12.05534333336493
16.9504,12.072023333365097
16.7347,12.088723333365284
16.8161,12.105373333365192
16.601,12.122023333365098
16.8624,12.138703333365266
16.477,12.155383333365434
16.9794,12.172053333365358
16.2043,12.188733333365526
16.6791,12.20542333336547
16.4525,12.222093333365395
17.5087,12.238773333365563
16.406,12.25544333336549
18.3006,12.272123333365656
15.1592,12.288823333365842
16.1972,12.30547333336575
16.8403,12.322173333365935
16.6306,12.338843333365862
16.789,12.355553333365824
17.2902,12.37222333336575
16.4073,12.388913333365693
18.2592,12.4055633333656
15.1575,12.42222333336575
16.9731,12.438923333365937
16.4518,12.455583333366086
17.1511,12.472263333366252
16.6665,12.48891333336616
16.7346,12.505573333366309
16.5981,12.52221333336644
16.7707,12.538873333366588
16.5919,12.555543333366513
17.0984,12.572253333366476
16.3197,12.588953333366662
15.1797,12.605613333366811
16.9235,12.62229333336698
16.7587,12.638973333367147
16.8179,12.655693333367351
16.5224,12.672383333367296
16.6623,12.689083333367481
16.5035,12.705773333367427
16.8429,12.72246333336737
17.2967,12.739153333367314
16.2418,12.755833333367482
16.6352,12.772523333367426
16.6831,12.78921333336737
16.8395,12.805903333367315
16.5305,12.822543333367445
16.949,12.83924333336763
16.31,12.85590333336778
16.917,12.872573333367706
16.638,12.889253333367874
16.7396,12.905923333367799
16.7842,12.922583333367948
16.461,12.939283333368135
16.38,12.955973333368078
16.6195,12.972633333368227
16.9087,12.98934333336819
16.7606,13.006013333368115
16.6612,13.022713333368301
16.5364,13.039403333368245
16.9063,13.056073333368172
16.6852,13.072753333368338
17.2843,13.089463333368302
16.1273,13.106113333368208
16.6705,13.122773333368357
16.6393,13.139463333368301
16.4847,13.156113333368209
16.8275,13.172783333368134
16.668,13.189443333368283
16.7156,13.206113333368208
16.8928,13.22282333336817
16.4787,13.239473333368078
16.8394,13.256143333368003
18.0455,13.272833333367947
15.3478,13.289533333368134
16.3473,13.306203333368058
16.9672,13.322913333368023
16.4523,13.339583333367948
17.014,13.356303333368153
16.3418,13.37298333336832
17.7587,13.389663333368487
17.3473,13.406343333368655
17.2796,13.422993333368563
15.6264,13.439693333368748
16.4003,13.456363333368675
15.2761,13.473053333368618
16.7122,13.489703333368524
17.2557,13.506403333368711
16.1491,13.523043333368841
16.9139,13.539743333369028
16.6871,13.556413333368953
16.5883,13.573103333368897
16.4821,13.589803333369083
16.9546,13.606453333368991
16.9608,13.623123333368916
16.9777,13.63981333336886
16.6729,13.656533333369065
16.2883,13.673193333369214
16.7076,13.689873333369382
16.9898,13.70655333336955
16.421,13.723243333369494
16.7803,13.739913333369419
16.0211,13.756583333369344
16.8919,13.77325333336927
16.6864,13.789933333369438
16.8236,13.806623333369382
16.5383,13.823283333369531
17.1384,13.839963333369699
16.8054,13.856673333369661
16.5509,13.873343333369586
16.5136,13.889993333369494
16.5549,13.90667333336966
16.9319,13.923373333369847
16.5136,13.94006333336979
16.5404,13.956733333369717
16.5118,13.973413333369885
16.6932,13.990093333370051
16.6523,14.00677333337022
16.6279,14.023423333370127
16.7526,14.040093333370052
16.9284,14.05677333337022
16.3596,14.073443333370145
16.9676,14.090093333370053
17.0479,14.106763333369978
17.0829,14.12347333336994
16.4041,14.14013333337009
16.453,14.156823333370033
16.5106,14.173513333369979
16.4918,14.190193333370145
16.3093,14.206863333370071
17.1034,14.223573333370034
16.75,14.240283333369996
16.2915,14.25697333336994
16.9063,14.273673333370127
17.8053,14.290323333370033
15.3351,14.30699333336996
16.7254,14.323643333369866
17.1609,14.340353333369828
16.2095,14.357033333369996
16.538,14.373713333370164
17.0366,14.390383333370089
16.6025,14.407063333370257
16.4234,14.423743333370425
18.3663,14.440403333370574
15.2355,14.45710333337076
16.8273,14.473803333370947
16.3633,14.490483333371113
16.9813,14.507123333371243
16.7181,14.52379333337117
30.5772,14.540473333371338
9.1196,14.557143333371263
10.4347,14.573833333371207
16.4886,14.590533333371393
16.5795,14.607253333371599
16.9003,14.623923333371524
16.3514,14.640583333371673
16.9354,14.65728333337186
16.8458,14.673993333371822
16.2537,14.690683333371766
16.8536,14.707393333371728
16.6731,14.724093333371915
16.8824,14.740783333371859
16.815,14.757463333372026
16.2954,14.774113333371934
16.5088,14.790773333372083
17.0056,14.807483333372046
16.2764,14.824143333372195
16.9595,14.84081333337212
16.592,14.857483333372045
17.0651,14.874173333371989
16.6484,14.890853333372156
16.5996,14.907493333372287
16.5228,14.924173333372455
16.3441,14.940843333372381
16.6426,14.957533333372325
16.8251,14.974183333372231
17.1036,14.990903333372437
16.3375,15.007553333372343
16.6975,15.02423333337251
16.5492,15.0408633333724
17.0499,15.057543333372568
16.4316,15.074213333372493
16.9062,15.09089333337266
16.3146,15.107573333372828
17.088,15.124273333373013
16.3386,15.140953333373181
16.7261,15.15758333337307
17.0078,15.174303333373274
16.2448,15.190983333373442
17.0166,15.207703333373647
16.3622,15.224353333373553
16.7047,15.241043333373499
16.7863,15.257693333373405
16.5561,15.274373333373573
17.5458,15.291033333373722
15.7352,15.307703333373647
17.1556,15.32441333337361
16.5326,15.341063333373517
16.7418,15.35777333337348
16.2848,15.374423333373386
16.9956,15.391133333373348
16.6592,15.407833333373535
16.4432,15.424523333373479
18.3602,15.441203333373647
14.9652,15.457883333373815
16.708,15.474563333373982
16.6283,15.491213333373889
17.3267,15.507893333374057
16.2598,15.524543333373964
16.7903,15.541253333373927
16.3689,15.557903333373833
16.6738,15.574563333373982
16.9439,15.591273333373945
16.7657,15.607943333373871
16.5476,15.624643333374056
16.7178,15.64135333337402
16.5678,15.658043333373964
16.5225,15.674713333373889
17.8137,15.691413333374076
15.5092,15.708083333374
16.53,15.724763333374169
17.2876,15.741433333374093
17.1907,15.758113333374261
16.3824,15.774813333374448
16.6653,15.791473333374597
16.622,15.808123333374503
16.6525,15.82479333337443
16.9465,15.841503333374392
16.3706,15.858163333374542
16.9493,15.87484333337471
16.4251,15.891513333374634
16.6026,15.908193333374802
17.0835,15.924863333374727
16.3541,15.941523333374876
16.6488,15.958203333375044
16.7888,15.974893333374988
16.7255,15.991573333375156
16.9498,16.008253333375322
16.4265,16.02494333337527
16.5812,16.041603333375416
16.9994,16.058323333375622
16.5135,16.075013333375566
16.5185,16.09166333337547
16.8169,16.108373333375436
16.1145,16.125053333375604
16.9878,16.14175333337579
16.3403,16.158433333375957
16.8479,16.175073333376087
16.8326,16.191753333376255
16.4134,16.208433333376423
17.0049,16.225073333376553
17.0112,16.241763333376497
16.2666,16.258443333376665
17.5461,16.275103333376812
15.1803,16.29178333337698
16.5979,16.30843333337689
16.7861,16.325113333377058
16.8345,16.341823333377018
16.573,16.358503333377186
16.9086,16.37521333337715
16.5557,16.39192333337711
17.318,16.4086233333773
16.732,16.425303333377464
16.3723,16.442003333377652
16.5973,16.45868333337782
18.0733,16.475373333377764
15.34,16.492083333377728
16.6985,16.508743333377875
16.7352,16.52544333337806
16.2887,16.54209333337797
16.7737,16.558753333378117
16.9225,16.575423333378044
16.4232,16.592103333378212
16.5379,16.608753333378118
17.0491,16.625443333378062
16.4856,16.64211333337799
16.808,16.65878333337791
16.437,16.67546333337808
16.944,16.692133333378006
16.3511,16.708813333378174
16.7193,16.725483333378097
16.9379,16.742153333378024
17.1303,16.758863333377988
16.407,16.775553333377932
17.1056,16.792223333377855
16.6601,16.808903333378023
16.6356,16.825563333378174
16.6981,16.84224333337834
17.1755,16.858933333378285
16.3439,16.875613333378453
16.6427,16.89229333337862
16.992,16.90897333337879
16.2644,16.925623333378695
17.041,16.942303333378863
16.3265,16.95897333337879
16.9987,16.975673333378975
16.5733,16.9923433333789
16.9262,17.009043333379086
16.0418,17.025683333379217
15.6409,17.042353333379143
16.9613,17.059063333379104
16.9269,17.075743333379272
17.0456,17.092453333379236
15.9472,17.109133333379404
16.9581,17.125853333379606
16.7099,17.142543333379553
16.1305,17.159233333379497
16.9626,17.175913333379665
16.6996,17.19260333337961
16.7597,17.209323333379814
16.5704,17.225993333379737
16.7892,17.24268333337968
16.6419,17.25934333337983
16.3577,17.27601333337976
17.7998,17.29265333337989
15.7575,17.30929333338002
16.876,17.325973333380183
16.3089,17.342633333380334
16.84,17.359323333380278
16.4871,17.375963333380408
16.8721,17.392643333380576
16.4437,17.409293333380482
16.6352,17.425953333380633
17.0055,17.442663333380594
16.5211,17.459353333380538
16.8871,17.4760633333805
16.1954,17.49274333338067
16.8508,17.509413333380596
16.6461,17.526073333380744
17.0094,17.54277333338093
16.9294,17.559443333380855
17.2966,17.576113333380782
17.0664,17.592833333380987
16.3886,17.609483333380894
17.3769,17.62616333338106
16.5884,17.64282333338121
17.055,17.659523333381397
16.2217,17.67621333338134
17.0925,17.692913333381526
16.4941,17.709593333381694
16.464,17.72625333338184
16.866,17.74293333338201
16.5656,17.75958333338192
16.7381,17.77625333338184
16.7617,17.79293333338201
16.6493,17.809613333382178
17.054,17.826293333382345
16.4004,17.842963333382272
16.9231,17.859663333382457
16.6291,17.876343333382625
16.3789,17.89303333338257
17.5443,17.909743333382533
15.9109,17.926413333382456
14.652,17.943103333382403
16.736,17.959773333382326
17.6759,17.97648333338229
16.3229,17.993143333382438
17.37,18.00983333338238
16.5154,18.026473333382512
16.8961,18.04315333338268
17.0181,18.059833333382848
15.5012,18.07652333338279
16.516,18.093213333382735
16.9365,18.10993333338294
16.7098,18.126643333382905
16.3855,18.14329333338281
16.7197,18.159963333382738
16.6609,18.176643333382906
16.6687,18.193323333383074
17.6262,18.21000333338324
16.2754,18.226703333383426
16.4529,18.243343333383557
18.0007,18.260023333383725
15.7728,18.27669333338365
17.0702,18.293363333383574
15.0905,18.310043333383742
16.8652,18.326733333383686
16.5085,18.343413333383854
17.2894,18.36008333338378
16.7309,18.376753333383707
17.6183,18.393413333383855
16.7643,18.4101033333838
16.6087,18.426773333383725
17.0741,18.443443333383648
16.3879,18.4601033333838
16.8396,18.476803333383984
16.6632,18.49347333338391
16.7829,18.510173333384095
16.2414,18.526853333384263
17.1433,18.54355333338445
16.5383,18.56023333338462
16.3093,18.576903333384543
17.1638,18.593613333384507
16.4665,18.61028333338443
16.6705,18.626963333384598
16.6532,18.64362333338475
16.8489,18.660323333384934
16.4405,18.676963333385064
16.8642,18.69367333338503
16.9154,18.710353333385196
16.4499,18.727063333385157
14.9718,18.743763333385346
16.6093,18.760423333385493
16.6787,18.77709333338542
17.1605,18.79380333338538
16.5814,18.810483333385548
16.656,18.827153333385475
16.7249,18.84385333338566
17.6156,18.86051333338581
16.7023,18.877163333385717
16.7213,18.893823333385868
16.49,18.910483333386015
16.6164,18.92715333338594
17.0284,18.943863333385902
16.4486,18.960523333386053
16.6226,18.97720333338622
16.8389,18.99388333338639
16.9111,19.01059333338635
16.4402,19.027283333386293
17.0615,19.04395333338622
16.8675,19.060613333386367
16.336,19.077293333386535
16.3329,19.0940033333865
16.941,19.110663333386647
16.4178,19.127343333386815
16.5617,19.14401333338674
16.8702,19.160713333386926
16.3696,19.177353333387057
15.8051,19.194013333387208
16.8383,19.210733333387413
16.8417,19.22741333338758
16.4182,19.244133333387786
16.4578,19.260783333387693
16.7514,19.277453333387616
18.4768,19.294123333387542
14.9908,19.31080333338771
16.8168,19.327483333387878
16.2208,19.344163333388046
16.8126,19.360843333388214
16.9934,19.377513333388137
16.8828,19.394193333388305
17.9174,19.410833333388435
16.2729,19.427513333388603
16.8369,19.444223333388567
16.6136,19.46091333338851
16.2725,19.477603333388455
17.1541,19.49425333338836
15.5343,19.51093333338853
16.2015,19.527613333388697
17.0076,19.54430333338864
16.7068,19.561023333388846
16.6096,19.57774333338905
17.5329,19.594443333389236
16.8136,19.611093333389146
16.4452,19.627753333389293
16.6193,19.64442333338922
16.7729,19.661103333389388
16.8658,19.677803333389573
16.4394,19.694493333389516
16.7492,19.711163333389443
16.435,19.727803333389573
17.1694,19.74446333338972
16.1974,19.76112333338987
16.6439,19.777823333390057
16.8028,19.794503333390224
16.334,19.811193333390168
16.7737,19.827893333390357
16.5755,19.844553333390504
16.6317,19.86122333339043
16.7935,19.877873333390337
16.6783,19.894553333390505
16.9854,19.91124333339045
16.6698,19.927953333390413
16.8878,19.94460333339032
16.677,19.961293333390262
16.6376,19.97795333339041
16.5645,19.99460333339032
16.6683,20.011273333390243
16.6166,20.02795333339041
17.3722,20.044673333390616
16.6685,20.06139333339082
16.1109,20.078043333390728
16.8441,20.094713333390654
16.8865,20.111393333390822
16.5828,20.128093333391007
16.865,20.144813333391212
16.3666,20.161503333391156
16.4908,20.1781933333911
16.7663,20.194883333391044
16.718,20.21153333339095
15.5684,20.22817333339108
16.3835,20.244843333391007
17.2398,20.261513333390933
16.8043,20.278223333390894
17.8732,20.294883333391045
15.0711,20.311553333390968
16.3652,20.328233333391136
16.7386,20.344903333391063
16.655,20.36157333339099
16.9413,20.378273333391174
16.3741,20.394953333391342
17.5139,20.411643333391286
16.7433,20.428313333391213
15.7334,20.44496333339112
17.2575,20.461673333391083
16.2864,20.47833333339123
19.5458,20.495043333391195
14.7172,20.51173333339114
16.4353,20.5284433333911
16.3337,20.54509333339101
17.81,20.56180333339097
16.5063,20.578483333391137
16.8555,20.595183333391322
16.3739,20.61186333339149
16.8549,20.62850333339162
16.5108,20.645173333391547
16.5549,20.661813333391677
15.454,20.678483333391604
16.9968,20.69513333339151
16.4793,20.711813333391678
16.7072,20.728473333391825
16.6497,20.745143333391752
16.4514,20.761793333391658
16.9259,20.778473333391826
16.8443,20.795173333392015
16.5801,20.81186333339196
16.6021,20.828553333391902
16.9443,20.845253333392087
16.377,20.861923333392014
16.918,20.8786233333922
16.4746,20.895293333392125
17.7913,20.912003333392086
15.8347,20.928703333392274
16.484,20.945393333392218
16.7194,20.962063333392145
16.6354,20.978733333392068
16.7327,20.995413333392236
17.4155,21.012093333392404
15.7936,21.028783333392347
16.9742,21.04547333339229
16.4076,21.062143333392218
17.7217,21.078793333392124
16.5199,21.095453333392275
16.8234,21.11214333339222
16.3457,21.128803333392366
17.4558,21.14551333339233
16.3912,21.162183333392257
16.7971,21.178843333392404
16.7311,21.19554333339259
15.472,21.21220333339274
16.5897,21.228893333392683
16.8123,21.24557333339285
16.4931,21.26225333339302
16.5466,21.278913333393167
18.062,21.295593333393334
15.6935,21.312283333393278
16.3715,21.328963333393446
16.75,21.345643333393614
16.646,21.362303333393765
16.5102,21.378963333393912
16.8733,21.39563333339384
17.3117,21.412353333394044
16.3564,21.429033333394212
16.8939,21.44571333339438
17.019,21.46242333339434
16.5267,21.47908333339449
17.0232,21.495763333394656
16.5373,21.512433333394583
15.7291,21.52911333339475
17.0246,21.545823333394715
16.4005,21.56251333339466
16.904,21.579173333394806
16.6161,21.59586333339475
16.8053,21.612573333394714
16.6722,21.62925333339488
16.4032,21.64591333339503
17.3019,21.662613333395218
16.0467,21.67930333339516
16.3208,21.695973333395088
17.0112,21.712623333394994
16.6713,21.729303333395162
16.6767,21.74596333339531
16.6209,21.762633333395236
16.7156,21.779283333395142
17.1519,21.79596333339531
16.2455,21.812643333395478
17.1594,21.829343333395663
16.2964,21.84601333339559
17.0345,21.862733333395795
16.4782,21.879443333395756
17.3031,21.89615333339572
16.4294,21.912853333395905
16.5667,21.92954333339585
16.529,21.946223333396016
17.1451,21.962903333396184
16.5384,21.979603333396373
17.2375,21.996243333396503
16.5593,22.012953333396464
16.5915,22.029613333396615
16.5878,22.04626333339652
17.0852,22.06294333339669
16.3699,22.079613333396615
16.6675,22.09629333339678
16.9841,22.113003333396744
16.5266,22.12966333339689
16.4039,22.146323333397042
17.0292,22.163023333397227
16.5626,22.179703333397395
16.795,22.19641333339736
16.6616,22.21312333339732
16.6237,22.22978333339747
16.5372,22.246443333397618
17.0566,22.263143333397807
16.694,22.279823333397974
16.2082,22.296493333397898
17.6219,22.313173333398066
15.5799,22.329833333398216
17.1039,22.346513333398384
16.5034,22.363183333398307
16.4902,22.379833333398217
17.0015,22.39652333339816
16.9727,22.413223333398346
16.0555,22.429863333398476
16.7691,22.446503333398606
16.6892,22.463183333398774
16.5654,22.479863333398942
16.7571,22.49653333339887
17.6044,22.513213333399037
17.548,22.529873333399184
14.8853,22.546553333399352
16.7223,22.5632133333995
16.8155,22.579883333399426
16.6092,22.59657333339937
16.6558,22.613253333399538
16.7662,22.62994333339948
17.3964,22.646653333399446
16.1639,22.663333333399613
16.7142,22.67999333339976
16.9523,22.69665333339991
16.5135,22.713343333399855
16.5887,22.73001333339978
17.0105,22.746723333399743
16.5166,22.76339333339967
16.647,22.780083333399613
16.6698,22.796753333399536
16.6233,22.813403333399446
17.0358,22.830113333399407
16.6152,22.84680333339935
16.462,22.863483333399518
16.9057,22.880173333399462
16.3712,22.89686333339941
15.8868,22.913543333399573
16.3384,22.930253333399538
17.5984,22.946953333399723
16.4196,22.96363333339989
16.5635,22.98031333340006
17.1113,22.996993333400226
16.2143,23.013653333400377
17.7287,23.030373333400583
15.6916,23.04703333340073
16.6174,23.063703333400657
16.7586,23.080343333400787
17.1221,23.096993333400693
16.4,23.113633333400823
16.1234,23.13033333340101
16.5666,23.147003333400935
16.6071,23.16365333340084
16.8343,23.18033333340101
16.6514,23.196983333400915
16.962,23.21369333340088
16.8022,23.230413333401085
16.5953,23.24711333340127
16.4975,23.263803333401214
16.4665,23.280493333401157
16.8696,23.297153333401308
17.2764,23.313873333401514
17.5859,23.3305733334017
14.7268,23.347253333401866
16.6416,23.363923333401793
16.6376,23.3805733334017
16.8,23.39721333340183
17.1551,23.413913333402014
16.1319,23.430593333402182
17.0869,23.447303333402147
16.6416,23.464013333402107
16.3343,23.480653333402238
16.684,23.49731333340239
16.749,23.513993333402556
16.6717,23.530673333402724
17.9045,23.547353333402892
15.5685,23.56403333340306
16.4751,23.58067333340319
16.8841,23.597353333403355
16.6396,23.614013333403506
16.7999,23.630673333403653
16.8838,23.64735333340382
16.6858,23.664073333404026
16.3712,23.680753333404194
16.9277,23.69746333340416
16.5015,23.714163333404343
16.6429,23.73083333340427
16.8723,23.74754333340423
17.4229,23.764213333404157
15.3123,23.780883333404084
17.0427,23.797573333404028
16.6018,23.814273333404213
17.0377,23.83092333340412
16.5318,23.847603333404287
16.7901,23.864283333404455
17.3269,23.880963333404623
15.7717,23.897683333404828
17.5233,23.914333333404734
17.4117,23.931033333404923
16.2485,23.947713333405087
16.9911,23.964393333405255
16.1549,23.98106333340518
17.3113,23.997773333405146
18.1144,24.01447333340533
14.6815,24.031123333405237
17.0254,24.04781333340518
16.308,24.06446333340509
17.1374,24.08117333340505
16.1462,24.0978333334052
17.2347,24.114543333405162
16.3833,24.13122333340533
16.5243,24.147903333405498
16.7943,24.16456333340565
16.7459,24.181233333405572
16.8394,24.197943333405536
16.3793,24.214593333405443
16.542,24.23127333340561
16.9644,24.24795333340578
16.5962,24.26466333340574
16.3979,24.28131333340565
16.7696,24.297963333405555
15.9137,24.314633333405478
17.5834,24.331303333405405
15.24,24.34797333340533
16.9312,24.36463333340548
16.6082,24.381303333405405
16.6219,24.397983333405573
16.4267,24.41463333340548
16.8201,24.431283333405386
17.1149,24.44799333340535
16.505,24.46470333340531
16.4073,24.48138333340548
17.2426,24.498053333405405
16.7592,24.514733333405573
16.9091,24.53141333340574
16.9404,24.548133333405946
16.3426,24.56480333340587
16.9653,24.581483333406037
16.4928,24.598163333406205
16.6593,24.61481333340611
16.6341,24.63146333340602
16.9755,24.648173333405982
16.5574,24.66487333340617
16.4594,24.681543333406093
16.6846,24.69821333340602
16.746,24.714863333405926
16.8529,24.731563333406115
16.431,24.748233333406038
17.1967,24.764933333406226
16.4202,24.781613333406394
16.714,24.79831333340658
16.781,24.814973333406726
15.7242,24.831633333406877
16.9896,24.848343333406838
16.365,24.865013333406765
16.7285,24.881693333406933
17.0549,24.89836333340686
16.2625,24.915053333406803
17.2072,24.931763333406764
16.4663,24.94848333340697
16.078,24.965133333406875
17.1889,24.981823333406822
16.5091,24.998523333407007
16.6418,25.015173333406914
16.7676,25.031883333406878
16.3743,25.0485533334068
17.0154,25.06525333340699
16.4715,25.081923333406912
17.0733,25.098573333406822
18.2226,25.11522333340673
14.7689,25.131913333406672
16.6914,25.14857333340682
16.5416,25.16523333340697
16.9367,25.18194333340693
16.5566,25.19859333340684
16.7957,25.2153033334068
16.8243,25.231963333406952
16.6976,25.248683333407158
16.2714,25.265333333407064
16.9259,25.282023333407007
16.4505,25.298703333407175
16.5464,25.315383333407343
18.7183,25.332053333407266
15.0977,25.348743333407214
16.2662,25.365423333407378
16.8415,25.38208333340753
16.823,25.398773333407473
16.7163,25.41542333340738
16.9887,25.432143333407584
16.4212,25.448833333407528
16.2664,25.465513333407696
16.9946,25.482213333407884
16.4042,25.49889333340805
16.7284,25.51553333340818
16.5983,25.532213333408347
16.9623,25.548903333408294
16.4731,25.56556333340844
17.0041,25.582263333408626
16.5503,25.598903333408757
16.7292,25.615563333408907
16.715,25.632273333408868
16.4287,25.64893333340902
16.5383,25.665613333409187
16.8503,25.682293333409355
16.9686,25.699003333409316
16.4173,25.715673333409242
16.6169,25.73235333340941
16.861,25.749003333409316
16.4449,25.765683333409484
16.9208,25.782363333409652
16.5092,25.7990233334098
16.7727,25.815703333409967
16.9967,25.832423333410173
16.6052,25.849133333410137
16.9621,25.865813333410305
16.1431,25.882483333410228
17.0435,25.899183333410416
16.3663,25.91587333341036
16.6576,25.932563333410304
16.8618,25.94924333341047
16.4482,25.96592333341064
16.6487,25.982603333410808
16.7078,25.999243333410938
16.7756,26.015893333410844
16.958,26.03256333341077
16.6054,26.049253333410714
16.4667,26.06591333341086
16.613,26.08259333341103
17.1755,26.099303333410994
16.4516,26.115973333410917
18.637,26.13268333341088
14.3211,26.149353333410808
17.1824,26.16606333341077
16.4103,26.182773333410733
16.4896,26.19943333341088
16.5734,26.216103333410807
16.7199,26.232783333410975
16.9069,26.249463333411143
16.6536,26.266103333411273
17.0201,26.28278333341144
16.6009,26.29941333341133
16.8098,26.316093333411494
16.8214,26.332773333411662
16.581,26.34944333341159
17.6429,26.366123333411757
15.476,26.3828133334117
16.3413,26.39949333341187
16.9908,26.416193333412053
16.6275,26.43287333341222
16.3784,26.449533333412372
17.304,26.46621333341254
16.5091,26.482913333412725
16.7932,26.499593333412893
16.5216,26.51626333341282
16.7223,26.53297333341278
16.6172,26.549653333412948
16.9019,26.566353333413137
16.142,26.583003333413043
16.8525,26.59968333341321
17.0441,26.616413333413192
16.9373,26.633133333413397
16.3472,26.649793333413545
16.74,26.66648333341349
16.5329,26.683173333413432
16.7281,26.69982333341334
16.3162,26.71648333341349
16.6764,26.733133333413395
16.6021,26.749813333413563
16.758,26.76649333341373
16.9,26.783153333413882
16.7954,26.799823333413805
16.4299,26.81651333341375
17.1096,26.83315333341388
16.6682,26.849843333413823
16.0947,26.86651333341375
16.7673,26.883203333413693
16.6837,26.89988333341386
16.8324,26.91656333341403
16.9249,26.933263333414217
16.4414,26.949923333414365
16.8961,26.966603333414533
16.3131,26.9832833334147
16.9473,26.99999333341466
16.9947,27.01667333341483
16.1216,27.033363333414773
16.6423,27.05004333341494
17.8446,27.066763333415146
16.5915,27.08347333341511
16.7893,27.100163333415054
16.7005,27.11683333341498
16.3354,27.133483333414887
18.0166,27.150163333415055
15.3003,27.16681333341496
16.7164,27.183463333414867
16.9976,27.200163333415055
16.4686,27.21683333341498
16.7667,27.23349333341513
16.7572,27.250173333415297
16.6593,27.26686333341524
16.4481,27.28354333341541
16.8841,27.300223333415577
16.4016,27.3168933334155
16.6844,27.333563333415427
17.0646,27.35026333341561
17.5747,27.366923333415762
15.0875,27.383653333415744
16.2111,27.400323333415667
16.738,27.416973333415577
16.7582,27.433613333415707
16.6125,27.450293333415875
16.6307,27.466973333416043
17.1707,27.483693333416245
16.314,27.500373333416412
16.6241,27.51705333341658
16.6635,27.533723333416507
16.9466,27.550393333416434
16.77,27.567103333416394
16.1426,27.583783333416562
17.2704,27.600493333416527
16.2312,27.61718333341647
16.8221,27.633863333416638
16.9321,27.65053333341656
16.4605,27.667223333416505
16.87,27.683903333416673
16.3936,27.70058333341684
16.9538,27.717253333416767
16.3294,27.733903333416674
16.8662,27.750613333416638
16.5656,27.767263333416544
16.7578,27.78393333341647
16.7651,27.800633333416656
16.2608,27.817293333416806
16.6838,27.83396333341673
16.8013,27.850633333416656
16.5717,27.86733333341684
16.5137,27.883983333416747
16.9584,27.900673333416695
16.5616,27.917313333416825
16.8719,27.93401333341701
16.8364,27.950713333417195
16.2985,27.967363333417104
16.6692,27.98402333341725
16.7646,28.000713333417195
16.5563,28.017383333417122
16.6837,28.03404333341727
16.5765,28.050723333417437
17.0177,28.067403333417605
16.511,28.08409333341755
17.0255,28.100773333417717
16.5391,28.117443333417643
16.3173,28.134133333417587
17.0635,28.15084333341755
18.3235,28.167543333417736
14.6155,28.184223333417904
16.7363,28.200903333418072
16.8123,28.21758333341824
16.5481,28.234243333418387
16.6687,28.250923333418555
16.9788,28.267603333418723
16.4002,28.28427333341865
16.544,28.300953333418818
17.1639,28.31764333341876
16.6406,28.334333333418705
16.6601,28.35103333341889
18.0095,28.367713333419058
15.1881,28.384393333419226
17.2053,28.40109333341941
15.9733,28.41777333341958
16.7798,28.43443333341973
16.5993,28.451113333419897
16.6788,28.467793333420065
17.6212,28.48446333341999
16.5718,28.50110333342012
16.7606,28.51776333342027
16.5197,28.534443333420437
16.2126,28.551153333420398
16.6709,28.567843333420345
16.551,28.58451333342027
16.8253,28.601213333420457
16.4357,28.61789333342062
16.594,28.634563333420548
17.0923,28.65125333342049
16.3042,28.667943333420435
16.7206,28.684613333420362
16.9418,28.701323333420326
16.5645,28.71799333342025
16.4816,28.73464333342016
16.8822,28.751333333420103
16.5246,28.76798333342001
16.5836,28.784663333420177
17.0843,28.801373333420138
16.5055,28.818023333420047
16.8677,28.834733333420008
16.3545,28.85142333341995
17.024,28.868113333419895
16.3747,28.884773333420046
16.6467,28.90144333341997
16.6305,28.918113333419896
17.1189,28.934793333420064
16.934,28.95149333342025
16.6424,28.968183333420196
17.0858,28.98487333342014
16.2996,29.001553333420308
16.3845,29.01822333342023
17.1173,29.034893333420158
16.5483,29.051603333420122
16.4027,29.068293333420065
17.0254,29.08501333342027
16.7172,29.101733333420473
16.5067,29.118393333420624
16.4441,29.135033333420754
17.0052,29.151723333420698
16.3399,29.168373333420604
17.6176,29.185053333420772
15.8889,29.201703333420678
17.1162,29.218383333420846
16.5642,29.23509333342081
16.4008,29.251743333420716
16.5168,29.268383333420847
16.9396,29.28508333342103
16.4111,29.30177333342098
16.8873,29.318453333421143
16.5008,29.33512333342107
17.0148,29.351823333421258
16.25,29.36849333342118
17.6883,29.385143333421087
15.5413,29.401793333420997
16.8933,29.418503333420958
16.3232,29.435173333420884
17.0241,29.45187333342107
16.5122,29.468583333421034
16.3572,29.48524333342118
17.1392,29.501963333421386
16.6479,29.51865333342133
16.6661,29.535333333421498
16.5041,29.552033333421686
16.5851,29.56870333342161
16.6102,29.58534333342174
16.9807,29.602053333421704
16.6648,29.618723333421627
16.5564,29.635373333421537
16.9212,29.652073333421722
16.4381,29.668713333421852
16.7457,29.68538333342178
16.3858,29.702063333421947
16.8405,29.718723333422094
16.7104,29.735413333422038
16.5147,29.752093333422206
18.0276,29.76878333342215
16.0806,29.78542333342228
16.588,29.802093333422206
16.7147,29.818743333422113
17.1088,29.8354433334223
16.6985,29.852123333422465
16.499,29.868813333422413
16.837,29.885513333422598
17.0099,29.902183333422524
16.1794,29.918873333422468
16.749,29.935523333422374
16.5674,29.952213333422318
16.7811,29.968893333422486
16.8475,29.98560333342245
16.3704,30.002263333422597
17.1202,30.018963333422782
16.2104,30.03564333342295
17.0192,30.052323333423118
16.4977,30.069003333423286
16.0742,30.08569333342323
16.582,30.102393333423418
16.434,30.119073333423586
17.0511,30.135783333423547
16.5355,30.152453333423473
16.8433,30.169163333423434
16.4432,30.185793333423323
17.2981,30.20246333342325
16.1314,30.219123333423397
17.2069,30.235803333423565
16.0087,30.252463333423716
16.7122,30.269113333423622
17.4841,30.28579333342379
16.6456,30.302453333423937
16.0644,30.319113333424088
16.0254,30.33575333342422
17.1288,30.352453333424403
18.4766,30.369153333424592
14.9279,30.38583333342476
16.6805,30.402513333424928
16.6729,30.41918333342485
16.7014,30.435873333424794
16.6247,30.45254333342472
16.7167,30.469213333424648
16.6542,30.485893333424816
16.7286,30.50258333342476
16.5764,30.519253333424682
16.7236,30.535913333424833
16.8563,30.552583333424757
16.6966,30.56929333342472
16.3443,30.58597333342489
17.24,30.602643333424815
16.5168,30.619353333424776
16.7131,30.63606333342474
17.3319,30.6527733334247
15.9639,30.66945333342487
16.4255,30.686123333424796
16.5706,30.702803333424963
16.7763,30.71948333342513
16.8473,30.736153333425055
17.0541,30.75286333342502
16.2606,30.769553333424962
16.805,30.78622333342489
16.6408,30.802893333424812
16.4971,30.819543333424722
16.6571,30.836213333424645
17.2141,30.852893333424813
16.8855,30.86957333342498
16.6555,30.886263333424925
16.9763,30.90295333342487
16.6837,30.919633333425036
16.3804,30.936313333425204
16.6531,30.95298333342513
16.6369,30.969643333425278
17.0486,30.986353333425242
16.7071,31.003073333425448
16.2664,31.019753333425616
17.0185,31.036463333425576
16.5334,31.053143333425744
16.8666,31.069833333425688
16.5748,31.086503333425615
16.4472,31.103183333425783
16.8717,31.119883333425967
16.6561,31.136583333426156
16.0878,31.153223333426286
16.8175,31.169883333426434
16.3917,31.186573333426377
16.5863,31.203223333426287
19.2679,31.21989333342621
14.6578,31.2365233334261
16.8041,31.253183333426247
16.2904,31.269853333426173
17.1031,31.2865233334261
16.549,31.303183333426247
16.5833,31.31987333342619
16.6725,31.336533333426342
16.7371,31.35321333342651
18.5991,31.369913333426695
14.6517,31.386593333426863
17.3621,31.403303333426827
16.5812,31.41999333342677
16.5107,31.436663333426694
16.3437,31.453323333426844
16.8275,31.47003333342681
16.6401,31.486733333426994
16.4851,31.503423333426937
17.4093,31.520123333427122
16.5523,31.53679333342705
16.1025,31.553463333426976
16.9264,31.570143333427144
16.625,31.586833333427087
16.5536,31.60352333342703
16.5583,31.6202033334272
16.971,31.636873333427125
16.391,31.65356333342707
16.8683,31.670233333426992
16.5204,31.6868833334269
16.2072,31.703553333426825
17.1822,31.72026333342679
16.3438,31.736913333426696
16.9999,31.75360333342664
16.2346,31.770273333426566
17.1138,31.78697333342675
16.6489,31.803663333426694
16.7897,31.820323333426845
16.8738,31.837033333426806
16.5757,31.85372333342675
16.241,31.870403333426918
16.9003,31.887083333427086
16.6842,31.90379333342705
16.4139,31.920443333426956
16.8318,31.93714333342714
16.5204,31.95380333342729
16.9046,31.97047333342722
16.4302,31.987133333427366
16.9656,32.00380333342729
16.508,32.02047333342722
16.8781,32.037173333427404
16.7179,32.05384333342733
16.8137,32.07053333342727
16.2539,32.08721333342744
16.9384,32.10391333342763
16.5639,32.12059333342779
16.7012,32.13727333342796
16.451,32.15395333342813
17.0413,32.170643333428075
16.5052,32.187333333428015
16.5265,32.203993333428166
17.0996,32.22069333342835
16.4297,32.23734333342826
16.952,32.254053333428224
16.3286,32.27070333342813
16.9965,32.28741333342809
16.3287,32.304063333428
16.9739,32.320773333427965
16.5746,32.337443333427885
16.4594,32.35411333342781
17.6082,32.37079333342798
15.4112,32.38743333342811
17.0033,32.404143333428074
17.1187,32.420783333428204
16.509,32.43746333342837
16.6373,32.45411333342828
16.4843,32.47083333342848
16.4734,32.48750333342841
16.8754,32.50415333342831
16.8305,32.520853333428505
17.2962,32.53753333342867
16.4924,32.55424333342863
16.4847,32.57087333342852
16.989,32.58759333342873
16.3274,32.60427333342889
17.0073,32.62097333342908
16.5505,32.63763333342923
16.9308,32.65433333342941
16.365,32.67102333342936
16.7229,32.68768333342951
15.9943,32.70435333342943
17.136,32.72104333342938
16.3009,32.73773333342932
16.6425,32.75437333342945
17.1099,32.77108333342942
16.4144,32.78773333342932
16.8339,32.80442333342926
16.2613,32.82106333342939
16.9945,32.837763333429585
16.4499,32.85444333342975
16.6304,32.8711333334297
16.9265,32.887803333429616
17.2735,32.90448333342979
15.9737,32.921173333429735
16.7405,32.93783333342988
16.5993,32.954523333429826
16.6378,32.97118333342998
16.7764,32.98787333342992
17.0267,33.00455333343009
16.2743,33.02123333343025
16.5258,33.03791333343042
17.0346,33.054583333430344
16.4879,33.07127333343029
16.8525,33.087973333430476
16.7118,33.1046433334304
16.7787,33.12135333343036
16.5789,33.138063333430324
16.298,33.154723333430475
17.0845,33.17141333343042
16.4779,33.18810333343036
16.6639,33.204783333430534
16.587,33.221443333430685
17.9882,33.238113333430604
15.2806,33.254773333430755
16.9627,33.27147333343094
16.5632,33.288123333430846
16.6932,33.30476333343098
16.9321,33.321453333430924
16.8195,33.33813333343109
16.1811,33.354803333431015
18.033,33.371483333431186
15.3136,33.38818333343137
16.4112,33.404863333431535
16.9984,33.4215733334315
16.5533,33.43822333343141
16.8692,33.45493333343137
16.5729,33.47162333343132
16.9584,33.4883233334315
16.7624,33.50499333343143
16.3955,33.52166333343135
17.0196,33.538353333431296
16.4855,33.55502333343122
16.5473,33.57169333343115
16.9451,33.588363333431076
16.3623,33.60504333343124
17.0581,33.621723333431405
16.6115,33.6384233334316
16.3542,33.65508333343174
16.6548,33.671733333431646
16.7589,33.68841333343182
17.0129,33.70507333343197
16.9541,33.72176333343191
15.8511,33.73844333343208
16.7272,33.75509333343199
16.5058,33.77177333343215
16.7513,33.78841333343228
16.6305,33.80506333343219
17.0521,33.82174333343236
16.8265,33.838443333432544
16.6824,33.85513333343249
16.6033,33.871813333432655
16.7023,33.88846333343256
16.9583,33.90518333343277
16.559,33.92186333343294
16.4752,33.9385433334331
17.1305,33.95526333343331
16.4484,33.971953333433255
16.744,33.988663333433216
16.7724,34.005353333433156
16.33,34.02202333343308
17.041,34.03874333343329
16.4082,34.055433333433236
16.8413,34.07209333343338
16.622,34.08879333343357
16.7663,34.105493333433756
16.6802,34.12213333343389
16.7962,34.13880333343381
16.4495,34.15545333343372
16.8421,34.172133333433884
16.5923,34.18882333343383
16.8209,34.20549333343376
16.5952,34.2221833334337
18.5797,34.23888333343388
15.0166,34.255543333434034
16.541,34.272223333434205
16.5769,34.28890333343437
16.8908,34.305573333434296
16.6026,34.32224333343422
17.1211,34.33892333343439
16.4545,34.35560333343456
18.56,34.372253333434465
14.9167,34.388943333434405
16.6717,34.405583333434535
16.1218,34.42230333343474
16.3163,34.43897333343467
16.8001,34.45565333343483
17.5573,34.472353333435024
17.4139,34.48903333343519
15.2577,34.505683333435094
16.3234,34.52235333343502
17.0617,34.539073333435226
16.2678,34.55572333343513
16.6062,34.572403333435304
16.7798,34.589043333435434
16.7242,34.605713333435354
17.0056,34.622413333435546
16.2618,34.639083333435465
17.0487,34.65579333343543
16.5043,34.67248333343537
16.8702,34.68919333343534
16.7146,34.70586333343526
16.3306,34.72254333343543
16.7769,34.73925333343539
16.7285,34.75595333343558
16.8888,34.772623333435504
16.5733,34.789303333435676
16.1121,34.80598333343584
17.0048,34.822633333435746
16.8464,34.83932333343569
16.4619,34.855963333435824
16.6696,34.87261333343573
17.0473,34.88932333343569
16.841,34.90599333343562
16.2186,34.92265333343577
16.7941,34.93936333343573
16.9187,34.956053333435676
16.41,34.972743333435616
16.488,34.98942333343579
16.9752,35.00611333343573
16.8495,35.02283333343593
17.1126,35.039513333436105
17.1455,35.056203333436045
16.4455,35.07287333343597
16.4628,35.08956333343592
16.9735,35.106263333436104
17.0583,35.12294333343627
16.188,35.13964333343645
16.5895,35.156343333436645
16.6451,35.17299333343655
16.7103,35.189653333436695
16.8486,35.20636333343666
16.556,35.22302333343681
16.6028,35.23969333343673
17.69,35.25636333343666
15.4152,35.272993333436546
17.1646,35.28966333343647
15.497,35.3063033334366
16.7162,35.32296333343675
16.9772,35.339673333436714
16.3457,35.35634333343664
16.9566,35.37301333343657
18.0335,35.389683333436494
15.1184,35.40636333343666
16.6975,35.42304333343683
16.9975,35.439763333437035
16.5299,35.456433333436955
16.4396,35.4731233334369
16.7359,35.489803333437074
16.8263,35.50645333343698
16.5086,35.523133333437144
16.9384,35.539813333437316
16.5939,35.55647333343746
16.4953,35.57315333343763
16.7385,35.58982333343756
16.6433,35.606473333437464
16.8477,35.62314333343739
16.4564,35.63981333343731
17.0915,35.65652333343728
16.588,35.67322333343746
16.4268,35.68990333343763
16.8887,35.70655333343753
16.477,35.723253333437725
16.6383,35.739923333437645
17.1311,35.75664333343785
16.5929,35.77334333343804
16.4572,35.79001333343796
16.4055,35.80669333343813
16.8912,35.82333333343826
16.592,35.84001333343843
16.413,35.856703333438375
17.0897,35.87342333343858
16.6895,35.89011333343852
16.8121,35.90681333343871
16.6624,35.92345333343884
16.5654,35.94010333343875
16.8521,35.95681333343871
16.4729,35.973493333438874
17.0999,35.99021333343908
16.3389,36.00687333343923
17.3901,36.023573333439415
16.3932,36.04022333343932
16.8632,36.05691333343927
16.4448,36.073583333439196
16.8337,36.090293333439156
16.8944,36.10700333343912
16.2492,36.12365333343902
17.0992,36.14037333343923
16.4364,36.157023333439135
16.9874,36.1737333334391
16.5486,36.19041333343927
16.5821,36.20708333343919
16.7919,36.22375333343912
16.7001,36.24046333343908
16.3632,36.25712333343923
17.6628,36.27377333343914
15.6902,36.2904533334393
17.0724,36.307133333439474
16.4897,36.323823333439414
16.3867,36.34047333343933
16.6623,36.35711333343946
17.0509,36.37383333343966
17.1759,36.39049333343981
15.5639,36.407183333439754
16.5259,36.423893333439715
17.2132,36.44058333343966
16.3661,36.4572733334396
16.683,36.47393333343975
16.3985,36.49060333343968
17.0384,36.50731333343964
16.2757,36.52399333343981
16.6324,36.540653333439955
16.4713,36.55732333343988
17.0645,36.57399333343981
16.4185,36.590643333439715
16.8873,36.607353333439676
16.3616,36.62403333343985
16.6663,36.64069333344
16.5069,36.65736333343992
16.8663,36.674013333439824
16.5998,36.690693333439995
16.9992,36.70737333344016
16.4563,36.72406333344011
16.9169,36.74073333344003
16.4863,36.757423333439974
16.6087,36.774063333440104
16.8727,36.790763333440296
16.6828,36.80744333344046
16.844,36.82413333344041
16.6275,36.84081333344057
16.878,36.85751333344076
16.6501,36.87418333344068
16.6329,36.890863333440855
16.3921,36.907523333441
16.7903,36.924213333440946
16.499,36.940903333440886
16.6268,36.95755333344079
16.9491,36.974253333440984
16.8484,36.990923333440904
16.8985,37.007623333441096
16.4197,37.02428333344124
16.9675,37.04098333344143
16.6137,37.05768333344162
16.8028,37.07439333344158
16.5976,37.091063333441504
16.3485,37.10773333344143
16.6088,37.124413333441595
16.7999,37.141073333441746
16.5831,37.15775333344191
17.0658,37.17444333344186
16.5077,37.19114333344204
16.9817,37.20779333344195
16.9447,37.22447333344212
16.4741,37.24111333344225
16.612,37.25778333344218
18.5471,37.27447333344212
15.3452,37.2911733334423
15.5038,37.30785333344247
16.9005,37.324563333442434
16.6156,37.34121333344234
16.376,37.35787333344249
16.9854,37.374573333442676
17.8541,37.39123333344283
15.7853,37.40794333344279
16.5875,37.42464333344297
16.7048,37.441343333443164
16.1575,37.45800333344331
16.9112,37.47470333344349
16.8013,37.491353333443406
16.0148,37.508023333443326
17.015,37.5247033334435
17.1892,37.54136333344365
16.2536,37.55804333344381
16.4101,37.57469333344372
17.0702,37.591343333443625
16.7016,37.608023333443796
16.7132,37.62472333344398
16.4149,37.64138333344413
16.7642,37.65808333344432
16.5141,37.67476333344448
16.9523,37.69146333344467
16.5532,37.70816333344486
16.8824,37.72487333344482
16.5831,37.741573333445004
16.9328,37.758253333445175
17.9568,37.774893333445306
16.6724,37.79155333344545
17.0109,37.80825333344564
16.4615,37.82492333344556
16.5806,37.84160333344573
17.156,37.8582833334459
16.6079,37.87496333344607
16.2939,37.891613333445974
16.5927,37.908273333446125
15.2592,37.924983333446086
16.4597,37.941673333446026
16.7989,37.95834333344595
17.045,37.9750333334459
16.5161,37.99172333344584
16.4631,38.00841333344579
16.6607,38.02507333344594
16.9619,38.04173333344608
16.9628,38.05842333344603
16.3854,38.075103333446194
16.9964,38.09177333344612
16.7991,38.10845333344629
16.8624,38.1251733334465
16.4852,38.14185333344666
16.3229,38.15851333344681
15.8536,38.17517333344696
17.0842,38.19184333344688
16.7334,38.20851333344681
17.5254,38.22519333344698
16.0566,38.24188333344692
16.3905,38.25854333344707
16.7985,38.275223333447244
18.28,38.291863333447374
15.3893,38.30851333344728
16.4824,38.325193333447444
16.6425,38.34189333344763
16.6768,38.3585733334478
16.9349,38.37528333344776
17.917,38.39194333344791
15.1321,38.40862333344808
16.6964,38.425313333448024
16.9068,38.44203333344823
16.7742,38.458753333448435
16.4121,38.475423333448354
17.0219,38.49214333344856
16.2958,38.50881333344849
16.5933,38.525503333448434
17.0619,38.542193333448374
16.7897,38.558893333448566
16.6474,38.57555333344871
16.6183,38.592223333448636
16.7624,38.60888333344879
16.4796,38.62552333344892
17.1201,38.64223333344888
16.4318,38.65889333344903
16.5165,38.675563333448956
16.691,38.69224333344912
16.8873,38.70891333344905
16.4368,38.7255733334492
17.1239,38.74228333344916
16.1355,38.75898333344934
16.9182,38.77568333344953
16.7328,38.792403333449734
16.5541,38.80905333344964
16.8804,38.82571333344979
16.3551,38.84240333344974
16.8736,38.85910333344992
16.9941,38.87578333345009
16.4343,38.89246333345026
17.2314,38.909133333450185
16.0081,38.92578333345009
17.0869,38.94245333345002
16.7291,38.95912333344994
16.4058,38.975833333449906
16.4563,38.99250333344983
16.4598,39.00917333344975
16.6204,39.0258333334499
16.8603,39.04248333344981
17.1299,39.059173333449756
16.8635,39.075863333449696
16.5043,39.09254333344987
16.5597,39.10918333345
17.2457,39.12587333344994
16.2594,39.14253333345009
16.5375,39.159223333450036
17.0891,39.17594333345024
16.7233,39.19264333345043
16.5663,39.20936333345063
16.428,39.22603333345056
16.8928,39.24271333345072
16.548,39.25940333345067
17.0063,39.276123333450876
18.3717,39.292793333450796
14.9846,39.30949333345099
16.4844,39.32617333345115
17.2741,39.34284333345108
16.5001,39.35952333345124
16.5073,39.37616333345137
16.9575,39.39286333345156
16.9706,39.40952333345171
14.9768,39.426193333451636
16.9964,39.44285333345179
16.4367,39.45950333345169
16.7462,39.4761533334516
16.655,39.49283333345176
16.6319,39.509493333451914
16.6832,39.52614333345182
17.1577,39.542863333452026
16.1458,39.55952333345218
16.8331,39.57620333345234
16.9696,39.59289333345229
16.5697,39.60955333345244
16.6372,39.6262633334524
16.5891,39.642963333452585
16.3825,39.659643333452756
17.0739,39.67635333345272
16.5343,39.693043333452664
16.8393,39.709683333452794
16.888,39.72638333345298
16.2679,39.743063333453144
16.6317,39.75973333345307
16.8071,39.77644333345303
16.7255,39.79311333345296
16.5567,39.80977333345311
16.5652,39.82646333345305
16.4719,39.84310333345318
17.6654,39.85980333345337
16.5331,39.876483333453535
16.683,39.893143333453686
16.4931,39.90982333345385
16.7667,39.92650333345402
17.1208,39.94319333345396
16.3226,39.95986333345389
16.7103,39.97654333345406
16.7907,39.993203333454204
16.638,40.009903333454396
16.4752,40.0265533334543
16.9549,40.04326333345426
15.8181,40.0599533334542
16.5001,40.076633333454375
17.2464,40.093343333454335
16.5341,40.110003333454486
16.5211,40.12667333345441
16.586,40.14336333345435
16.4809,40.1600533334543
16.6749,40.17671333345445
17.2993,40.193393333454615
17.0469,40.21007333345479
15.6639,40.22673333345493
16.9474,40.24343333345512
16.4194,40.26008333345503
16.7004,40.27674333345517
16.9546,40.293443333455365
16.539,40.310113333455284
17.0193,40.326813333455476
16.5492,40.34352333345544
16.4462,40.36021333345538
16.5474,40.37686333345529
16.9946,40.39357333345525
18.4127,40.41022333345516
14.9257,40.42693333345512
16.4189,40.44361333345529
16.6208,40.460263333455195
16.7402,40.47694333345536
17.0459,40.49363333345531
17.1785,40.51028333345521
16.7634,40.52695333345514
16.7666,40.543653333455325
16.5125,40.56030333345523
16.8061,40.577003333455416
16.0202,40.59365333345532
16.3315,40.61033333345549
16.6907,40.62701333345566
16.9343,40.64371333345584
16.6181,40.660363333455756
16.6304,40.67704333345592
16.7654,40.693743333456105
16.6389,40.710423333456276
16.8494,40.72714333345648
16.6017,40.74384333345667
16.3305,40.76052333345683
16.9324,40.7772333334568
16.4808,40.79392333345674
16.6027,40.810573333456645
17.1583,40.827283333456606
16.3572,40.84396333345678
17.0226,40.860653333456725
16.6166,40.87733333345689
16.255,40.893983333456795
17.0589,40.91066333345697
16.3283,40.92734333345713
16.9513,40.94401333345706
16.36,40.96069333345722
16.8602,40.97738333345717
16.6366,40.9940233334573
16.7782,41.01073333345726
16.5595,41.027383333457166
17.0339,41.04407333345711
16.731,41.060783333457074
16.863,41.077423333457205
16.7599,41.09414333345741
16.3634,41.110793333457316
16.1257,41.12746333345724
16.7288,41.14413333345717
17.0615,41.16084333345713
16.5306,41.17751333345706
16.8774,41.194183333456984
16.7113,41.21083333345689
17.0251,41.227513333457054
16.3201,41.244193333457225
17.0329,41.26087333345739
16.3674,41.277573333457575
18.5721,41.294253333457746
15.0939,41.31095333345793
16.6896,41.32760333345784
16.6653,41.344273333457764
16.8242,41.36097333345795
16.8822,41.377663333457896
16.3393,41.394303333458026
17.4054,41.41098333345819
15.1555,41.42761333345808
16.8921,41.444283333458
16.8148,41.46099333345797
16.5272,41.47765333345812
17.0434,41.49436333345808
16.3075,41.51103333345801
16.8421,41.52772333345795
16.3222,41.5443833334581
17.0447,41.561083333458285
16.3809,41.577763333458456
16.6773,41.59444333345862
16.8586,41.61111333345855
16.5201,41.627763333458454
16.579,41.6444533334584
16.7396,41.66110333345831
16.7722,41.67777333345823
16.6854,41.69442333345814
17.1359,41.71114333345834
16.4569,41.727833333458285
16.3425,41.74451333345846
17.0098,41.761233333458655
16.5057,41.7779233334586
16.9853,41.79464333345881
16.9079,41.81133333345875
16.6295,41.828043333458716
16.5205,41.8447433334589
16.2784,41.861423333459065
16.6054,41.878063333459195
17.1107,41.89473333345912
17.2312,41.91147333345935
16.4922,41.92815333345951
16.5698,41.944833333459684
17.048,41.96150333345961
16.2135,41.97817333345954
16.7045,41.99481333345967
16.8746,42.01149333345983
16.5849,42.02818333345978
16.777,42.04489333345974
16.4085,42.06156333345967
16.8546,42.078183333459776
16.9639,42.09486333345994
16.312,42.11154333346011
17.0194,42.12822333346028
16.1611,42.14490333346045
16.4601,42.16159333346039
16.8659,42.178283333460335
16.8636,42.194973333460275
16.4331,42.211633333460426
16.4506,42.22830333346035
16.8932,42.24500333346054
16.6177,42.261673333460465
16.9519,42.278383333460425
17.1456,42.29503333346033
17.8183,42.31170333346026
15.8213,42.328413333460226
16.3992,42.34507333346037
16.5333,42.36173333346052
16.424,42.37840333346045
16.8864,42.39508333346061
18.0439,42.41174333346076
14.7572,42.42839333346067
17.0656,42.445063333460595
16.6063,42.46174333346076
16.4387,42.47842333346093
17.3309,42.49509333346086
15.8622,42.51177333346102
16.6734,42.528453333461194
16.8646,42.54515333346138
16.4729,42.56184333346132
16.7167,42.578513333461245
16.5087,42.59519333346142
16.8012,42.61183333346155
16.8288,42.628503333461474
16.5663,42.64518333346164
16.4696,42.661833333461544
16.909,42.67850333346147
17.1812,42.695223333461676
16.5901,42.71192333346186
16.3429,42.72858333346201
17.5387,42.74529333346197
16.7306,42.761973333462144
16.566,42.77865333346231
16.7627,42.795373333462514
16.5888,42.81204333346244
16.8348,42.8287533334624
16.5423,42.84544333346235
16.5243,42.86208333346248
16.798,42.87874333346262
16.566,42.89543333346257
17.1411,42.912113333462734
16.0619,42.92881333346293
16.096,42.94550333346287
16.7418,42.96215333346277
16.8686,42.97886333346274
16.4927,42.99551333346265
17.5274,43.01218333346257
15.9508,43.02886333346274
16.8992,43.04556333346292
16.4259,43.06223333346285
16.8567,43.078903333462776
16.3124,43.09556333346293
17.3212,43.11227333346289
16.3298,43.12897333346307
16.8337,43.14562333346298
17.0017,43.162343333463184
16.5988,43.17903333346313
16.5191,43.195733333463316
16.0996,43.2123633334632
17.058,43.22906333346339
17.5808,43.24576333346358
16.7061,43.26247333346354
16.3982,43.279123333463446
16.8092,43.29580333346361
16.2951,43.31249333346356
18.3976,43.32913333346369
14.0991,43.345803333463614
16.9683,43.362463333463765
16.9372,43.37918333346396
16.5917,43.39587333346391
17.0358,43.41252333346382
17.4508,43.42917333346372
15.4852,43.44586333346367
16.7723,43.462543333463834
16.9579,43.47924333346402
16.4162,43.49595333346399
16.4437,43.51263333346415
17.3385,43.52934333346412
16.367,43.545993333464025
17.634,43.562663333463945
16.5682,43.57933333346387
16.9074,43.59603333346406
15.5582,43.61270333346398
16.6443,43.629383333464155
18.0137,43.64606333346432
14.9836,43.662713333464225
17.0592,43.67942333346419
16.348,43.69606333346432
17.227,43.71278333346453
16.6083,43.72945333346445
16.491,43.746163333464416
16.4484,43.76284333346458
16.8214,43.77953333346453
17.1965,43.796183333464434
17.8622,43.81285333346436
15.206,43.829533333464525
16.95,43.84620333346445
16.877,43.86290333346464
16.7737,43.87953333346452
16.7284,43.896213333464694
16.5594,43.9128633334646
16.8052,43.92952333346475
16.796,43.94619333346468
16.7109,43.96287333346484
16.6157,43.97953333346499
16.767,43.99620333346492
16.4766,44.012853333464825
16.5913,44.029543333464765
16.1011,44.04622333346494
16.9889,44.06292333346512
16.4322,44.07962333346531
16.6955,44.09630333346548
16.8158,44.11300333346566
16.505,44.12968333346583
16.6656,44.146363333466
17.0895,44.16307333346596
16.5321,44.179793333466165
16.7384,44.19648333346611
16.8541,44.2131833334663
16.8333,44.22987333346624
15.5484,44.24653333346639
17.4987,44.26323333346657
16.684,44.279893333466724
16.6209,44.29657333346689
16.6213,44.31325333346706
17.4744,44.329953333467245
16.6085,44.34662333346717
16.3164,44.3632633334673
16.7631,44.37993333346723
16.8142,44.396583333467134
16.4449,44.4132633334673
16.4624,44.429913333467205
15.7785,44.446593333467376
16.5597,44.46327333346754
16.9071,44.47998333346751
16.4722,44.49662333346764
16.6695,44.513273333467545
16.6942,44.529963333467485
16.608,44.54663333346741
17.1549,44.56334333346737
16.6535,44.58005333346734
16.6723,44.5967633334673
16.2603,44.613443333467465
17.219,44.63016333346767
16.3815,44.64681333346758
16.5949,44.663483333467504
16.8662,44.68017333346745
17.0336,44.69688333346741
16.5537,44.7135833334676
16.451,44.73022333346773
17.0136,44.7469033334679
16.826,44.76360333346808
16.5138,44.78028333346825
16.4094,44.79692333346838
16.9154,44.81362333346857
16.423,44.83031333346851
16.6775,44.84698333346844
17.0302,44.86366333346861
16.4174,44.880313333468514
16.6246,44.896983333468434
17.1774,44.91365333346836
16.5122,44.93029333346849
17.0074,44.94698333346844
16.4033,44.9636633334686
17.0817,44.980363333468794
16.2964,44.99704333346896
17.0341,45.01375333346892
16.3235,45.03039333346905
17.0058,45.047113333469255
16.4569,45.0638033334692
16.5218,45.08045333346911
16.6692,45.097123333469035
17.2055,45.11382333346922
16.2189,45.130503333469385
16.7217,45.14713333346928
16.3705,45.16383333346946
16.6336,45.1805233334694
16.4834,45.197203333469574
17.0266,45.21385333346948
16.6932,45.23052333346941
16.7095,45.24721333346935
16.6798,45.26389333346952
16.6576,45.280543333469424
15.8859,45.29722333346959
17.0208,45.313933333469556
16.6659,45.33061333346972
18.5032,45.34726333346963
15.1969,45.36398333346983
16.4796,45.3806933334698
16.5321,45.39738333346974
17.0249,45.414083333469925
17.3739,45.4307633334701
15.5672,45.44745333347004
16.5377,45.46412333346996
16.6827,45.480783333470114
17.2162,45.497473333470055
16.2342,45.514153333470226
16.8822,45.53078333347011
17.1525,45.54743333347002
16.6715,45.56411333347019
16.9107,45.580783333470116
16.3441,45.59746333347028
17.0507,45.61414333347045
16.5026,45.63084333347064
16.6201,45.6475233334708
16.6062,45.66417333347071
17.7045,45.680843333470634
14.8739,45.697523333470805
17.003,45.714233333470766
16.6288,45.73092333347071
16.5115,45.74758333347086
16.8453,45.76428333347104
16.6165,45.78094333347119
16.5237,45.79761333347112
16.7325,45.814283333471046
16.9746,45.83096333347121
16.5229,45.84763333347114
16.9281,45.86435333347134
16.4694,45.88100333347125
16.7448,45.8976633334714
16.9252,45.914343333471564
16.8457,45.931023333471735
16.2697,45.9477033334719
16.8106,45.96441333347187
16.3808,45.98109333347203
16.9563,45.99779333347222
16.4195,46.0144933334724
17.1244,46.03118333347235
16.5831,46.047883333472534
16.3001,46.06457333347248
17.0085,46.081273333472666
16.5327,46.09794333347259
16.828,46.11465333347255
16.32,46.131293333472684
17.1309,46.14801333347289
17.4414,46.16469333347305
16.6944,46.18140333347302
16.4764,46.19804333347315
17.2558,46.21471333347308
16.5596,46.231383333473
16.5394,46.248053333472924
16.6829,46.26472333347285
16.9295,46.28139333347278
16.5235,46.29807333347294
16.7158,46.31472333347285
16.6262,46.33137333347276
29.829,46.348033333472905
10.2339,46.36471333347308
10.1592,46.38137333347323
15.3362,46.39806333347317
16.6311,46.414733333473094
17.9106,46.43141333347326
16.084,46.44809333347343
16.2303,46.464813333473636
16.7808,46.481503333473576
16.9528,46.49822333347378
16.5734,46.51487333347369
16.7035,46.531563333473635
16.5235,46.5482433334738
28.9567,46.564913333473726
10.7005,46.5815933334739
11.9806,46.59830333347386
14.9297,46.61496333347401
16.7063,46.631613333473915
16.534,46.648273333474066
16.7153,46.664913333474196
16.7307,46.68159333347436
16.8847,46.69825333347451
16.4122,46.714933333474676
16.9099,46.73163333347486
16.4823,46.74831333347503
17.0894,46.76500333347497
16.3274,46.781683333475144
16.8883,46.798393333475104
16.3921,46.815073333475276
16.9957,46.83178333347524
16.7725,46.8484933334752
16.1584,46.865183333475144
16.8503,46.88186333347531
16.9567,46.898553333475256
16.2472,46.91523333347542
17.1656,46.93190333347535
16.4457,46.94858333347552
16.4275,46.965233333475425
17.2766,46.98195333347563
16.2958,46.998613333475774
16.8544,47.01530333347572
16.4321,47.03197333347565
17.5443,47.04866333347559
16.7035,47.065313333475494
17.0268,47.08202333347546
16.2657,47.09866333347559
16.8645,47.11536333347578
15.4184,47.13204333347594
16.8617,47.14868333347607
16.7718,47.16537333347602
16.5651,47.18203333347617
16.4283,47.198713333476334
17.1859,47.215423333476295
16.1944,47.232103333476466
17.1618,47.24878333347663
16.5924,47.265503333476836
16.2634,47.28215333347674
17.1177,47.29886333347671
16.3168,47.31553333347663
16.9505,47.3322133334768
16.66,47.348893333476965
18.9583,47.36560333347693
14.312,47.38225333347684
16.7596,47.398933333477004
16.7327,47.415573333477134
18.1543,47.432233333477285
15.3427,47.44893333347747
16.2725,47.465583333477376
16.8173,47.48226333347755
16.6388,47.49892333347769
17.007,47.51562333347788
16.5934,47.53231333347782
16.3914,47.54898333347775
17.6156,47.565683333477935
16.4766,47.58237333347788
15.9639,47.59904333347781
16.9389,47.61570333347795
17.0338,47.6323933334779
16.4233,47.649073333478064
16.9516,47.66576333347801
16.9867,47.68242333347816
15.8023,47.69906333347829
16.9679,47.71575333347823
16.5172,47.732413333478384
16.8982,47.74910333347833
16.5619,47.765803333478516
16.3985,47.78248333347868
17.055,47.79917333347863
16.1738,47.81587333347881
16.6614,47.83253333347896
16.4687,47.84919333347911
16.9009,47.8658933334793
16.4855,47.88256333347922
17.3543,47.89924333347939
18.1917,47.91591333347932
16.7462,47.93259333347948
16.6928,47.949293333479666
16.3598,47.96594333347958
16.6842,47.9826133334795
17.0873,47.99932333347947
16.6442,48.01601333347941
14.4695,48.03268333347933
16.6006,48.0493633334795
16.8893,48.06606333347969
16.423,48.08273333347962
16.7175,48.09939333347976
16.9384,48.11605333347991
16.4441,48.132733333480076
16.9296,48.14943333348027
16.3811,48.166083333480174
16.669,48.1827533334801
16.9684,48.199453333480285
16.6864,48.21615333348047
16.6739,48.23281333348062
17.188,48.24950333348056
16.5007,48.26618333348073
16.7517,48.2828633334809
16.9899,48.29956333348108
16.6132,48.31623333348101
16.5376,48.332923333480956
16.1812,48.34960333348112
16.3378,48.366253333481026
18.2611,48.38290333348093
15.6115,48.39962333348114
16.3433,48.416293333481065
17.9901,48.43296333348099
15.276,48.449643333481156
16.9113,48.46632333348133
16.5812,48.483013333481274
16.4633,48.49969333348144
16.6446,48.5163733334816
17.0872,48.53308333348157
16.6406,48.549803333481776
17.1187,48.56643333348166
17.1073,48.58313333348185
16.1892,48.59981333348202
16.9074,48.6165133334822
16.4669,48.633173333482354
16.6893,48.6498333334825
16.8903,48.666523333482445
16.5257,48.68320333348261
17.0553,48.69988333348278
16.4316,48.71653333348269
16.5495,48.73322333348263
15.8451,48.74988333348278
16.6996,48.76656333348295
16.9906,48.783243333483114
16.386,48.799923333483285
17.1142,48.816633333483246
16.3357,48.83331333348341
16.5835,48.84998333348334
17.0036,48.86666333348351
16.4998,48.88334333348367
16.833,48.90004333348386
16.4778,48.91672333348403
16.4278,48.93340333348419
16.9524,48.950063333484344
16.8572,48.96676333348453
16.6898,48.9834433334847
16.4007,49.000103333484844
16.7506,49.016803333485036
16.6247,49.03345333348494
16.9428,49.05015333348513
16.4474,49.06681333348528
16.6296,49.08349333348544
16.8386,49.10019333348563
16.7049,49.11689333348581
16.8085,49.13358333348576
16.8128,49.15022333348589
16.6534,49.166903333486054
16.6109,49.183563333486205
17.7172,49.20029333348619
16.1038,49.21695333348634
16.7762,49.23361333348649
15.6795,49.250283333486415
17.1488,49.2669833334866
16.4373,49.28365333348653
16.5126,49.30030333348643
16.7833,49.3169833334866
16.5721,49.33366333348677
16.6749,49.35035333348671
17.0479,49.36701333348686
18.3494,49.383693333487024
15.1297,49.40038333348697
16.7335,49.41709333348693
17.6294,49.433723333486824
15.2865,49.45038333348697
16.8654,49.46708333348716
16.436,49.4837733334871
16.6415,49.50045333348727
16.6896,49.51712333348719
16.6846,49.53376333348732
16.9767,49.55043333348725
17.0147,49.56713333348743
16.4277,49.583793333487584
17.0251,49.600523333487565
16.2965,49.61721333348751
16.7843,49.63386333348742
16.987,49.65057333348738
16.2204,49.66725333348755
16.9256,49.68396333348751
16.5863,49.70065333348745
16.4962,49.71733333348762
16.5549,49.733993333487774
16.4094,49.750663333487694
17.0639,49.76733333348762
16.516,49.78400333348755
16.7959,49.80070333348773
16.4394,49.81734333348786
16.9958,49.834043333488054
16.7187,49.85072333348822
16.472,49.867393333488145
16.6108,49.884083333488086
16.7054,49.90076333348826
17.1089,49.91748333348846
16.6651,49.93415333348839
16.2854,49.95083333348855
17.8904,49.967493333488704
16.9846,49.984203333488665
16.5082,50.000863333488816
16.625,50.01751333348872
16.9206,50.03422333348868
16.437,50.05089333348861
16.9097,50.06760333348857
16.3925,50.0842433334887
16.645,50.10090333348885
16.7869,50.1175933334888
16.9027,50.13429333348898
16.2645,50.15094333348889
16.2268,50.16765333348885
16.4582,50.18433333348902
17.2639,50.20100333348894
16.558,50.21768333348911
16.9255,50.23435333348904
16.2321,50.251033333489204
16.7925,50.26770333348913
16.8508,50.28439333348908
16.4915,50.30105333348922
16.7931,50.31773333348939
16.4857,50.33437333348952
17.3533,50.35106333348946
16.9687,50.36775333348941
16.3848,50.38442333348934
18.1132,50.401073333489244
15.6651,50.41779333348945
16.9706,50.434493333489634
14.5627,50.451153333489785
16.883,50.467863333489746
16.4817,50.48454333348992
16.7282,50.50122333349008
16.9294,50.51791333349003
16.3578,50.53455333349016
17.0894,50.5512433334901
16.9435,50.56795333349006
16.5103,50.584603333489966
17.5212,50.60126333349012
16.8529,50.6179633334903
16.7653,50.634613333490215
16.5386,50.651303333490155
16.501,50.66798333349033
16.8885,50.68464333349047
16.5002,50.70133333349042
16.6214,50.71801333349058
16.7305,50.73466333349049
16.8308,50.75134333349066
15.9948,50.768023333490824
16.2489,50.784703333490995
16.3973,50.80138333349116
16.8682,50.81807333349111
16.8306,50.83477333349129
16.2614,50.85144333349122
17.0248,50.8681433334914
16.4451,50.88481333349133
17.4185,50.90152333349129
16.027,50.91819333349122
17.0212,50.93490333349118
16.1781,50.95156333349133
16.9773,50.96827333349129
16.4087,50.98493333349144
16.8391,51.00159333349159
16.8811,51.0183133334918
16.4385,51.0349633334917
16.7328,51.051673333491664
16.5114,51.06832333349157
16.7024,51.08500333349174
17.1754,51.10165333349165
16.4835,51.118323333491574
17.0626,51.134993333491494
16.4439,51.15166333349142
16.4652,51.16834333349159
16.8722,51.1849933334915
17.404,51.20170333349146
16.4096,51.218373333491385
17.2195,51.235083333491346
15.6793,51.25176333349152
16.284,51.26844333349168
16.7986,51.28515333349164
16.8246,51.301833333491814
16.3179,51.31851333349198
17.0333,51.335223333491946
16.4562,51.35189333349187
16.9673,51.36858333349181
16.4413,51.385263333491984
16.9698,51.40194333349215
16.3917,51.41862333349231
17.8971,51.43531333349226
15.4456,51.45198333349219
16.809,51.46867333349213
16.5499,51.48537333349232
16.8246,51.50205333349248
16.309,51.518733333492655
17.0263,51.53541333349282
16.6255,51.552083333492746
16.7309,51.56873333349265
16.3598,51.585413333492816
16.8173,51.60208333349274
17.2725,51.61879333349271
16.3285,51.63544333349262
17.0254,51.65213333349256
16.864,51.66881333349273
16.3173,51.68549333349289
16.7685,51.70216333349282
16.4515,51.718833333492746
16.3771,51.73551333349291
16.9212,51.75222333349288
16.9421,51.76890333349304
16.3866,51.78553333349293
16.5215,51.8022133334931
16.5918,51.818863333493006
16.5409,51.835503333493136
16.7621,51.85220333349332
16.5335,51.86886333349347
17.0228,51.88557333349343
16.569,51.90226333349338
16.8746,51.918943333493544
16.7577,51.93563333349349
16.4606,51.95232333349343
16.7763,51.96899333349336
16.8294,51.98570333349332
16.5124,52.00240333349351
16.9679,52.01909333349345
16.3675,52.03577333349362
17.0882,52.05247333349381
16.3705,52.069143333493734
17.0953,52.085833333493675
16.5398,52.10252333349362
16.4666,52.11919333349355
16.5648,52.13587333349371
16.8168,52.152533333493864
16.5578,52.16920333349379
16.6613,52.185863333493934
17.0823,52.2025733334939
16.3266,52.21921333349403
16.9024,52.23592333349399
16.4209,52.25256333349412
17.241,52.26921333349403
16.0548,52.28590333349398
17.0138,52.30261333349394
16.344,52.319283333493864
16.9541,52.33598333349405
16.3914,52.35266333349421
16.8464,52.36931333349413
17.0059,52.38602333349409
16.292,52.40267333349399
17.9169,52.41935333349416
16.8238,52.436043333494105
14.7929,52.452703333494256
17.0825,52.46935333349416
16.6835,52.48607333349437
16.3466,52.502723333494274
16.9675,52.519433333494234
16.3964,52.53610333349416
16.6459,52.55274333349429
17.0008,52.56945333349425
16.3718,52.58612333349418
16.6444,52.60280333349435
17.0381,52.61952333349455
16.6116,52.636233333494516
16.4123,52.65287333349465
17.0062,52.66958333349461
16.4962,52.68623333349451
16.6828,52.7029333334947
16.6143,52.71961333349487
16.7372,52.73627333349502
16.6287,52.752953333495185
16.8002,52.76963333349535
16.5191,52.7862933334955
16.6716,52.802943333495406
17.0142,52.81964333349559
16.3538,52.83630333349574
16.5395,52.852983333495914
17.2935,52.8696833334961
16.2744,52.88637333349604
16.8649,52.903063333495986
16.657,52.91974333349615
16.5645,52.93642333349632
16.8652,52.953103333496486
16.5431,52.96979333349643
16.9646,52.98649333349662
16.2123,53.003163333496545
17.0643,53.01984333349671
16.692,53.03648333349684
16.925,53.05317333349679
16.3667,53.06982333349669
16.9033,53.086533333496654
16.4321,53.10320333349658
17.0729,53.119903333496765
16.3576,53.13657333349669
16.7868,53.15321333349682
16.481,53.16990333349677
16.6998,53.186573333496696
16.8485,53.20325333349686
16.945,53.219953333497045
16.2828,53.23663333349722
16.8171,53.25329333349736
16.6365,53.26998333349731
16.6867,53.286633333497214
16.5925,53.303343333497175
16.3369,53.32003333349712
17.0107,53.33673333349731
16.7918,53.35341333349748
16.8894,53.37011333349766
16.3237,53.38674333349755
16.9458,53.40345333349752
16.6861,53.42013333349768
20.0447,53.436813333497845
12.7508,53.45348333349777
17.0848,53.47017333349772
17.3405,53.48686333349766
15.957,53.503533333497586
16.5932,53.52023333349777
16.4934,53.53689333349792
16.9441,53.55361333349813
16.6074,53.57031333349831
16.7514,53.58702333349828
16.4486,53.60371333349822
16.5341,53.62040333349817
16.9337,53.63706333349831
16.3765,53.65372333349846
16.9827,53.67041333349841
16.3506,53.68707333349855
16.8074,53.703753333498724
17.0279,53.72043333349889
16.5245,53.73709333349904
16.7262,53.753763333498966
16.3037,53.77043333349889
17.2259,53.7871533334991
16.3546,53.803823333499025
16.7805,53.820493333498945
16.654,53.83718333349889
16.6851,53.85389333349885
16.6733,53.87059333349904
16.5993,53.88723333349917
16.8336,53.90388333349908
16.5668,53.92052333349921
16.8741,53.93721333349915
16.4232,53.95385333349928
16.6042,53.97052333349921
16.9732,53.98721333349915
16.9678,54.00385333349928
17.0566,54.020543333499226
16.2014,54.03720333349938
16.8772,54.05391333349934
16.4557,54.07059333349951
17.0202,54.08731333349971
16.4927,54.10399333349988
16.5081,54.120673333500044
17.0063,54.13736333349999
16.5862,54.154043333500155
16.435,54.17071333350008
17.0124,54.18738333350001
16.5842,54.204073333499956
16.6539,54.22072333349986
16.7968,54.23743333349982
16.4908,54.25408333349973
16.8181,54.270773333499676
16.7362,54.28745333349984
16.6943,54.30414333349979
16.7837,54.32082333349995
16.786,54.3375133334999
16.5144,54.35415333350003
17.0534,54.370853333500214
16.4936,54.38753333350038
16.8306,54.40421333350055
16.7101,54.420893333500715
16.7502,54.437573333500886
17.4577,54.45427333350107
14.9041,54.47093333350122
16.4047,54.48760333350115
16.606,54.50428333350131
17.288,54.52099333350127
16.3487,54.53764333350118
16.9299,54.55432333350135
16.8292,54.57099333350128
16.6985,54.587663333501204
16.7096,54.60432333350135
16.9699,54.621013333501296
16.3059,54.63769333350146
16.8123,54.65440333350143
16.6856,54.67109333350137
16.4307,54.687743333501274
16.707,54.7044133335012
16.2882,54.72109333350137
17.0763,54.737773333501536
16.3303,54.7544533335017
16.7226,54.77112333350163
16.9284,54.78776333350176
17.4051,54.804473333501726
16.5014,54.821113333501856
16.8226,54.837783333501775
16.4539,54.85447333350172
17.0252,54.87118333350168
16.4977,54.88787333350163
16.4816,54.90452333350154
16.313,54.92124333350174
16.4892,54.93793333350168
16.4959,54.954613333501854
17.1558,54.97129333350202
16.0606,54.987983333501965
16.6914,55.00466333350213
17.0071,55.0213733335021
16.5432,55.03804333350202
16.8431,55.054733333501964
16.8375,55.071463333501946
16.2534,55.088103333502076
16.7362,55.104773333502
17.0894,55.12148333350196
16.6284,55.13815333350189
16.4915,55.154833333502054
16.9754,55.17154333350202
16.2467,55.18818333350215
16.9691,55.20487333350209
16.2832,55.221523333502
17.841,55.23818333350215
16.4925,55.25489333350211
16.7385,55.27158333350206
16.6712,55.288233333501964
16.6049,55.30488333350187
16.8757,55.321583333502055
16.3801,55.338223333502185
16.9086,55.35493333350215
16.5335,55.37158333350206
16.1163,55.388303333502265
16.6545,55.40497333350219
16.3988,55.421633333502335
16.7715,55.43830333350226
20.7058,55.45499333350221
13.4641,55.47168333350215
16.4741,55.4883433335023
16.7703,55.50503333350225
16.6567,55.52168333350215
16.6789,55.53837333350209
16.7284,55.555023333502
16.6966,55.57168333350215
16.7574,55.58835333350208
16.8669,55.60504333350202
16.5851,55.62172333350219
16.4739,55.638393333502115
16.9223,55.6550933335023
16.5496,55.671773333502465
16.8537,55.68848333350243
16.7305,55.70517333350237
16.6474,55.72187333350256
16.641,55.738563333502505
15.5263,55.75525333350245
16.8339,55.771913333502596
17.1882,55.78860333350254
16.1703,55.80529333350248
16.9935,55.82198333350243
16.4144,55.83865333350236
16.5167,55.85531333350251
17.1493,55.87201333350269
16.4273,55.88867333350284
16.6094,55.90535333350301
16.9227,55.92206333350297
16.3141,55.938763333503154
16.5395,55.955423333503305
16.5114,55.97209333350323
16.7578,55.98874333350314
16.7598,56.005433333503085
17.6515,56.022123333503025
16.343,56.03877333350293
17.3796,56.05546333350288
16.4222,56.072133333502805
16.6774,56.088773333502935
16.6513,56.10543333350308
17.013,56.12214333350305
16.496,56.13882333350321
17.4083,56.155523333503396
15.8129,56.17219333350332
17.0325,56.18888333350327
16.7599,56.2055533335032
16.6745,56.22225333350338
16.3773,56.23894333350332
17.1187,56.25566333350353
16.1585,56.2723433335037
16.6769,56.288993333503605
16.695,56.30567333350377
17.2104,56.322363333503716
16.272,56.33904333350388
16.8133,56.35569333350379
16.4602,56.37236333350371
15.8177,56.38903333350364
16.5524,56.40572333350359
17.2507,56.42236333350372
16.7559,56.43904333350388
17.5596,56.455723333504054
16.2248,56.47239333350397
15.562,56.4890333335041
16.7363,56.505733333504296
16.8809,56.5224533335045
16.3844,56.539153333504686
16.5225,56.55581333350484
16.6361,56.57247333350498
17.0203,56.58918333350495
16.3831,56.60585333350487
16.7183,56.622523333504795
16.6705,56.63921333350474
16.8292,56.6559233335047
16.474,56.67259333350463
16.66,56.68923333350476
16.997,56.7059233335047
16.5948,56.72261333350465
16.4839,56.739303333504594
16.9304,56.75598333350476
16.3914,56.772673333504706
16.9393,56.78938333350467
16.4156,56.80605333350459
17.304,56.82273333350476
16.6935,56.83943333350494
16.7554,56.85614333350491
16.9281,56.872803333505054
16.7947,56.889493333505
17.0494,56.90618333350495
16.1429,56.922833333504855
16.7473,56.939523333504795
16.5145,56.956183333504946
16.6409,56.97286333350511
16.8211,56.989513333505016
16.7196,57.00617333350517
16.5525,57.02282333350507
16.6799,57.039503333505245
16.6837,57.05615333350515
16.6787,57.0728133335053
16.9643,57.08952333350526
16.5438,57.10620333350543
16.8039,57.12290333350562
16.4841,57.13959333350556
16.5407,57.15627333350573
17.0935,57.172973333505915
16.2926,57.18965333350608
16.628,57.20633333350625
16.715,57.223013333506415
16.948,57.239723333506376
16.3988,57.25638333350653
17.2978,57.2730633335067
16.5424,57.289713333506604
16.7343,57.30638333350653
16.8808,57.32309333350649
18.8815,57.3397433335064
12.9931,57.35642333350656
16.5862,57.373103333506734
16.806,57.3897833335069
16.9502,57.406453333506825
16.586,57.42314333350677
16.391,57.4398133335067
18.6758,57.45650333350664
17.0075,57.4732133335066
14.8127,57.48990333350655
16.4676,57.50660333350673
16.5093,57.5232833335069
16.9509,57.53998333350709
16.3054,57.55666333350725
17.0075,57.5733533335072
16.669,57.590033333507364
16.6182,57.606713333507535
16.4052,57.62338333350746
16.656,57.64003333350737
16.7664,57.656683333507274
16.6066,57.673343333507425
16.7521,57.69002333350759
16.5991,57.706673333507496
16.7338,57.72335333350767
16.673,57.74000333350757
16.9766,57.75666333350772
16.2324,57.77334333350789
16.8032,57.790013333507815
16.9809,57.806713333508
16.3844,57.82338333350793
16.9214,57.84008333350811
16.6542,57.85677333350806
17.1914,57.87348333350802
16.812,57.890203333508225
16.206,57.90688333350839
16.8917,57.923583333508574
16.4201,57.9402533335085
16.6064,57.95694333350845
16.776,57.973613333508375
17.3592,57.99033333350858
16.3828,58.00702333350852
16.4547,58.02369333350845
16.7029,58.04034333350835
16.6674,58.056983333508484
17.4142,58.073693333508444
16.2078,58.090353333508595
17.0576,58.107063333508556
16.5866,58.12373333350848
17.0055,58.14044333350844
16.3602,58.157103333508594
16.5582,58.1737533335085
17.1262,58.19046333350847
16.5598,58.207183333508674
16.3286,58.22386333350884
17.109,58.240543333509
16.298,58.257223333509174
16.8825,58.27390333350934
16.6936,58.290613333509306
16.3517,58.307253333509436
16.9005,58.32391333350958
16.5558,58.34058333350951
16.911,58.35725333350943
16.3823,58.37390333350934
16.6834,58.390573333509266
17.6175,58.40724333350919
15.916,58.42391333350912
16.918,58.44060333350906
17.1347,58.45726333350921
15.3974,58.473983333509416
18.275,58.49065333350934
14.9213,58.50734333350928
16.4846,58.52399333350919
16.7525,58.540663333509116
16.6176,58.55734333350929
16.9049,58.57402333350945
16.6587,58.5907133335094
16.8466,58.607383333509325
16.629,58.624093333509286
16.5005,58.64073333350942
16.5374,58.65742333350936
17.0167,58.67412333350955
16.4685,58.69080333350971
16.8859,58.707513333509674
16.6358,58.724213333509866
16.6912,58.740903333509806
16.4583,58.75758333350998
16.979,58.77426333351014
16.3479,58.79091333351005
16.8542,58.807603333509995
16.4148,58.82427333350992
16.9451,58.840953333510086
16.4509,58.85763333351025
16.9055,58.87431333351042
16.5512,58.890993333510586
16.5688,58.90764333351049
16.7913,58.92431333351042
16.9413,58.94099333351059
16.6286,58.95768333351053
16.7397,58.97438333351072
16.338,58.99107333351066
16.9615,59.00774333351059
16.5275,59.02443333351053
17.0202,59.0411133335107
16.513,59.05780333351065
16.3603,59.07448333351081
16.9164,59.09116333351098
16.796,59.107833333510904
16.6892,59.124513333511075
16.4136,59.14116333351098
17.456,59.157843333511146
16.9195,59.17452333351132
16.3985,59.191193333511244
16.9213,59.20787333351141
16.4595,59.224523333511314
16.8363,59.24121333351126
16.4359,59.257893333511426
16.9234,59.27456333351135
16.803,59.29123333351128
16.8613,59.30791333351144
16.6369,59.324593333511615
15.8031,59.341253333511766
17.0246,59.35795333351195
16.3388,59.37459333351208
16.944,59.391293333512266
16.6302,59.40796333351219
16.4218,59.42464333351236
17.1699,59.441333333512304
17.3247,59.45800333351223
15.5287,59.474683333512395
16.3879,59.49136333351257
18.0184,59.50804333351273
16.0579,59.52470333351288
17.2716,59.54139333351282
16.6465,59.55806333351275
16.6484,59.574733333512675
17.0682,59.591443333512636
16.4775,59.60811333351256
16.5539,59.62480333351251
16.9765,59.641503333512695
16.3366,59.65817333351262
16.9369,59.67487333351281
16.6912,59.69155333351297
16.7183,59.708253333513156
16.5874,59.7249433335131
16.3913,59.741623333513274
15.4272,59.758263333513405
16.8577,59.77494333351357
17.1089,59.791613333513496
16.4429,59.80828333351342
16.4763,59.82496333351359
16.9303,59.84164333351376
16.6362,59.8583333335137
17.3159,59.87499333351385
15.8415,59.89168333351379
16.6604,59.90837333351374
16.5842,59.9250533335139
16.4391,59.94171333351405
16.8873,59.958403333514
16.8489,59.97508333351416
16.387,59.99177333351411
16.7975,60.00843333351426
16.6718,60.02510333351418
16.548,60.04177333351411
16.6361,60.058423333514014
16.9794,60.0751233335142
16.5918,60.09183333351417
16.8778,60.10855333351437
16.3366,60.12523333351454
16.626,60.14190333351446
16.6726,60.15857333351439
17.0162,60.17528333351435
16.8147,60.19199333351431
16.5736,60.20867333351448
16.7934,60.22535333351465
16.1361,60.24200333351455
16.5118,60.258663333514704
16.94,60.27531333351461
16.9021,60.29198333351454
16.4426,60.308653333514464
16.2516,60.32533333351463
16.9854,60.341983333514534
17.006,60.35865333351446
16.3973,60.37534333351441
17.0287,60.39205333351437
16.4161,60.40873333351454
16.7815,60.425413333514705
16.4305,60.44208333351463
18.2033,60.458763333514796
15.2751,60.47544333351497
16.8752,60.49215333351493
16.5161,60.5088333335151
18.1212,60.525483333515005
15.0753,60.54215333351493
16.8044,60.55880333351484
16.9742,60.5755133335148
16.5188,60.592213333514984
16.4549,60.608893333515155
16.9969,60.625603333515116
16.4385,60.64228333351528
16.9893,60.65897333351523
16.6841,60.67568333351519
16.4122,60.692373333515135
16.7875,60.709083333515096
16.7239,60.72578333351528
16.4913,60.74242333351541
16.593,60.75907333351532
17.0323,60.775763333515265
16.9281,60.79243333351519
16.6232,60.809133333515376
16.5843,60.82577333351551
16.6059,60.84242333351541
16.723,60.85909333351534
16.6482,60.87575333351549
16.6916,60.892413333515634
17.6985,60.9091233335156
16.7021,60.92581333351554
15.9323,60.94248333351547
16.0813,60.95914333351562
16.4603,60.975813333515546
17.3348,60.992483333515466
16.5924,61.00916333351564
17.0278,61.02588333351584
16.3348,61.04257333351578
17.2575,61.05926333351573
16.1934,61.075913333515636
16.5178,61.09258333351556
17.0429,61.10930333351577
16.4999,61.12600333351595
16.368,61.14267333351588
17.1562,61.159393333516086
16.7032,61.176103333516046
16.3153,61.19274333351618
16.8679,61.20942333351634
16.7144,61.22611333351629
16.3965,61.242803333516235
16.695,61.2594833335164
16.9035,61.27614333351655
16.5007,61.2928033335167
16.9675,61.30951333351666
16.3365,61.32616333351657
17.3671,61.34282333351672
16.4621,61.359503333516884
16.8927,61.376183333517055
16.4722,61.392853333516975
17.4985,61.40955333351717
16.2256,61.42624333351711
17.6191,61.44290333351726
15.2227,61.45961333351722
16.2473,61.476283333517145
16.5571,61.49295333351707
16.9943,61.50964333351701
16.3122,61.52633333351696
18.7573,61.54299333351711
15.0478,61.559673333517274
16.728,61.576333333517425
16.7677,61.59303333351761
16.4958,61.60971333351778
16.8988,61.6263833335177
16.5989,61.64304333351785
16.4001,61.6597333335178
17.101,61.676383333517705
15.6006,61.69305333351763
17.3859,61.709733333517796
16.8153,61.72640333351772
15.859,61.74307333351765
16.6495,61.75971333351778
17.3271,61.77642333351774
16.38,61.79308333351789
16.9546,61.80978333351808
16.7464,61.826453333518
16.9395,61.843163333517964
16.5911,61.85986333351815
16.5712,61.876533333518076
16.9076,61.89323333351826
16.4627,61.90992333351821
17.0397,61.92663333351817
16.3422,61.943283333518075
16.8499,61.959963333518246
16.8829,61.976653333518186
16.3604,61.99333333351836
16.4885,62.01001333351852
16.4652,62.02667333351867
17.3574,62.04338333351863
17.0404,62.06007333351858
16.4582,62.076753333518745
17.0821,62.09345333351893
16.5556,62.1101633335189
16.9603,62.12684333351906
16.8001,62.14351333351899
16.2927,62.16019333351916
15.5872,62.176853333519304
17.1606,62.19357333351951
16.3755,62.21023333351966
16.5981,62.22687333351979
16.5892,62.243553333519955
17.332,62.26022333351988
16.6263,62.27691333351983
16.1581,62.29359333351999
17.0673,62.31028333351994
16.6671,62.327003333520146
16.6778,62.34371333352011
16.2827,62.36035333352024
16.6935,62.3770333335204
16.884,62.39374333352037
16.5293,62.410413333520296
16.7565,62.42707333352044
16.4488,62.44370333352033
18.1654,62.4603833335205
15.3223,62.47702333352063
16.6121,62.49366333352076
16.6643,62.51029333352065
16.7873,62.526973333520814
16.6973,62.543653333520986
17.4977,62.56030333352089
15.7399,62.576983333521056
17.0625,62.59368333352124
16.6675,62.61039333352121
16.3822,62.62707333352137
17.0267,62.64379333352158
16.3237,62.66047333352174
16.6254,62.677153333521915
16.585,62.69382333352184
16.7313,62.710503333522006
16.8514,62.72719333352195
16.5789,62.74387333352212
16.7855,62.76052333352202
16.7755,62.777203333522195
16.5786,62.793893333522135
16.606,62.810533333522265
17.0169,62.82724333352223
16.367,62.84393333352217
17.4541,62.860613333522345
16.6618,62.877283333522264
17.0096,62.893983333522456
16.8532,62.91069333352242
16.13,62.92737333352258
17.0574,62.94406333352253
16.6101,62.960753333522476
16.6262,62.97743333352264
16.0019,62.99410333352257
16.7243,63.01080333352275
16.5583,63.02751333352271
16.555,63.04420333352266
17.2318,63.060883333522824
15.9076,63.077523333522954
16.6147,63.094203333523126
17.1557,63.11087333352305
16.6608,63.127533333523196
16.6493,63.144243333523164
16.4209,63.16090333352331
17.7612,63.17758333352348
16.3598,63.194233333523385
17.0243,63.21093333352357
16.5096,63.22758333352348
16.797,63.244293333523444
16.6098,63.26097333352361
16.4485,63.277623333523515
16.8078,63.29429333352344
16.8547,63.310973333523606
16.7392,63.32766333352355
16.3915,63.34433333352348
16.686,63.36102333352342
16.7765,63.37768333352357
16.4781,63.39436333352374
17.0015,63.41105333352368
16.4809,63.427733333523854
16.9349,63.444443333523814
16.5635,63.461143333524
17.1974,63.477793333523906
15.0678,63.494453333524056
17.1782,63.511143333524
16.5389,63.527833333523944
16.5111,63.54450333352387
16.6523,63.561183333524035
17.4964,63.57783333352394
15.8913,63.59451333352411
16.3058,63.61116333352402
16.9768,63.62782333352417
16.9807,63.644503333524334
16.8114,63.66119333352428
16.6058,63.67784333352419
17.1172,63.69454333352437
16.6178,63.71125333352433
16.3851,63.72794333352428
16.5965,63.744623333524444
16.874,63.76131333352439
16.9013,63.77800333352433
16.3488,63.79469333352428
16.3579,63.811383333524226
16.5867,63.828053333524146
16.7297,63.84474333352409
16.6484,63.86138333352422
16.6995,63.87803333352413
16.9827,63.894733333524314
16.1562,63.911413333524486
16.8997,63.92807333352464
17.0724,63.9447833335246
16.3822,63.961453333524524
17.0417,63.97811333352467
16.7606,63.994803333524615
16.6076,64.01148333352478
16.741,64.02817333352472
16.754,64.04486333352467
16.586,64.06152333352482
16.7616,64.07820333352498
15.8159,64.09488333352516
16.736,64.11153333352506
16.5598,64.128223333525
17.0464,64.1449433335252
16.5248,64.16163333352516
16.4856,64.17831333352532
16.8975,64.19500333352526
16.468,64.2116733335252
16.9564,64.22836333352514
16.3949,64.24503333352506
16.7134,64.26172333352501
16.9814,64.2784233335252
16.4251,64.29509333352512
16.5863,64.31173333352525
17.1393,64.3283933335254
16.572,64.34506333352532
16.9573,64.36175333352527
16.6738,64.37845333352546
16.9021,64.3951133335256
17.0561,64.41180333352554
16.6081,64.4284933335255
16.2894,64.4451433335254
16.7325,64.46182333352556
18.1216,64.47851333352551
14.6331,64.49522333352547
16.7219,64.51192333352566
16.5014,64.52857333352557
17.16,64.54526333352551
16.1639,64.56194333352568
17.1829,64.57864333352586
16.2698,64.59532333352603
16.5396,64.6120033335262
17.0325,64.62870333352639
17.1046,64.64537333352631
17.0674,64.66206333352625
16.5977,64.6787533335262
16.5575,64.69544333352614
16.5856,64.71209333352604
16.5749,64.72876333352598
17.0198,64.74544333352614
16.4003,64.76211333352607
16.8655,64.77881333352626
16.6165,64.79546333352616
16.6727,64.81217333352612
16.5833,64.82881333352626
16.8242,64.84549333352642
16.3272,64.86216333352635
16.763,64.87883333352627
16.8759,64.89552333352621
16.1174,64.91218333352637
17.2543,64.92888333352656
16.1039,64.94555333352648
16.6987,64.96228333352646
16.3401,64.9789433335266
16.6893,64.99563333352656
17.1845,65.01230333352648
16.4723,65.02901333352644
16.5376,65.0457233335264
16.6338,65.06240333352658
16.4592,65.0790733335265
16.7566,65.09571333352663
16.69,65.1123933335268
16.7022,65.1290433335267
16.4381,65.14571333352663
17.2029,65.16242333352659
16.6786,65.17911333352653
16.6886,65.19580333352647
17.0046,65.21245333352638
17.0534,65.22915333352657
16.6011,65.24586333352653
16.4209,65.26255333352648
16.6503,65.2792233335264
17.105,65.29592333352659
16.6601,65.31263333352655
16.1255,65.32927333352669
16.4098,65.34592333352658
17.0019,65.36259333352652
16.2084,65.37927333352668
16.9001,65.39596333352662
16.6312,65.41264333352679
16.7239,65.42935333352676
17.0598,65.44603333352693
17.637,65.46268333352683
15.0157,65.47934333352698
16.5953,65.49602333352715
16.7432,65.51271333352709
16.7987,65.52935333352723
16.573,65.54604333352717
16.9906,65.56271333352709
18.5381,65.57940333352704
15.4312,65.59605333352694
16.9252,65.6127433335269
16.5338,65.62942333352706
16.6778,65.64609333352698
16.579,65.66278333352692
16.6021,65.67945333352685
16.8982,65.69614333352679
17.3139,65.71283333352673
16.4231,65.72948333352664
16.9057,65.74614333352679
16.4587,65.76282333352697
16.7755,65.77949333352689
16.6751,65.7961633335268
15.1787,65.81284333352698
16.6505,65.82950333352713
16.9213,65.84620333352731
16.5796,65.86289333352725
16.4943,65.87956333352719
16.6153,65.8962333335271
17.681,65.91291333352727
16.2693,65.92961333352747
16.617,65.94631333352766
16.6543,65.96302333352762
17.1942,65.97970333352778
16.6847,65.99639333352772
17.0717,66.01308333352767
16.4679,66.0297533335276
17.2813,66.04645333352778
16.3263,66.06314333352772
16.6841,66.07980333352788
16.8676,66.09645333352778
16.3886,66.11311333352793
17.1189,66.12978333352785
16.7227,66.14646333352802
15.6196,66.16318333352822
16.4837,66.1798633335284
17.1623,66.19653333352832
15.9714,66.21318333352824
16.9033,66.2298633335284
17.0988,66.24657333352836
16.4418,66.26327333352855
16.4909,66.27994333352846
17.0006,66.29662333352864
16.3339,66.31330333352881
16.9712,66.32996333352895
16.7236,66.34661333352886
16.3356,66.36329333352903
16.961,66.38001333352923
16.5394,66.39671333352942
16.9982,66.41340333352936
16.4089,66.43008333352954
16.5925,66.4467633335297
18.5986,66.46343333352962
14.6283,66.48012333352958
16.3438,66.49677333352948
16.7251,66.51345333352964
17.1081,66.5301633335296
16.3431,66.54681333352951
17.384,66.56346333352943
16.6506,66.58010333352955
17.8432,66.5967633335297
15.6156,66.61344333352987
16.8653,66.63014333353006
16.4696,66.64681333352998
17.0248,66.66353333353018
16.4806,66.68022333353012
16.4643,66.69687333353004
16.9925,66.71356333352998
16.4347,66.73025333352993
16.6365,66.74692333352985
16.7647,66.76361333352979
16.5517,66.78029333352995
16.855,66.79694333352987
16.5958,66.81361333352979
16.9788,66.83028333352972
16.2955,66.84695333352964
16.9505,66.8636633335296
16.6359,66.88033333352953
16.6829,66.89703333352972
16.5259,66.91371333352988
16.8237,66.93041333353007
16.7733,66.94712333353003
16.2648,66.96380333353021
16.774,66.98048333353037
17.117,66.99718333353056
16.4595,67.0138733335305
16.4968,67.03051333353064
16.4501,67.04718333353055
16.1131,67.06383333353047
16.7295,67.08051333353063
16.8793,67.09716333353053
16.4431,67.11381333353044
16.7524,67.13049333353061
17.0806,67.14722333353059
16.3701,67.16385333353048
17.0056,67.18055333353067
16.4332,67.19726333353063
16.8951,67.21397333353059
16.5733,67.2306933335308
16.5761,67.24739333353098
16.5458,67.26407333353116
16.5826,67.28075333353132
16.7418,67.29744333353126
16.9865,67.3141133335312
16.661,67.33083333353139
16.673,67.34750333353132
17.3205,67.36416333353147
16.6711,67.38084333353164
16.6087,67.39749333353154
16.7231,67.41415333353169
16.862,67.43085333353189
16.344,67.44753333353205
17.1479,67.46420333353197
15.8385,67.4808733335319
16.3374,67.4975233335318
16.6155,67.51417333353172
16.9993,67.53088333353168
16.3241,67.54753333353158
17.0726,67.56424333353155
16.6561,67.58095333353151
18.6441,67.59764333353145
15.2028,67.61435333353141
16.2618,67.63102333353135
17.0373,67.64770333353151
16.4026,67.66439333353145
16.6881,67.68107333353161
16.7182,67.69772333353153
17.4416,67.71440333353169
17.0336,67.73107333353161
16.3865,67.74774333353155
16.823,67.76442333353171
16.3627,67.78106333353185
16.7907,67.79775333353179
16.8455,67.81441333353193
15.3409,67.83107333353209
16.9611,67.8477933335323
16.3972,67.86449333353248
16.713,67.88117333353264
16.9756,67.89785333353281
16.3671,67.91452333353274
16.8227,67.93119333353266
16.5247,67.94787333353283
17.031,67.96458333353279
16.5028,67.98128333353297
16.601,67.99796333353315
16.7135,68.01461333353305
16.713,68.03128333353298
16.8436,68.0479533335329
16.6855,68.06460333353282
16.6899,68.08127333353274
17.0417,68.09797333353292
16.7939,68.11469333353313
16.3784,68.13133333353326
16.7259,68.14800333353318
16.9454,68.16471333353314
16.384,68.18139333353331
16.9081,68.19809333353349
16.5596,68.21480333353347
16.5529,68.23149333353341
16.5608,68.24818333353335
16.6461,68.26482333353349
16.8359,68.28147333353338
16.5632,68.29816333353334
16.5042,68.31483333353326
16.3766,68.33150333353318
16.5289,68.34818333353336
17.4394,68.3648733335333
16.1129,68.38155333353346
17.0159,68.3982233335334
16.5157,68.41491333353333
16.4231,68.4315933335335
16.7324,68.44827333353366
18.2441,68.46495333353383
14.9792,68.48164333353378
16.455,68.49830333353393
17.1309,68.51500333353411
16.7643,68.53166333353427
16.2859,68.54832333353441
16.4664,68.56500333353458
16.6032,68.58166333353473
16.8119,68.5983433335349
19.1834,68.61504333353508
14.44,68.631713333535
16.8566,68.64839333353518
16.4011,68.66507333353535
16.7359,68.68172333353525
16.6181,68.6983833335354
17.0279,68.71507333353534
16.3828,68.73175333353551
16.6776,68.74843333353567
16.65,68.76511333353585
16.6907,68.781773333536
16.9626,68.79847333353618
16.5491,68.81513333353634
16.3114,68.8318133335365
16.6333,68.84849333353667
17.6343,68.86519333353685
17.2875,68.88186333353677
16.5683,68.89854333353695
17.1978,68.91524333353713
16.401,68.9319533335371
16.3894,68.94863333353726
16.9558,68.9653233335372
16.5894,68.9820233335374
16.7503,68.99873333353736
16.5799,69.01541333353752
16.5881,69.03208333353744
16.5073,69.04875333353738
17.1679,69.06546333353734
15.9712,69.0821433335375
15.7721,69.09878333353764
16.8396,69.11548333353782
16.5933,69.13213333353772
17.3913,69.1488133335379
16.6191,69.1654633335378
17.0422,69.18217333353776
16.615,69.19887333353795
16.3748,69.21555333353813
16.9159,69.23223333353829
16.3169,69.24889333353843
16.9362,69.2656033335384
16.5514,69.28226333353855
16.8132,69.29895333353849
16.8854,69.31562333353841
16.7062,69.33233333353839
16.4716,69.34901333353855
15.6846,69.36565333353867
16.8101,69.38234333353863
17.1089,69.39903333353857
16.2715,69.41572333353851
16.501,69.43237333353842
16.8916,69.44904333353834
17.7475,69.46570333353849
15.894,69.48242333353869
16.3786,69.49908333353885
16.5694,69.51573333353875
16.794,69.53241333353893
17.4531,69.54908333353885
16.4496,69.56572333353897
16.7157,69.58238333353913
16.9092,69.59908333353931
16.5549,69.61577333353925
18.1678,69.63245333353942
15.2595,69.64907333353953
16.7212,69.66574333353945
16.4674,69.68242333353963
16.8984,69.69913333353959
16.8157,69.71584333353955
16.3159,69.73251333353947
17.014,69.74922333353945
16.5812,69.76591333353939
16.8675,69.78261333353957
17.2161,69.79930333353951
15.3111,69.81599333353947
16.7311,69.83267333353963
16.2793,69.84934333353955
16.6719,69.86599333353946
17.3426,69.88264333353936
17.5356,69.89935333353932
16.507,69.91600333353924
16.6954,69.93265333353915
16.5287,69.94930333353905
16.8728,69.96598333353921
16.5167,69.98265333353915
16.7581,69.99932333353907
16.8964,70.01602333353925
16.3545,70.03271333353919
15.6021,70.04939333353937
16.8581,70.06605333353951
16.5683,70.08273333353968
16.9706,70.09941333353986
16.7391,70.11609333354002
16.5151,70.13276333353994
16.8795,70.14948333354015
16.7401,70.16619333354011
16.3866,70.18284333354002
16.8056,70.1995433335402
16.6605,70.21625333354017
16.368,70.23293333354033
16.7,70.24961333354051
16.8594,70.26632333354047
16.6648,70.28301333354041
16.9251,70.29973333354062
16.6168,70.31641333354078
16.6372,70.33308333354071
16.4974,70.34977333354065
16.962,70.36644333354057
16.3954,70.38309333354049
16.6676,70.3997633335404
16.7414,70.41647333354037
16.7133,70.43312333354028
16.528,70.4497933335402
18.0364,70.46644333354011
15.2484,70.48309333354001
16.8178,70.49976333353995
16.6354,70.51644333354011
16.9158,70.53313333354005
16.508,70.54981333354023
17.2725,70.56653333354043
16.1531,70.58318333354033
17.088,70.5998933335403
17.014,70.61656333354023
16.1309,70.63323333354015
18.94,70.64989333354029
15.5806,70.66658333354025
16.6132,70.68328333354043
16.5585,70.69993333354033
16.6294,70.71660333354026
16.8633,70.7332633335404
16.5243,70.74996333354059
16.523,70.7666133335405
17.1314,70.78333333354071
16.3666,70.80002333354065
16.7875,70.81674333354086
16.8425,70.83342333354102
16.2483,70.85008333354118
17.0361,70.86678333354136
16.5485,70.88346333354153
17.0628,70.90016333354171
16.3632,70.91684333354188
16.5171,70.93352333354206
16.6417,70.95017333354195
16.6119,70.96685333354212
17.0666,70.98352333354205
16.6208,71.00021333354199
16.55,71.01689333354216
16.4405,71.03354333354207
17.1023,71.05025333354203
16.5639,71.06691333354217
16.6028,71.08357333354233
17.0156,71.1002833335423
15.5655,71.11698333354248
16.0697,71.1336533335424
16.6932,71.15031333354256
16.8913,71.16696333354245
16.4701,71.18364333354262
16.9943,71.2003533335426
16.4069,71.21701333354274
16.889,71.23370333354268
16.4707,71.25038333354286
16.9148,71.26706333354302
16.6066,71.28373333354294
17.4965,71.3004433335429
16.7805,71.3171633335431
16.6088,71.33386333354329
16.4005,71.35055333354325
16.7242,71.36721333354339
16.9643,71.38391333354357
16.3833,71.40056333354349
16.6468,71.41724333354365
16.9702,71.43391333354357
16.5283,71.45059333354375
17.3574,71.46724333354365
15.1504,71.48388333354379
16.5732,71.50054333354393
17.1221,71.51723333354387
16.2568,71.5339033335438
17.0552,71.55057333354372
16.7995,71.56726333354366
16.2847,71.58394333354384
17.0076,71.60062333354401
16.281,71.61729333354393
16.989,71.63400333354389
18.3586,71.65069333354384
14.6526,71.667373333544
16.5313,71.6840233335439
17.5814,71.70074333354411
16.4441,71.71741333354404
16.8512,71.73411333354423
16.5729,71.75081333354441
16.9316,71.76750333354435
16.3479,71.78418333354453
16.9683,71.80085333354445
16.3094,71.81752333354437
17.095,71.83420333354455
15.7927,71.85089333354449
16.8913,71.86753333354461
17.8667,71.8842333335448
15.3661,71.90088333354471
16.484,71.91754333354486
16.6168,71.93419333354477
16.6257,71.95086333354469
16.776,71.96752333354485
16.65,71.98420333354501
17.0265,72.00091333354497
16.4681,72.01759333354514
16.9478,72.03431333354534
16.4309,72.0509733335455
17.3222,72.06765333354566
16.9605,72.08435333354585
16.4223,72.10103333354601
17.8346,72.11774333354597
15.4745,72.13442333354615
16.951,72.15113333354611
16.5446,72.16778333354601
17.1333,72.18446333354619
16.9614,72.20113333354611
16.6206,72.2178333335463
16.2787,72.23450333354621
16.9302,72.25117333354615
16.5602,72.26786333354609
16.9045,72.28454333354625
16.5606,72.30123333354621
16.9351,72.31792333354615
16.2287,72.33459333354607
16.9465,72.35128333354602
16.8879,72.36794333354617
16.3665,72.38460333354631
16.915,72.40131333354628
15.944,72.41800333354622
16.5229,72.43467333354614
16.9014,72.45136333354608
16.2646,72.46802333354624
18.543,72.48469333354616
14.2266,72.50137333354634
17.0554,72.51806333354628
16.3539,72.5347333335462
16.6115,72.55139333354636
17.1313,72.5680833335463
16.752,72.58477333354624
16.2798,72.60144333354617
17.1662,72.61810333354632
16.7118,72.63481333354628
16.649,72.65145333354641
18.0944,72.66813333354658
15.0162,72.68478333354648
16.6876,72.70146333354666
16.5177,72.7181533335466
16.7977,72.73479333354672
16.7875,72.75144333354663
16.4998,72.7681233335468
17.1397,72.78482333354698
16.654,72.80150333354715
16.4011,72.81818333354732
16.6388,72.83487333354726
16.573,72.85155333354743
17.0769,72.86825333354761
16.414,72.88492333354755
16.552,72.90160333354771
17.035,72.9183033335479
16.4229,72.93498333354806
16.6857,72.9516233335482
16.705,72.96829333354812
16.947,72.98501333354832
16.6168,73.00170333354826
16.465,73.01838333354844
16.9881,73.0350633335486
16.8143,73.05178333354881
16.1615,73.06847333354875
17.4038,73.08514333354869
16.3173,73.10182333354885
17.0406,73.11852333354904
16.8619,73.13519333354895
16.7983,73.15187333354913
16.2922,73.16854333354905
16.5228,73.18522333354922
16.9428,73.20190333354938
16.6373,73.21856333354954
16.5029,73.2352433335497
16.616,73.25190333354985
16.9388,73.26861333354982
16.5677,73.28528333354974
16.8255,73.30198333354993
16.6255,73.31864333355007
16.4671,73.33531333355
17.1124,73.35203333355021
16.4275,73.36869333355035
16.7371,73.3853833335503
17.0308,73.4020833335505
15.9614,73.4188033335507
16.3258,73.43547333355062
16.8118,73.45214333355054
16.8553,73.46882333355072
18.0518,73.48549333355064
15.4791,73.5022033335506
16.4722,73.51885333355051
16.1394,73.53553333355067
16.7717,73.55218333355057
16.68,73.56883333355049
16.9992,73.58549333355063
16.6255,73.60219333355082
17.1031,73.618873333551
16.5784,73.63553333355114
17.005,73.65223333355132
16.7443,73.66891333355149
18.2354,73.68559333355167
14.8088,73.70226333355158
16.892,73.71897333355155
16.4791,73.73565333355171
16.6585,73.75231333355187
16.9216,73.76898333355179
16.4583,73.78567333355173
16.8973,73.80237333355193
16.6588,73.81906333355187
15.8536,73.83571333355177
16.7607,73.85240333355172
16.4093,73.86908333355188
16.9949,73.88577333355182
16.4193,73.90246333355176
17.238,73.91916333355196
16.8098,73.93583333355188
16.3662,73.9525033335518
17.0382,73.96919333355176
16.3815,73.98583333355188
17.5191,74.00255333355209
16.0608,74.01921333355224
16.5866,74.0359233335522
16.4786,74.05258333355235
16.7199,74.06926333355251
16.4452,74.08592333355267
16.9433,74.10258333355281
16.9659,74.11930333355302
16.2917,74.13594333355314
16.7759,74.15262333355332
16.5315,74.16926333355345
16.5485,74.18593333355338
16.8403,74.20258333355328
17.0471,74.21927333355322
16.3093,74.23594333355315
17.9163,74.25265333355311
16.4583,74.2693533335533
17.0045,74.28602333355323
16.1545,74.3027033335534
17.1024,74.31940333355358
16.4122,74.33608333355374
16.5769,74.35277333355369
17.4142,74.36945333355386
16.9416,74.38613333355403
16.4674,74.40282333355397
17.1417,74.41951333355391
16.24,74.43619333355409
15.0841,74.45283333355421
16.3758,74.46951333355437
18.3592,74.48617333355453
15.1495,74.5028533335547
16.8658,74.51955333355488
16.2981,74.53623333355505
16.7004,74.55288333355496
16.755,74.56955333355488
16.5718,74.58618333355477
17.0186,74.60286333355494
16.3646,74.61955333355488
17.0821,74.63625333355508
16.3659,74.65293333355524
16.6872,74.6696133335554
16.5226,74.68626333355532
16.9026,74.70295333355526
16.9493,74.71966333355522
16.7599,74.73638333355542
16.8225,74.75308333355561
16.5036,74.76974333355575
16.6894,74.78641333355569
16.8534,74.80307333355583
16.7496,74.81977333355601
16.4899,74.83644333355595
16.8143,74.85315333355591
16.5451,74.86983333355607
16.6544,74.88648333355599
17.5047,74.9031533335559
16.1435,74.91982333355583
17.065,74.93651333355578
16.3183,74.95319333355594
17.1504,74.96991333355615
16.2267,74.9865733335563
16.6582,75.00326333355625
16.9959,75.01994333355641
16.4863,75.03661333355633
16.5467,75.0532933335565
16.8209,75.06994333355641
16.6704,75.08661333355633
16.9791,75.10330333355628
16.3431,75.11999333355622
17.0466,75.13666333355614
16.6214,75.15337333355612
16.8277,75.17005333355628
16.3185,75.18671333355643
16.4068,75.20338333355636
17.3115,75.22009333355632
16.4928,75.2367933335565
16.9271,75.25347333355667
16.6585,75.27012333355658
16.6741,75.2867933335565
16.8548,75.30346333355642
17.1871,75.32013333355636
16.128,75.33680333355628
16.8054,75.35349333355623
16.762,75.37018333355617
16.5253,75.38686333355633
15.1673,75.40352333355648
17.1181,75.42025333355646
16.4481,75.43695333355666
16.7822,75.45362333355658
17.048,75.47030333355674
17.7346,75.48695333355666
15.2378,75.50366333355662
16.6003,75.52035333355656
16.8371,75.53703333355672
16.6497,75.55367333355686
16.999,75.5703633335568
16.6058,75.58701333355671
17.3336,75.60367333355686
15.3149,75.6203633335568
16.6624,75.63701333355671
17.3205,75.65372333355667
16.7876,75.67037333355658
16.5998,75.68702333355648
17.0071,75.70370333355665
16.9901,75.7203933335566
16.7281,75.73705333355674
16.603,75.75372333355666
17.0578,75.77044333355687
16.4281,75.78714333355707
17.0247,75.80386333355726
16.2621,75.82052333355742
17.2456,75.83720333355758
14.6024,75.85388333355775
16.7582,75.87055333355768
16.7377,75.88723333355784
17.0087,75.90395333355805
16.3219,75.92062333355797
17.0495,75.93730333355815
16.3169,75.95396333355829
16.6015,75.97060333355842
17.0035,75.98730333355861
16.379,76.00399333355855
16.7079,76.02066333355847
16.8344,76.03736333355866
16.5036,76.05403333355859
16.8095,76.07067333355872
16.8292,76.08738333355868
16.4285,76.10402333355881
16.6407,76.12069333355873
16.6298,76.13737333355891
16.8392,76.15403333355906
16.6396,76.17070333355898
16.8124,76.18738333355915
16.4176,76.20405333355907
16.9509,76.22074333355901
16.5692,76.23742333355918
17.2481,76.25410333355936
16.6432,76.27080333355954
16.3148,76.2874833335597
17.1764,76.30419333355967
16.3531,76.3208633335596
16.8148,76.33756333355979
16.6035,76.35427333355975
16.9266,76.3709833335597
16.9081,76.38767333355965
17.5665,76.40438333355961
15.6705,76.42107333355956
16.347,76.4377333335597
16.1097,76.45442333355965
17.0289,76.4710833335598
17.9236,76.48776333355997
15.2041,76.50442333356011
16.5756,76.52107333356003
16.7802,76.53771333356015
16.7177,76.55438333356008
16.5672,76.57103333355998
16.6882,76.58767333356012
17.1498,76.60438333356008
16.4682,76.62108333356026
16.4851,76.6377533335602
16.846,76.65445333356038
16.6569,76.67113333356055
16.336,76.68782333356049
16.8533,76.70451333356043
16.913,76.72120333356038
16.6231,76.73790333356057
16.4606,76.7545933335605
16.6315,76.77124333356042
16.6312,76.78790333356056
16.7944,76.80458333356073
16.5237,76.82123333356064
17.0882,76.83793333356083
16.6216,76.85462333356077
17.1041,76.8712933335607
17.0516,76.88798333356064
16.4794,76.90465333356056
16.5701,76.9213233335605
16.8628,76.93801333356043
16.5842,76.9546933335606
16.8644,76.97139333356078
16.6095,76.98808333356074
16.6374,77.00475333356066
16.9112,77.02145333356084
16.267,77.038133333561
17.0706,77.05481333356119
16.5558,77.07151333356137
16.4821,77.08819333356153
16.8354,77.10488333356147
16.6558,77.12158333356166
16.5152,77.13824333356182
16.9016,77.154943333562
16.3579,77.17161333356192
17.1147,77.18828333356186
16.4376,77.20496333356202
17.4479,77.22163333356194
16.509,77.2382933335621
16.8503,77.25500333356206
16.721,77.271693333562
16.3097,77.28834333356191
16.9077,77.3050433335621
16.5564,77.32171333356202
15.7822,77.33842333356198
16.3626,77.35508333356213
16.5614,77.37177333356207
17.0451,77.38847333356226
16.3192,77.4051333335624
17.6686,77.42177333356254
16.7196,77.43844333356246
16.3229,77.45512333356263
16.9821,77.4718033335628
17.6936,77.48846333356295
15.3577,77.50510333356308
16.9728,77.52180333356327
16.4811,77.53847333356319
16.8377,77.55514333356311
16.6749,77.57185333356308
16.435,77.58854333356302
16.5748,77.60520333356317
16.9071,77.62189333356312
16.5809,77.63854333356302
16.8748,77.65525333356298
16.8686,77.67197333356319
16.4392,77.68863333356335
18.2153,77.70531333356351
15.3137,77.72198333356343
16.3511,77.73864333356359
16.7209,77.75532333356375
17.0249,77.77203333356371
16.2523,77.78870333356363
17.2161,77.8054133335636
16.2094,77.82207333356375
17.4792,77.83874333356367
16.5046,77.85543333356362
15.2129,77.87211333356379
16.6679,77.88876333356369
17.6976,77.90543333356362
16.1145,77.92210333356354
17.5639,77.93874333356368
16.626,77.95542333356384
17.1929,77.97211333356378
16.3841,77.98879333356395
16.9085,78.00546333356388
16.424,78.0221333335638
17.0821,78.03882333356376
15.409,78.05554333356396
16.2193,78.0722333335639
16.6943,78.08891333356407
16.993,78.10562333356403
16.53,78.12231333356397
17.0282,78.1389533335641
16.981,78.15566333356406
16.6179,78.172353333564
16.4118,78.18903333356418
16.5075,78.2057033335641
16.8118,78.22234333356424
17.2313,78.2390233335644
16.5121,78.25571333356434
16.7857,78.27237333356449
16.6058,78.28904333356442
16.7052,78.3057433335646
16.6415,78.32240333356475
16.6194,78.33905333356466
16.9936,78.3557433335646
16.6643,78.37245333356456
16.4867,78.38913333356473
16.7513,78.40580333356466
16.4613,78.42247333356458
17.2857,78.43918333356454
16.5596,78.45589333356452
16.7733,78.47256333356444
17.0337,78.48922333356458
15.2038,78.50590333356476
16.723,78.52258333356492
17.2192,78.53923333356482
16.9547,78.5559433335648
16.5045,78.57263333356474
16.6159,78.5893133335649
16.9935,78.60598333356482
16.2962,78.62263333356474
16.687,78.6393133335649
16.8047,78.65599333356508
16.8707,78.67269333356526
16.3817,78.68934333356516
19.2619,78.70604333356535
14.4733,78.7227033335655
17.0666,78.73937333356542
16.5877,78.75608333356539
16.879,78.77274333356554
16.7685,78.7894533335655
14.6724,78.80612333356542
17.1203,78.82282333356561
16.5356,78.83948333356577
16.7247,78.8561733335657
16.8654,78.87283333356585
16.499,78.88950333356578
16.9777,78.90621333356574
16.4317,78.92286333356564
17.1108,78.93953333356558
16.1262,78.95618333356548
16.6393,78.97286333356566
16.7001,78.9895233335658
16.7273,79.00620333356596
16.5412,79.0228733335659
17.0976,79.03958333356586
16.6451,79.05628333356604
16.8229,79.07297333356598
16.6463,79.08968333356594
16.3145,79.10636333356611
17.0217,79.12307333356608
16.677,79.13980333356606
16.6134,79.15651333356602
16.5651,79.17320333356597
16.7127,79.18991333356593
16.8732,79.20659333356609
16.5752,79.22329333356628
16.594,79.23993333356641
16.8729,79.25661333356658
16.5411,79.27332333356654
16.5851,79.2899833335667
16.922,79.30665333356662
16.1827,79.32330333356653
16.6968,79.33996333356667
17.4479,79.35666333356686
16.6555,79.3733533335668
16.5073,79.39000333356671
17.2236,79.4067033335669
16.1809,79.42335333356681
16.8322,79.44002333356673
16.4137,79.45668333356687
16.9735,79.4733533335668
17.6125,79.49004333356675
15.7535,79.50677333356673
16.7873,79.52342333356664
16.6718,79.54006333356676
16.6783,79.5567333335667
16.7966,79.57339333356684
16.4797,79.590073333567
16.9747,79.60675333356717
16.6771,79.62343333356735
16.591,79.64010333356727
16.471,79.6567733335672
16.6536,79.67341333356732
16.7636,79.69007333356747
16.6328,79.70675333356765
17.9958,79.72343333356781
15.2472,79.74010333356773
16.8732,79.7567833335679
16.5869,79.77344333356805
15.6227,79.790133333568
17.2016,79.80680333356793
16.7403,79.82351333356789
16.7709,79.84020333356783
16.8827,79.85688333356799
16.3148,79.87355333356793
16.9343,79.89026333356789
16.7382,79.90698333356809
16.2181,79.92366333356826
16.9886,79.94036333356844
16.7463,79.95706333356863
16.4874,79.97373333356856
16.7124,79.99040333356848
16.7066,80.00709333356842
16.4636,80.02377333356858
16.7026,80.04045333356876
16.5762,80.0571133335689
16.6254,80.07376333356882
17.007,80.090463333569
17.4355,80.10715333356895
16.4088,80.12380333356886
17.1071,80.14052333356906
16.5003,80.15720333356923
16.3635,80.17386333356937
16.81,80.19056333356956
16.9033,80.20724333356972
15.7964,80.22391333356966
17.0377,80.24062333356962
16.9372,80.25731333356956
16.1333,80.27398333356949
16.7183,80.2907033335697
16.785,80.30737333356961
16.3597,80.32402333356953
16.9201,80.34071333356947
16.5682,80.35740333356941
16.9233,80.37411333356937
16.7666,80.39083333356957
16.55,80.40747333356971
16.982,80.42414333356963
16.6736,80.44081333356957
16.8873,80.45749333356973
16.2457,80.47413333356985
17.7682,80.49082333356981
15.7831,80.50749333356973
16.5088,80.52415333356987
16.6622,80.54080333356978
16.5453,80.55744333356992
17.327,80.5741433335701
