Step,Queue Length,Counters,Thresholds
1,Queue Length: 10,Counters: [1 1 1 1 1 1 1 1 1 0 ],Thresholds: [0 0 600 600 300 200 120 85 54 35 ]
2,Queue Length: 10,Counters: [2 2 2 2 2 2 2 2 2 0 ],Thresholds: [0 0 600 600 300 200 120 85 54 35 ]
3,Queue Length: 10,Counters: [3 3 3 3 3 3 3 3 3 0 ],Thresholds: [0 0 600 600 300 200 120 85 54 35 ]
4,Queue Length: 10,Counters: [4 4 4 4 4 4 4 4 4 0 ],Thresholds: [0 0 600 600 300 200 120 85 54 35 ]
5,Queue Length: 10,Counters: [5 5 5 5 5 5 5 5 5 0 ],Thresholds: [0 0 600 600 300 200 120 85 54 35 ]
6,Queue Length: 10,Counters: [6 6 6 6 6 6 6 6 6 0 ],Thresholds: [0 0 600 600 300 200 120 85 54 35 ]
7,Queue Length: 10,Counters: [7 7 7 7 7 7 7 7 7 0 ],Thresholds: [0 0 600 600 300 200 120 85 54 35 ]
8,Queue Length: 10,Counters: [8 8 8 8 8 8 8 8 8 0 ],Thresholds: [0 0 600 600 300 200 120 85 54 35 ]
9,Queue Length: 10,Counters: [9 9 9 9 9 9 9 9 9 0 ],Thresholds: [0 0 600 600 300 200 120 85 54 35 ]
10,Queue Length: 10,Counters: [10 10 10 10 10 10 10 10 10 0 ],Thresholds: [0 0 600 600 300 200 120 85 54 35 ]
11,Queue Length: 10,Counters: [11 11 11 11 11 11 11 11 11 0 ],Thresholds: [0 0 600 600 300 200 120 85 54 35 ]
12,Queue Length: 10,Counters: [12 12 12 12 12 12 12 12 12 0 ],Thresholds: [0 0 600 600 300 200 120 85 54 35 ]
13,Queue Length: 10,Counters: [13 13 13 13 13 13 13 13 13 0 ],Thresholds: [0 0 600 600 300 200 120 85 54 35 ]
14,Queue Length: 10,Counters: [14 14 14 14 14 14 14 14 14 0 ],Thresholds: [0 0 600 600 300 200 120 85 54 35 ]
15,Queue Length: 10,Counters: [15 15 15 15 15 15 15 15 15 0 ],Thresholds: [0 0 600 600 300 200 120 85 54 35 ]
16,Queue Length: 10,Counters: [16 16 16 16 16 16 16 16 16 0 ],Thresholds: [0 0 600 600 300 200 120 85 54 35 ]
17,Queue Length: 10,Counters: [17 17 17 17 17 17 17 17 17 0 ],Thresholds: [0 0 600 600 300 200 120 85 54 35 ]
18,Queue Length: 10,Counters: [18 18 18 18 18 18 18 18 18 0 ],Thresholds: [0 0 600 600 300 200 120 85 54 35 ]
19,Queue Length: 10,Counters: [19 19 19 19 19 19 19 19 19 0 ],Thresholds: [0 0 600 600 300 200 120 85 54 35 ]
20,Queue Length: 10,Counters: [20 20 20 20 20 20 20 20 20 0 ],Thresholds: [0 0 600 600 300 200 120 85 54 35 ]
21,Queue Length: 10,Counters: [21 21 21 21 21 21 21 21 21 0 ],Thresholds: [0 0 600 600 300 200 120 85 54 35 ]
22,Queue Length: 10,Counters: [22 22 22 22 22 22 22 22 22 0 ],Thresholds: [0 0 600 600 300 200 120 85 54 35 ]
23,Queue Length: 10,Counters: [23 23 23 23 23 23 23 23 23 0 ],Thresholds: [0 0 600 600 300 200 120 85 54 35 ]
24,Queue Length: 10,Counters: [24 24 24 24 24 24 24 24 24 0 ],Thresholds: [0 0 600 600 300 200 120 85 54 35 ]
25,Queue Length: 10,Counters: [25 25 25 25 25 25 25 25 25 0 ],Thresholds: [0 0 600 600 300 200 120 85 54 35 ]
26,Queue Length: 10,Counters: [26 26 26 26 26 26 26 26 26 0 ],Thresholds: [0 0 600 600 300 200 120 85 54 35 ]
27,Queue Length: 10,Counters: [27 27 27 27 27 27 27 27 27 0 ],Thresholds: [0 0 600 600 300 200 120 85 54 35 ]
28,Queue Length: 10,Counters: [28 28 28 28 28 28 28 28 28 0 ],Thresholds: [0 0 600 600 300 200 120 85 54 35 ]
29,Queue Length: 10,Counters: [29 29 29 29 29 29 29 29 29 0 ],Thresholds: [0 0 600 600 300 200 120 85 54 35 ]
30,Queue Length: 10,Counters: [30 30 30 30 30 30 30 30 30 0 ],Thresholds: [0 0 600 600 300 200 120 85 54 35 ]
31,Queue Length: 10,Counters: [31 31 31 31 31 31 31 31 31 0 ],Thresholds: [0 0 600 600 300 200 120 85 54 35 ]
32,Queue Length: 10,Counters: [32 32 32 32 32 32 32 32 32 0 ],Thresholds: [0 0 600 600 300 200 120 85 54 35 ]
33,Queue Length: 10,Counters: [33 33 33 33 33 33 33 33 33 0 ],Thresholds: [0 0 600 600 300 200 120 85 54 35 ]
34,Queue Length: 10,Counters: [34 34 34 34 34 34 34 34 34 0 ],Thresholds: [0 0 600 600 300 200 120 85 54 35 ]
35,Queue Length: 10,Counters: [35 35 35 35 35 35 35 35 35 0 ],Thresholds: [0 0 600 600 300 200 120 85 54 35 ]
36,Queue Length: 10,Counters: [36 36 36 36 36 36 36 36 36 0 ],Thresholds: [0 0 600 600 300 200 120 85 54 35 ]
37,Queue Length: 10,Counters: [37 37 37 37 37 37 37 37 37 0 ],Thresholds: [0 0 600 600 300 200 120 85 54 35 ]
38,Queue Length: 10,Counters: [38 38 38 38 38 38 38 38 38 0 ],Thresholds: [0 0 600 600 300 200 120 85 54 35 ]
39,Queue Length: 10,Counters: [39 39 39 39 39 39 39 39 39 0 ],Thresholds: [0 0 600 600 300 200 120 85 54 35 ]
40,Queue Length: 10,Counters: [40 40 40 40 40 40 40 40 40 0 ],Thresholds: [0 0 600 600 300 200 120 85 54 35 ]
41,Queue Length: 10,Counters: [41 41 41 41 41 41 41 41 41 0 ],Thresholds: [0 0 600 600 300 200 120 85 54 35 ]
42,Queue Length: 10,Counters: [42 42 42 42 42 42 42 42 42 0 ],Thresholds: [0 0 600 600 300 200 120 85 54 35 ]
43,Queue Length: 10,Counters: [43 43 43 43 43 43 43 43 43 0 ],Thresholds: [0 0 600 600 300 200 120 85 54 35 ]
44,Queue Length: 10,Counters: [44 44 44 44 44 44 44 44 44 0 ],Thresholds: [0 0 600 600 300 200 120 85 54 35 ]
45,Queue Length: 10,Counters: [45 45 45 45 45 45 45 45 45 0 ],Thresholds: [0 0 600 600 300 200 120 85 54 35 ]
46,Queue Length: 10,Counters: [46 46 46 46 46 46 46 46 46 0 ],Thresholds: [0 0 600 600 300 200 120 85 54 35 ]
47,Queue Length: 10,Counters: [47 47 47 47 47 47 47 47 47 0 ],Thresholds: [0 0 600 600 300 200 120 85 54 35 ]
48,Queue Length: 10,Counters: [48 48 48 48 48 48 48 48 48 0 ],Thresholds: [0 0 600 600 300 200 120 85 54 35 ]
49,Queue Length: 10,Counters: [49 49 49 49 49 49 49 49 49 0 ],Thresholds: [0 0 600 600 300 200 120 85 54 35 ]
50,Queue Length: 10,Counters: [50 50 50 50 50 50 50 50 50 0 ],Thresholds: [0 0 600 600 300 200 120 85 54 35 ]
51,Queue Length: 10,Counters: [51 51 51 51 51 51 51 51 51 0 ],Thresholds: [0 0 600 600 300 200 120 85 54 35 ]
52,Queue Length: 10,Counters: [52 52 52 52 52 52 52 52 52 0 ],Thresholds: [0 0 600 600 300 200 120 85 54 35 ]
53,Queue Length: 10,Counters: [53 53 53 53 53 53 53 53 53 0 ],Thresholds: [0 0 600 600 300 200 120 85 54 35 ]
54,Queue Length: 10,Counters: [54 54 54 54 54 54 54 54 54 0 ],Thresholds: [0 0 600 600 300 200 120 85 54 35 ]
55,Queue Length: 10,Counters: [0 0 0 0 0 0 0 0 0 0 ],Thresholds: [0 0 600 600 300 200 120 85 54 35 ]
56,Queue Length: 9,Counters: [1 1 1 1 1 1 1 1 0 0 ],Thresholds: [0 0 600 600 300 200 120 85 54 35 ]
57,Queue Length: 9,Counters: [2 2 2 2 2 2 2 2 0 0 ],Thresholds: [0 0 600 600 300 200 120 85 54 35 ]
58,Queue Length: 9,Counters: [3 3 3 3 3 3 3 3 0 0 ],Thresholds: [0 0 600 600 300 200 120 85 54 35 ]
59,Queue Length: 9,Counters: [4 4 4 4 4 4 4 4 0 0 ],Thresholds: [0 0 600 600 300 200 120 85 54 35 ]
60,Queue Length: 9,Counters: [5 5 5 5 5 5 5 5 0 0 ],Thresholds: [0 0 600 600 300 200 120 85 54 35 ]
61,Queue Length: 9,Counters: [6 6 6 6 6 6 6 6 0 0 ],Thresholds: [0 0 600 600 300 200 120 85 54 35 ]
62,Queue Length: 9,Counters: [7 7 7 7 7 7 7 7 0 0 ],Thresholds: [0 0 600 600 300 200 120 85 54 35 ]
63,Queue Length: 9,Counters: [8 8 8 8 8 8 8 8 0 0 ],Thresholds: [0 0 600 600 300 200 120 85 54 35 ]
64,Queue Length: 9,Counters: [9 9 9 9 9 9 9 9 0 0 ],Thresholds: [0 0 600 600 300 200 120 85 54 35 ]
65,Queue Length: 9,Counters: [10 10 10 10 10 10 10 10 0 0 ],Thresholds: [0 0 600 600 300 200 120 85 54 35 ]
66,Queue Length: 9,Counters: [11 11 11 11 11 11 11 11 0 0 ],Thresholds: [0 0 600 600 300 200 120 85 54 35 ]
67,Queue Length: 9,Counters: [12 12 12 12 12 12 12 12 0 0 ],Thresholds: [0 0 600 600 300 200 120 85 54 35 ]
68,Queue Length: 9,Counters: [13 13 13 13 13 13 13 13 0 0 ],Thresholds: [0 0 600 600 300 200 120 85 54 35 ]
69,Queue Length: 9,Counters: [14 14 14 14 14 14 14 14 0 0 ],Thresholds: [0 0 600 600 300 200 120 85 54 35 ]
70,Queue Length: 9,Counters: [15 15 15 15 15 15 15 15 0 0 ],Thresholds: [0 0 600 600 300 200 120 85 54 35 ]
71,Queue Length: 9,Counters: [16 16 16 16 16 16 16 16 0 0 ],Thresholds: [0 0 600 600 300 200 120 85 54 35 ]
72,Queue Length: 9,Counters: [17 17 17 17 17 17 17 17 0 0 ],Thresholds: [0 0 600 600 300 200 120 85 54 35 ]
73,Queue Length: 9,Counters: [18 18 18 18 18 18 18 18 0 0 ],Thresholds: [0 0 600 600 300 200 120 85 54 35 ]
74,Queue Length: 9,Counters: [19 19 19 19 19 19 19 19 0 0 ],Thresholds: [0 0 600 600 300 200 120 85 54 35 ]
75,Queue Length: 9,Counters: [20 20 20 20 20 20 20 20 0 0 ],Thresholds: [0 0 600 600 300 200 120 85 54 35 ]
76,Queue Length: 9,Counters: [21 21 21 21 21 21 21 21 0 0 ],Thresholds: [0 0 600 600 300 200 120 85 54 35 ]
77,Queue Length: 9,Counters: [22 22 22 22 22 22 22 22 0 0 ],Thresholds: [0 0 600 600 300 200 120 85 54 35 ]
78,Queue Length: 9,Counters: [23 23 23 23 23 23 23 23 0 0 ],Thresholds: [0 0 600 600 300 200 120 85 54 35 ]
79,Queue Length: 9,Counters: [24 24 24 24 24 24 24 24 0 0 ],Thresholds: [0 0 600 600 300 200 120 85 54 35 ]
80,Queue Length: 9,Counters: [25 25 25 25 25 25 25 25 0 0 ],Thresholds: [0 0 600 600 300 200 120 85 54 35 ]
81,Queue Length: 9,Counters: [26 26 26 26 26 26 26 26 0 0 ],Thresholds: [0 0 600 600 300 200 120 85 54 35 ]
82,Queue Length: 9,Counters: [27 27 27 27 27 27 27 27 0 0 ],Thresholds: [0 0 600 600 300 200 120 85 54 35 ]
83,Queue Length: 9,Counters: [28 28 28 28 28 28 28 28 0 0 ],Thresholds: [0 0 600 600 300 200 120 85 54 35 ]
84,Queue Length: 9,Counters: [29 29 29 29 29 29 29 29 0 0 ],Thresholds: [0 0 600 600 300 200 120 85 54 35 ]
85,Queue Length: 9,Counters: [30 30 30 30 30 30 30 30 0 0 ],Thresholds: [0 0 600 600 300 200 120 85 54 35 ]
86,Queue Length: 9,Counters: [31 31 31 31 31 31 31 31 0 0 ],Thresholds: [0 0 600 600 300 200 120 85 54 35 ]
87,Queue Length: 9,Counters: [32 32 32 32 32 32 32 32 0 0 ],Thresholds: [0 0 600 600 300 200 120 85 54 35 ]
88,Queue Length: 9,Counters: [33 33 33 33 33 33 33 33 0 0 ],Thresholds: [0 0 600 600 300 200 120 85 54 35 ]
89,Queue Length: 9,Counters: [34 34 34 34 34 34 34 34 0 0 ],Thresholds: [0 0 600 600 300 200 120 85 54 35 ]
90,Queue Length: 9,Counters: [35 35 35 35 35 35 35 35 0 0 ],Thresholds: [0 0 600 600 300 200 120 85 54 35 ]
91,Queue Length: 8,Counters: [36 36 36 36 36 36 36 0 0 0 ],Thresholds: [0 0 600 600 300 200 120 85 54 35 ]
92,Queue Length: 7,Counters: [37 37 37 37 37 37 0 0 0 0 ],Thresholds: [0 0 600 600 300 200 120 85 54 35 ]
93,Queue Length: 6,Counters: [38 38 38 38 38 0 0 0 0 0 ],Thresholds: [0 0 600 600 300 200 120 85 54 35 ]
94,Queue Length: 5,Counters: [39 39 39 39 0 0 0 0 0 0 ],Thresholds: [0 0 600 600 300 200 120 85 54 35 ]
95,Queue Length: 4,Counters: [40 40 40 0 0 0 0 0 0 0 ],Thresholds: [0 0 600 600 300 200 120 85 54 35 ]
96,Queue Length: 9,Counters: [41 41 41 1 1 1 1 1 0 0 ],Thresholds: [0 0 600 600 300 200 120 85 54 35 ]
97,Queue Length: 9,Counters: [42 42 42 2 2 2 2 2 0 0 ],Thresholds: [0 0 600 600 300 200 120 85 54 35 ]
98,Queue Length: 9,Counters: [43 43 43 3 3 3 3 3 0 0 ],Thresholds: [0 0 600 600 300 200 120 85 54 35 ]
99,Queue Length: 9,Counters: [44 44 44 4 4 4 4 4 0 0 ],Thresholds: [0 0 600 600 300 200 120 85 54 35 ]
100,Queue Length: 9,Counters: [45 45 45 5 5 5 5 5 0 0 ],Thresholds: [0 0 600 600 300 200 120 85 54 35 ]
101,Queue Length: 9,Counters: [46 46 46 6 6 6 6 6 0 0 ],Thresholds: [0 0 600 600 300 200 120 85 54 35 ]
102,Queue Length: 9,Counters: [47 47 47 7 7 7 7 7 0 0 ],Thresholds: [0 0 600 600 300 200 120 85 54 35 ]
103,Queue Length: 9,Counters: [48 48 48 8 8 8 8 8 0 0 ],Thresholds: [0 0 600 600 300 200 120 85 54 35 ]
104,Queue Length: 9,Counters: [49 49 49 9 9 9 9 9 0 0 ],Thresholds: [0 0 600 600 300 200 120 85 54 35 ]
105,Queue Length: 9,Counters: [50 50 50 10 10 10 10 10 0 0 ],Thresholds: [0 0 600 600 300 200 120 85 54 35 ]
106,Queue Length: 9,Counters: [51 51 51 11 11 11 11 11 0 0 ],Thresholds: [0 0 600 600 300 200 120 85 54 35 ]
107,Queue Length: 9,Counters: [52 52 52 12 12 12 12 12 0 0 ],Thresholds: [0 0 600 600 300 200 120 85 54 35 ]
108,Queue Length: 9,Counters: [53 53 53 13 13 13 13 13 0 0 ],Thresholds: [0 0 600 600 300 200 120 85 54 35 ]
109,Queue Length: 9,Counters: [54 54 54 14 14 14 14 14 0 0 ],Thresholds: [0 0 600 600 300 200 120 85 54 35 ]
110,Queue Length: 9,Counters: [55 55 55 15 15 15 15 15 0 0 ],Thresholds: [0 0 600 600 300 200 120 85 54 35 ]
111,Queue Length: 9,Counters: [56 56 56 16 16 16 16 16 0 0 ],Thresholds: [0 0 600 600 300 200 120 85 54 35 ]
112,Queue Length: 9,Counters: [57 57 57 17 17 17 17 17 0 0 ],Thresholds: [0 0 600 600 300 200 120 85 54 35 ]
113,Queue Length: 9,Counters: [58 58 58 18 18 18 18 18 0 0 ],Thresholds: [0 0 600 600 300 200 120 85 54 35 ]
114,Queue Length: 9,Counters: [59 59 59 19 19 19 19 19 0 0 ],Thresholds: [0 0 600 600 300 200 120 85 54 35 ]
115,Queue Length: 9,Counters: [60 60 60 20 20 20 20 20 0 0 ],Thresholds: [0 0 600 600 300 200 120 85 54 35 ]
116,Queue Length: 9,Counters: [61 61 61 21 21 21 21 21 0 0 ],Thresholds: [0 0 600 600 300 200 120 85 54 35 ]
117,Queue Length: 9,Counters: [62 62 62 22 22 22 22 22 0 0 ],Thresholds: [0 0 600 600 300 200 120 85 54 35 ]
118,Queue Length: 9,Counters: [63 63 63 23 23 23 23 23 0 0 ],Thresholds: [0 0 600 600 300 200 120 85 54 35 ]
119,Queue Length: 9,Counters: [64 64 64 24 24 24 24 24 0 0 ],Thresholds: [0 0 600 600 300 200 120 85 54 35 ]
120,Queue Length: 9,Counters: [65 65 65 25 25 25 25 25 0 0 ],Thresholds: [0 0 600 600 300 200 120 85 54 35 ]
121,Queue Length: 9,Counters: [66 66 66 26 26 26 26 26 0 0 ],Thresholds: [0 0 600 600 300 200 120 85 54 35 ]
122,Queue Length: 9,Counters: [67 67 67 27 27 27 27 27 0 0 ],Thresholds: [0 0 600 600 300 200 120 85 54 35 ]
123,Queue Length: 9,Counters: [68 68 68 28 28 28 28 28 0 0 ],Thresholds: [0 0 600 600 300 200 120 85 54 35 ]
124,Queue Length: 9,Counters: [69 69 69 29 29 29 29 29 0 0 ],Thresholds: [0 0 600 600 300 200 120 85 54 35 ]
125,Queue Length: 9,Counters: [70 70 70 30 30 30 30 30 0 0 ],Thresholds: [0 0 600 600 300 200 120 85 54 35 ]
126,Queue Length: 9,Counters: [71 71 71 31 31 31 31 31 0 0 ],Thresholds: [0 0 600 600 300 200 120 85 54 35 ]
127,Queue Length: 9,Counters: [72 72 72 32 32 32 32 32 0 0 ],Thresholds: [0 0 600 600 300 200 120 85 54 35 ]
128,Queue Length: 8,Counters: [73 73 73 33 33 33 33 0 0 0 ],Thresholds: [0 0 600 600 300 200 120 85 54 35 ]
129,Queue Length: 7,Counters: [74 74 74 34 34 34 0 0 0 0 ],Thresholds: [0 0 600 600 300 200 120 85 54 35 ]
130,Queue Length: 6,Counters: [75 75 75 35 35 0 0 0 0 0 ],Thresholds: [0 0 600 600 300 200 120 85 54 35 ]
131,Queue Length: 5,Counters: [76 76 76 36 0 0 0 0 0 0 ],Thresholds: [0 0 600 600 300 200 120 85 54 35 ]
132,Queue Length: 4,Counters: [77 77 77 0 0 0 0 0 0 0 ],Thresholds: [0 0 600 600 300 200 120 85 54 35 ]
133,Queue Length: 9,Counters: [78 78 78 1 1 1 1 1 0 0 ],Thresholds: [0 0 600 600 300 200 120 85 54 35 ]
134,Queue Length: 9,Counters: [79 79 79 2 2 2 2 2 0 0 ],Thresholds: [0 0 600 600 300 200 120 85 54 35 ]
135,Queue Length: 9,Counters: [80 80 80 3 3 3 3 3 0 0 ],Thresholds: [0 0 600 600 300 200 120 85 54 35 ]
136,Queue Length: 9,Counters: [81 81 81 4 4 4 4 4 0 0 ],Thresholds: [0 0 600 600 300 200 120 85 54 35 ]
137,Queue Length: 9,Counters: [82 82 82 5 5 5 5 5 0 0 ],Thresholds: [0 0 600 600 300 200 120 85 54 35 ]
138,Queue Length: 8,Counters: [83 83 83 6 6 6 6 0 0 0 ],Thresholds: [0 0 600 600 300 200 120 85 54 35 ]
139,Queue Length: 7,Counters: [84 84 84 7 7 7 0 0 0 0 ],Thresholds: [0 0 600 600 300 200 120 85 54 35 ]
140,Queue Length: 6,Counters: [85 85 85 8 8 0 0 0 0 0 ],Thresholds: [0 0 600 600 300 200 120 85 54 35 ]
141,Queue Length: 5,Counters: [86 86 86 9 0 0 0 0 0 0 ],Thresholds: [0 0 600 600 300 200 120 85 54 35 ]
142,Queue Length: 4,Counters: [87 87 87 0 0 0 0 0 0 0 ],Thresholds: [0 0 600 600 300 200 120 85 54 35 ]
143,Queue Length: 9,Counters: [88 88 88 1 1 1 1 1 0 0 ],Thresholds: [0 0 600 600 300 200 120 85 54 35 ]
144,Queue Length: 9,Counters: [89 89 89 2 2 2 2 2 0 0 ],Thresholds: [0 0 600 600 300 200 120 85 54 35 ]
145,Queue Length: 9,Counters: [90 90 90 3 3 3 3 3 0 0 ],Thresholds: [0 0 600 600 300 200 120 85 54 35 ]
146,Queue Length: 9,Counters: [91 91 91 4 4 4 4 4 0 0 ],Thresholds: [0 0 600 600 300 200 120 85 54 35 ]
147,Queue Length: 9,Counters: [92 92 92 5 5 5 5 5 0 0 ],Thresholds: [0 0 600 600 300 200 120 85 54 35 ]
148,Queue Length: 9,Counters: [93 93 93 6 6 6 6 6 0 0 ],Thresholds: [0 0 600 600 300 200 120 85 54 35 ]
149,Queue Length: 9,Counters: [94 94 94 7 7 7 7 7 0 0 ],Thresholds: [0 0 600 600 300 200 120 85 54 35 ]
150,Queue Length: 9,Counters: [95 95 95 8 8 8 8 8 0 0 ],Thresholds: [0 0 600 600 300 200 120 85 54 35 ]
151,Queue Length: 9,Counters: [96 96 96 9 9 9 9 9 0 0 ],Thresholds: [0 0 600 600 300 200 120 85 54 35 ]
152,Queue Length: 9,Counters: [97 97 97 10 10 10 10 10 0 0 ],Thresholds: [0 0 600 600 300 200 120 85 54 35 ]
153,Queue Length: 9,Counters: [98 98 98 11 11 11 11 11 0 0 ],Thresholds: [0 0 600 600 300 200 120 85 54 35 ]
154,Queue Length: 9,Counters: [99 99 99 12 12 12 12 12 0 0 ],Thresholds: [0 0 600 600 300 200 120 85 54 35 ]
155,Queue Length: 9,Counters: [100 100 100 13 13 13 13 13 0 0 ],Thresholds: [0 0 600 600 300 200 120 85 54 35 ]
156,Queue Length: 9,Counters: [101 101 101 14 14 14 14 14 0 0 ],Thresholds: [0 0 600 600 300 200 120 85 54 35 ]
157,Queue Length: 9,Counters: [102 102 102 15 15 15 15 15 0 0 ],Thresholds: [0 0 600 600 300 200 120 85 54 35 ]
158,Queue Length: 9,Counters: [103 103 103 16 16 16 16 16 0 0 ],Thresholds: [0 0 600 600 300 200 120 85 54 35 ]
159,Queue Length: 9,Counters: [104 104 104 17 17 17 17 17 0 0 ],Thresholds: [0 0 600 600 300 200 120 85 54 35 ]
160,Queue Length: 9,Counters: [105 105 105 18 18 18 18 18 0 0 ],Thresholds: [0 0 600 600 300 200 120 85 54 35 ]
161,Queue Length: 9,Counters: [106 106 106 19 19 19 19 19 0 0 ],Thresholds: [0 0 600 600 300 200 120 85 54 35 ]
162,Queue Length: 9,Counters: [107 107 107 20 20 20 20 20 0 0 ],Thresholds: [0 0 600 600 300 200 120 85 54 35 ]
163,Queue Length: 9,Counters: [108 108 108 21 21 21 21 21 0 0 ],Thresholds: [0 0 600 600 300 200 120 85 54 35 ]
164,Queue Length: 9,Counters: [109 109 109 22 22 22 22 22 0 0 ],Thresholds: [0 0 600 600 300 200 120 85 54 35 ]
165,Queue Length: 9,Counters: [110 110 110 23 23 23 23 23 0 0 ],Thresholds: [0 0 600 600 300 200 120 85 54 35 ]
166,Queue Length: 9,Counters: [111 111 111 24 24 24 24 24 0 0 ],Thresholds: [0 0 600 600 300 200 120 85 54 35 ]
167,Queue Length: 9,Counters: [112 112 112 25 25 25 25 25 0 0 ],Thresholds: [0 0 600 600 300 200 120 85 54 35 ]
168,Queue Length: 9,Counters: [113 113 113 26 26 26 26 26 0 0 ],Thresholds: [0 0 600 600 300 200 120 85 54 35 ]
169,Queue Length: 9,Counters: [114 114 114 27 27 27 27 27 0 0 ],Thresholds: [0 0 600 600 300 200 120 85 54 35 ]
170,Queue Length: 9,Counters: [115 115 115 28 28 28 28 28 0 0 ],Thresholds: [0 0 600 600 300 200 120 85 54 35 ]
171,Queue Length: 9,Counters: [116 116 116 29 29 29 29 29 0 0 ],Thresholds: [0 0 600 600 300 200 120 85 54 35 ]
172,Queue Length: 9,Counters: [117 117 117 30 30 30 30 30 0 0 ],Thresholds: [0 0 600 600 300 200 120 85 54 35 ]
173,Queue Length: 9,Counters: [118 118 118 31 31 31 31 31 0 0 ],Thresholds: [0 0 600 600 300 200 120 85 54 35 ]
174,Queue Length: 9,Counters: [119 119 119 32 32 32 32 32 0 0 ],Thresholds: [0 0 600 600 300 200 120 85 54 35 ]
175,Queue Length: 9,Counters: [120 120 120 33 33 33 33 33 0 0 ],Thresholds: [0 0 600 600 300 200 120 85 54 35 ]
176,Queue Length: 9,Counters: [121 121 121 34 34 34 34 34 0 0 ],Thresholds: [0 0 600 600 300 200 120 85 54 35 ]
177,Queue Length: 9,Counters: [122 122 122 35 35 35 35 35 0 0 ],Thresholds: [0 0 600 600 300 200 120 85 54 35 ]
178,Queue Length: 9,Counters: [123 123 123 36 36 36 36 36 0 0 ],Thresholds: [0 0 600 600 300 200 120 85 54 35 ]
179,Queue Length: 9,Counters: [124 124 124 37 37 37 37 37 0 0 ],Thresholds: [0 0 600 600 300 200 120 85 54 35 ]
180,Queue Length: 9,Counters: [125 125 125 38 38 38 38 38 0 0 ],Thresholds: [0 0 600 600 300 200 120 85 54 35 ]
181,Queue Length: 9,Counters: [126 126 126 39 39 39 39 39 0 0 ],Thresholds: [0 0 600 600 300 200 120 85 54 35 ]
182,Queue Length: 9,Counters: [127 127 127 40 40 40 40 40 0 0 ],Thresholds: [0 0 600 600 300 200 120 85 54 35 ]
183,Queue Length: 9,Counters: [128 128 128 41 41 41 41 41 0 0 ],Thresholds: [0 0 600 600 300 200 120 85 54 35 ]
184,Queue Length: 9,Counters: [129 129 129 42 42 42 42 42 0 0 ],Thresholds: [0 0 600 600 300 200 120 85 54 35 ]
185,Queue Length: 9,Counters: [130 130 130 43 43 43 43 43 0 0 ],Thresholds: [0 0 600 600 300 200 120 85 54 35 ]
186,Queue Length: 9,Counters: [131 131 131 44 44 44 44 44 0 0 ],Thresholds: [0 0 600 600 300 200 120 85 54 35 ]
187,Queue Length: 8,Counters: [132 132 132 45 45 45 45 0 0 0 ],Thresholds: [0 0 600 600 300 200 120 85 54 35 ]
188,Queue Length: 7,Counters: [133 133 133 46 46 46 0 0 0 0 ],Thresholds: [0 0 600 600 300 200 120 85 54 35 ]
189,Queue Length: 6,Counters: [134 134 134 47 47 0 0 0 0 0 ],Thresholds: [0 0 600 600 300 200 120 85 54 35 ]
190,Queue Length: 5,Counters: [135 135 135 48 0 0 0 0 0 0 ],Thresholds: [0 0 600 600 300 200 120 85 54 35 ]
191,Queue Length: 4,Counters: [136 136 136 0 0 0 0 0 0 0 ],Thresholds: [0 0 600 600 300 200 120 85 54 35 ]
192,Queue Length: 9,Counters: [137 137 137 1 1 1 1 1 0 0 ],Thresholds: [0 0 600 600 300 200 120 85 54 35 ]
193,Queue Length: 8,Counters: [138 138 138 2 2 2 2 0 0 0 ],Thresholds: [0 0 600 600 300 200 120 85 54 35 ]
194,Queue Length: 7,Counters: [139 139 139 3 3 3 0 0 0 0 ],Thresholds: [0 0 600 600 300 200 120 85 54 35 ]
195,Queue Length: 6,Counters: [140 140 140 4 4 0 0 0 0 0 ],Thresholds: [0 0 600 600 300 200 120 85 54 35 ]
196,Queue Length: 5,Counters: [141 141 141 5 0 0 0 0 0 0 ],Thresholds: [0 0 600 600 300 200 120 85 54 35 ]
197,Queue Length: 4,Counters: [142 142 142 0 0 0 0 0 0 0 ],Thresholds: [0 0 600 600 300 200 120 85 54 35 ]
198,Queue Length: 9,Counters: [143 143 143 1 1 1 1 1 0 0 ],Thresholds: [0 0 600 600 300 200 120 85 54 35 ]
199,Queue Length: 9,Counters: [144 144 144 2 2 2 2 2 0 0 ],Thresholds: [0 0 600 600 300 200 120 85 54 35 ]
200,Queue Length: 9,Counters: [145 145 145 3 3 3 3 3 0 0 ],Thresholds: [0 0 600 600 300 200 120 85 54 35 ]
201,Queue Length: 9,Counters: [146 146 146 4 4 4 4 4 0 0 ],Thresholds: [0 0 600 600 300 200 120 85 54 35 ]
202,Queue Length: 9,Counters: [147 147 147 5 5 5 5 5 0 0 ],Thresholds: [0 0 600 600 300 200 120 85 54 35 ]
203,Queue Length: 9,Counters: [148 148 148 6 6 6 6 6 0 0 ],Thresholds: [0 0 600 600 300 200 120 85 54 35 ]
204,Queue Length: 9,Counters: [149 149 149 7 7 7 7 7 0 0 ],Thresholds: [0 0 600 600 300 200 120 85 54 35 ]
205,Queue Length: 9,Counters: [150 150 150 8 8 8 8 8 0 0 ],Thresholds: [0 0 600 600 300 200 120 85 54 35 ]
206,Queue Length: 9,Counters: [151 151 151 9 9 9 9 9 0 0 ],Thresholds: [0 0 600 600 300 200 120 85 54 35 ]
207,Queue Length: 9,Counters: [152 152 152 10 10 10 10 10 0 0 ],Thresholds: [0 0 600 600 300 200 120 85 54 35 ]
208,Queue Length: 9,Counters: [153 153 153 11 11 11 11 11 0 0 ],Thresholds: [0 0 600 600 300 200 120 85 54 35 ]
209,Queue Length: 9,Counters: [154 154 154 12 12 12 12 12 0 0 ],Thresholds: [0 0 600 600 300 200 120 85 54 35 ]
210,Queue Length: 9,Counters: [155 155 155 13 13 13 13 13 0 0 ],Thresholds: [0 0 600 600 300 200 120 85 54 35 ]
211,Queue Length: 9,Counters: [156 156 156 14 14 14 14 14 0 0 ],Thresholds: [0 0 600 600 300 200 120 85 54 35 ]
212,Queue Length: 9,Counters: [157 157 157 15 15 15 15 15 0 0 ],Thresholds: [0 0 600 600 300 200 120 85 54 35 ]
213,Queue Length: 9,Counters: [158 158 158 16 16 16 16 16 0 0 ],Thresholds: [0 0 600 600 300 200 120 85 54 35 ]
214,Queue Length: 9,Counters: [159 159 159 17 17 17 17 17 0 0 ],Thresholds: [0 0 600 600 300 200 120 85 54 35 ]
215,Queue Length: 9,Counters: [160 160 160 18 18 18 18 18 0 0 ],Thresholds: [0 0 600 600 300 200 120 85 54 35 ]
216,Queue Length: 8,Counters: [161 161 161 19 19 19 19 0 0 0 ],Thresholds: [0 0 600 600 300 200 120 85 54 35 ]
217,Queue Length: 7,Counters: [162 162 162 20 20 20 0 0 0 0 ],Thresholds: [0 0 600 600 300 200 120 85 54 35 ]
218,Queue Length: 6,Counters: [163 163 163 21 21 0 0 0 0 0 ],Thresholds: [0 0 600 600 300 200 120 85 54 35 ]
219,Queue Length: 5,Counters: [164 164 164 22 0 0 0 0 0 0 ],Thresholds: [0 0 600 600 300 200 120 85 54 35 ]
220,Queue Length: 4,Counters: [165 165 165 0 0 0 0 0 0 0 ],Thresholds: [0 0 600 600 300 200 120 85 54 35 ]
221,Queue Length: 9,Counters: [166 166 166 1 1 1 1 1 0 0 ],Thresholds: [0 0 600 600 300 200 120 85 54 35 ]
222,Queue Length: 9,Counters: [167 167 167 2 2 2 2 2 0 0 ],Thresholds: [0 0 600 600 300 200 120 85 54 35 ]
223,Queue Length: 9,Counters: [168 168 168 3 3 3 3 3 0 0 ],Thresholds: [0 0 600 600 300 200 120 85 54 35 ]
224,Queue Length: 9,Counters: [169 169 169 4 4 4 4 4 0 0 ],Thresholds: [0 0 600 600 300 200 120 85 54 35 ]
225,Queue Length: 9,Counters: [170 170 170 5 5 5 5 5 0 0 ],Thresholds: [0 0 600 600 300 200 120 85 54 35 ]
226,Queue Length: 9,Counters: [171 171 171 6 6 6 6 6 0 0 ],Thresholds: [0 0 600 600 300 200 120 85 54 35 ]
227,Queue Length: 9,Counters: [172 172 172 7 7 7 7 7 0 0 ],Thresholds: [0 0 600 600 300 200 120 85 54 35 ]
228,Queue Length: 9,Counters: [173 173 173 8 8 8 8 8 0 0 ],Thresholds: [0 0 600 600 300 200 120 85 54 35 ]
229,Queue Length: 9,Counters: [174 174 174 9 9 9 9 9 0 0 ],Thresholds: [0 0 600 600 300 200 120 85 54 35 ]
230,Queue Length: 9,Counters: [175 175 175 10 10 10 10 10 0 0 ],Thresholds: [0 0 600 600 300 200 120 85 54 35 ]
231,Queue Length: 9,Counters: [176 176 176 11 11 11 11 11 0 0 ],Thresholds: [0 0 600 600 300 200 120 85 54 35 ]
232,Queue Length: 9,Counters: [177 177 177 12 12 12 12 12 0 0 ],Thresholds: [0 0 600 600 300 200 120 85 54 35 ]
233,Queue Length: 9,Counters: [178 178 178 13 13 13 13 13 0 0 ],Thresholds: [0 0 600 600 300 200 120 85 54 35 ]
234,Queue Length: 9,Counters: [179 179 179 14 14 14 14 14 0 0 ],Thresholds: [0 0 600 600 300 200 120 85 54 35 ]
235,Queue Length: 9,Counters: [180 180 180 15 15 15 15 15 0 0 ],Thresholds: [0 0 600 600 300 200 120 85 54 35 ]
236,Queue Length: 9,Counters: [181 181 181 16 16 16 16 16 0 0 ],Thresholds: [0 0 600 600 300 200 120 85 54 35 ]
237,Queue Length: 9,Counters: [182 182 182 17 17 17 17 17 0 0 ],Thresholds: [0 0 600 600 300 200 120 85 54 35 ]
238,Queue Length: 9,Counters: [183 183 183 18 18 18 18 18 0 0 ],Thresholds: [0 0 600 600 300 200 120 85 54 35 ]
239,Queue Length: 9,Counters: [184 184 184 19 19 19 19 19 0 0 ],Thresholds: [0 0 600 600 300 200 120 85 54 35 ]
240,Queue Length: 9,Counters: [185 185 185 20 20 20 20 20 0 0 ],Thresholds: [0 0 600 600 300 200 120 85 54 35 ]
241,Queue Length: 9,Counters: [186 186 186 21 21 21 21 21 0 0 ],Thresholds: [0 0 600 600 300 200 120 85 54 35 ]
242,Queue Length: 9,Counters: [187 187 187 22 22 22 22 22 0 0 ],Thresholds: [0 0 600 600 300 200 120 85 54 35 ]
243,Queue Length: 9,Counters: [188 188 188 23 23 23 23 23 0 0 ],Thresholds: [0 0 600 600 300 200 120 85 54 35 ]
244,Queue Length: 9,Counters: [189 189 189 24 24 24 24 24 0 0 ],Thresholds: [0 0 600 600 300 200 120 85 54 35 ]
245,Queue Length: 9,Counters: [190 190 190 25 25 25 25 25 0 0 ],Thresholds: [0 0 600 600 300 200 120 85 54 35 ]
246,Queue Length: 9,Counters: [191 191 191 26 26 26 26 26 0 0 ],Thresholds: [0 0 600 600 300 200 120 85 54 35 ]
247,Queue Length: 9,Counters: [192 192 192 27 27 27 27 27 0 0 ],Thresholds: [0 0 600 600 300 200 120 85 54 35 ]
248,Queue Length: 9,Counters: [193 193 193 28 28 28 28 28 0 0 ],Thresholds: [0 0 600 600 300 200 120 85 54 35 ]
249,Queue Length: 9,Counters: [194 194 194 29 29 29 29 29 0 0 ],Thresholds: [0 0 600 600 300 200 120 85 54 35 ]
250,Queue Length: 9,Counters: [195 195 195 30 30 30 30 30 0 0 ],Thresholds: [0 0 600 600 300 200 120 85 54 35 ]
251,Queue Length: 9,Counters: [196 196 196 31 31 31 31 31 0 0 ],Thresholds: [0 0 600 600 300 200 120 85 54 35 ]
252,Queue Length: 9,Counters: [197 197 197 32 32 32 32 32 0 0 ],Thresholds: [0 0 600 600 300 200 120 85 54 35 ]
253,Queue Length: 9,Counters: [198 198 198 33 33 33 33 33 0 0 ],Thresholds: [0 0 600 600 300 200 120 85 54 35 ]
254,Queue Length: 9,Counters: [199 199 199 34 34 34 34 34 0 0 ],Thresholds: [0 0 600 600 300 200 120 85 54 35 ]
255,Queue Length: 9,Counters: [200 200 200 35 35 35 35 35 0 0 ],Thresholds: [0 0 600 600 300 200 120 85 54 35 ]
256,Queue Length: 9,Counters: [201 201 201 36 36 36 36 36 0 0 ],Thresholds: [0 0 600 600 300 200 120 85 54 35 ]
257,Queue Length: 9,Counters: [202 202 202 37 37 37 37 37 0 0 ],Thresholds: [0 0 600 600 300 200 120 85 54 35 ]
258,Queue Length: 9,Counters: [203 203 203 38 38 38 38 38 0 0 ],Thresholds: [0 0 600 600 300 200 120 85 54 35 ]
259,Queue Length: 9,Counters: [204 204 204 39 39 39 39 39 0 0 ],Thresholds: [0 0 600 600 300 200 120 85 54 35 ]
260,Queue Length: 9,Counters: [205 205 205 40 40 40 40 40 0 0 ],Thresholds: [0 0 600 600 300 200 120 85 54 35 ]
261,Queue Length: 9,Counters: [206 206 206 41 41 41 41 41 0 0 ],Thresholds: [0 0 600 600 300 200 120 85 54 35 ]
262,Queue Length: 9,Counters: [207 207 207 42 42 42 42 42 0 0 ],Thresholds: [0 0 600 600 300 200 120 85 54 35 ]
263,Queue Length: 9,Counters: [208 208 208 43 43 43 43 43 0 0 ],Thresholds: [0 0 600 600 300 200 120 85 54 35 ]
264,Queue Length: 9,Counters: [209 209 209 44 44 44 44 44 0 0 ],Thresholds: [0 0 600 600 300 200 120 85 54 35 ]
265,Queue Length: 9,Counters: [210 210 210 45 45 45 45 45 0 0 ],Thresholds: [0 0 600 600 300 200 120 85 54 35 ]
266,Queue Length: 9,Counters: [211 211 211 46 46 46 46 46 0 0 ],Thresholds: [0 0 600 600 300 200 120 85 54 35 ]
267,Queue Length: 9,Counters: [212 212 212 47 47 47 47 47 0 0 ],Thresholds: [0 0 600 600 300 200 120 85 54 35 ]
268,Queue Length: 9,Counters: [213 213 213 48 48 48 48 48 0 0 ],Thresholds: [0 0 600 600 300 200 120 85 54 35 ]
269,Queue Length: 9,Counters: [214 214 214 49 49 49 49 49 0 0 ],Thresholds: [0 0 600 600 300 200 120 85 54 35 ]
270,Queue Length: 9,Counters: [215 215 215 50 50 50 50 50 0 0 ],Thresholds: [0 0 600 600 300 200 120 85 54 35 ]
271,Queue Length: 9,Counters: [216 216 216 51 51 51 51 51 0 0 ],Thresholds: [0 0 600 600 300 200 120 85 54 35 ]
272,Queue Length: 9,Counters: [217 217 217 52 52 52 52 52 0 0 ],Thresholds: [0 0 600 600 300 200 120 85 54 35 ]
273,Queue Length: 9,Counters: [218 218 218 53 53 53 53 53 0 0 ],Thresholds: [0 0 600 600 300 200 120 85 54 35 ]
274,Queue Length: 9,Counters: [219 219 219 54 54 54 54 54 0 0 ],Thresholds: [0 0 600 600 300 200 120 85 54 35 ]
275,Queue Length: 9,Counters: [220 220 220 55 55 55 55 55 0 0 ],Thresholds: [0 0 600 600 300 200 120 85 54 35 ]
276,Queue Length: 9,Counters: [221 221 221 56 56 56 56 56 0 0 ],Thresholds: [0 0 600 600 300 200 120 85 54 35 ]
277,Queue Length: 9,Counters: [222 222 222 57 57 57 57 57 0 0 ],Thresholds: [0 0 600 600 300 200 120 85 54 35 ]
278,Queue Length: 9,Counters: [223 223 223 58 58 58 58 58 0 0 ],Thresholds: [0 0 600 600 300 200 120 85 54 35 ]
279,Queue Length: 9,Counters: [224 224 224 59 59 59 59 59 0 0 ],Thresholds: [0 0 600 600 300 200 120 85 54 35 ]
280,Queue Length: 9,Counters: [225 225 225 60 60 60 60 60 0 0 ],Thresholds: [0 0 600 600 300 200 120 85 54 35 ]
281,Queue Length: 9,Counters: [226 226 226 61 61 61 61 61 0 0 ],Thresholds: [0 0 600 600 300 200 120 85 54 35 ]
282,Queue Length: 9,Counters: [227 227 227 62 62 62 62 62 0 0 ],Thresholds: [0 0 600 600 300 200 120 85 54 35 ]
283,Queue Length: 9,Counters: [228 228 228 63 63 63 63 63 0 0 ],Thresholds: [0 0 600 600 300 200 120 85 54 35 ]
284,Queue Length: 9,Counters: [229 229 229 64 64 64 64 64 0 0 ],Thresholds: [0 0 600 600 300 200 120 85 54 35 ]
285,Queue Length: 9,Counters: [230 230 230 65 65 65 65 65 0 0 ],Thresholds: [0 0 600 600 300 200 120 85 54 35 ]
286,Queue Length: 9,Counters: [231 231 231 66 66 66 66 66 0 0 ],Thresholds: [0 0 600 600 300 200 120 85 54 35 ]
287,Queue Length: 9,Counters: [232 232 232 67 67 67 67 67 0 0 ],Thresholds: [0 0 600 600 300 200 120 85 54 35 ]
288,Queue Length: 9,Counters: [233 233 233 68 68 68 68 68 0 0 ],Thresholds: [0 0 600 600 300 200 120 85 54 35 ]
289,Queue Length: 9,Counters: [234 234 234 69 69 69 69 69 0 0 ],Thresholds: [0 0 600 600 300 200 120 85 54 35 ]
290,Queue Length: 9,Counters: [235 235 235 70 70 70 70 70 0 0 ],Thresholds: [0 0 600 600 300 200 120 85 54 35 ]
291,Queue Length: 9,Counters: [236 236 236 71 71 71 71 71 0 0 ],Thresholds: [0 0 600 600 300 200 120 85 54 35 ]
292,Queue Length: 9,Counters: [237 237 237 72 72 72 72 72 0 0 ],Thresholds: [0 0 600 600 300 200 120 85 54 35 ]
293,Queue Length: 9,Counters: [238 238 238 73 73 73 73 73 0 0 ],Thresholds: [0 0 600 600 300 200 120 85 54 35 ]
294,Queue Length: 9,Counters: [239 239 239 74 74 74 74 74 0 0 ],Thresholds: [0 0 600 600 300 200 120 85 54 35 ]
295,Queue Length: 9,Counters: [240 240 240 75 75 75 75 75 0 0 ],Thresholds: [0 0 600 600 300 200 120 85 54 35 ]
296,Queue Length: 9,Counters: [241 241 241 76 76 76 76 76 0 0 ],Thresholds: [0 0 600 600 300 200 120 85 54 35 ]
297,Queue Length: 9,Counters: [242 242 242 77 77 77 77 77 0 0 ],Thresholds: [0 0 600 600 300 200 120 85 54 35 ]
298,Queue Length: 9,Counters: [243 243 243 78 78 78 78 78 0 0 ],Thresholds: [0 0 600 600 300 200 120 85 54 35 ]
299,Queue Length: 9,Counters: [244 244 244 79 79 79 79 79 0 0 ],Thresholds: [0 0 600 600 300 200 120 85 54 35 ]
300,Queue Length: 9,Counters: [245 245 245 80 80 80 80 80 0 0 ],Thresholds: [0 0 600 600 300 200 120 85 54 35 ]
301,Queue Length: 9,Counters: [246 246 246 81 81 81 81 81 0 0 ],Thresholds: [0 0 600 600 300 200 120 85 54 35 ]
302,Queue Length: 9,Counters: [247 247 247 82 82 82 82 82 0 0 ],Thresholds: [0 0 600 600 300 200 120 85 54 35 ]
303,Queue Length: 9,Counters: [248 248 248 83 83 83 83 83 0 0 ],Thresholds: [0 0 600 600 300 200 120 85 54 35 ]
304,Queue Length: 9,Counters: [249 249 249 84 84 84 84 84 0 0 ],Thresholds: [0 0 600 600 300 200 120 85 54 35 ]
305,Queue Length: 9,Counters: [250 250 250 85 85 85 85 85 0 0 ],Thresholds: [0 0 600 600 300 200 120 85 54 35 ]
306,Queue Length: 9,Counters: [0 0 0 0 0 0 0 0 0 0 ],Thresholds: [0 0 600 600 300 200 120 85 54 35 ]
307,Queue Length: 8,Counters: [1 1 1 1 1 1 1 0 0 0 ],Thresholds: [0 0 600 600 300 200 120 85 54 35 ]
308,Queue Length: 8,Counters: [2 2 2 2 2 2 2 0 0 0 ],Thresholds: [0 0 600 600 300 200 120 85 54 35 ]
309,Queue Length: 8,Counters: [3 3 3 3 3 3 3 0 0 0 ],Thresholds: [0 0 600 600 300 200 120 85 54 35 ]
310,Queue Length: 8,Counters: [4 4 4 4 4 4 4 0 0 0 ],Thresholds: [0 0 600 600 300 200 120 85 54 35 ]
311,Queue Length: 8,Counters: [5 5 5 5 5 5 5 0 0 0 ],Thresholds: [0 0 600 600 300 200 120 85 54 35 ]
312,Queue Length: 8,Counters: [6 6 6 6 6 6 6 0 0 0 ],Thresholds: [0 0 600 600 300 200 120 85 54 35 ]
313,Queue Length: 8,Counters: [7 7 7 7 7 7 7 0 0 0 ],Thresholds: [0 0 600 600 300 200 120 85 54 35 ]
314,Queue Length: 8,Counters: [8 8 8 8 8 8 8 0 0 0 ],Thresholds: [0 0 600 600 300 200 120 85 54 35 ]
315,Queue Length: 7,Counters: [9 9 9 9 9 9 0 0 0 0 ],Thresholds: [0 0 600 600 300 200 120 85 54 35 ]
316,Queue Length: 6,Counters: [10 10 10 10 10 0 0 0 0 0 ],Thresholds: [0 0 600 600 300 200 120 85 54 35 ]
317,Queue Length: 5,Counters: [11 11 11 11 0 0 0 0 0 0 ],Thresholds: [0 0 600 600 300 200 120 85 54 35 ]
318,Queue Length: 4,Counters: [12 12 12 0 0 0 0 0 0 0 ],Thresholds: [0 0 600 600 300 200 120 85 54 35 ]
319,Queue Length: 3,Counters: [13 13 0 0 0 0 0 0 0 0 ],Thresholds: [0 0 600 600 300 200 120 85 54 35 ]
320,Queue Length: 4,Counters: [14 14 1 0 0 0 0 0 0 0 ],Thresholds: [0 0 600 600 300 200 120 85 54 35 ]
321,Queue Length: 3,Counters: [15 15 0 0 0 0 0 0 0 0 ],Thresholds: [0 0 600 600 300 200 120 85 54 35 ]
322,Queue Length: 8,Counters: [16 16 1 1 1 1 1 0 0 0 ],Thresholds: [0 0 600 600 300 200 120 85 54 35 ]
323,Queue Length: 8,Counters: [17 17 2 2 2 2 2 0 0 0 ],Thresholds: [0 0 600 600 300 200 120 85 54 35 ]
324,Queue Length: 8,Counters: [18 18 3 3 3 3 3 0 0 0 ],Thresholds: [0 0 600 600 300 200 120 85 54 35 ]
325,Queue Length: 8,Counters: [19 19 4 4 4 4 4 0 0 0 ],Thresholds: [0 0 600 600 300 200 120 85 54 35 ]
326,Queue Length: 8,Counters: [20 20 5 5 5 5 5 0 0 0 ],Thresholds: [0 0 600 600 300 200 120 85 54 35 ]
327,Queue Length: 8,Counters: [21 21 6 6 6 6 6 0 0 0 ],Thresholds: [0 0 600 600 300 200 120 85 54 35 ]
328,Queue Length: 8,Counters: [22 22 7 7 7 7 7 0 0 0 ],Thresholds: [0 0 600 600 300 200 120 85 54 35 ]
329,Queue Length: 8,Counters: [23 23 8 8 8 8 8 0 0 0 ],Thresholds: [0 0 600 600 300 200 120 85 54 35 ]
330,Queue Length: 8,Counters: [24 24 9 9 9 9 9 0 0 0 ],Thresholds: [0 0 600 600 300 200 120 85 54 35 ]
331,Queue Length: 8,Counters: [25 25 10 10 10 10 10 0 0 0 ],Thresholds: [0 0 600 600 300 200 120 85 54 35 ]
332,Queue Length: 8,Counters: [26 26 11 11 11 11 11 0 0 0 ],Thresholds: [0 0 600 600 300 200 120 85 54 35 ]
333,Queue Length: 8,Counters: [27 27 12 12 12 12 12 0 0 0 ],Thresholds: [0 0 600 600 300 200 120 85 54 35 ]
334,Queue Length: 8,Counters: [28 28 13 13 13 13 13 0 0 0 ],Thresholds: [0 0 600 600 300 200 120 85 54 35 ]
335,Queue Length: 7,Counters: [29 29 14 14 14 14 0 0 0 0 ],Thresholds: [0 0 600 600 300 200 120 85 54 35 ]
336,Queue Length: 6,Counters: [30 30 15 15 15 0 0 0 0 0 ],Thresholds: [0 0 600 600 300 200 120 85 54 35 ]
337,Queue Length: 5,Counters: [31 31 16 16 0 0 0 0 0 0 ],Thresholds: [0 0 600 600 300 200 120 85 54 35 ]
338,Queue Length: 4,Counters: [32 32 17 0 0 0 0 0 0 0 ],Thresholds: [0 0 600 600 300 200 120 85 54 35 ]
339,Queue Length: 3,Counters: [33 33 0 0 0 0 0 0 0 0 ],Thresholds: [0 0 600 600 300 200 120 85 54 35 ]
340,Queue Length: 8,Counters: [34 34 1 1 1 1 1 0 0 0 ],Thresholds: [0 0 600 600 300 200 120 85 54 35 ]
341,Queue Length: 8,Counters: [35 35 2 2 2 2 2 0 0 0 ],Thresholds: [0 0 600 600 300 200 120 85 54 35 ]
342,Queue Length: 8,Counters: [36 36 3 3 3 3 3 0 0 0 ],Thresholds: [0 0 600 600 300 200 120 85 54 35 ]
343,Queue Length: 8,Counters: [37 37 4 4 4 4 4 0 0 0 ],Thresholds: [0 0 600 600 300 200 120 85 54 35 ]
344,Queue Length: 8,Counters: [38 38 5 5 5 5 5 0 0 0 ],Thresholds: [0 0 600 600 300 200 120 85 54 35 ]
345,Queue Length: 8,Counters: [39 39 6 6 6 6 6 0 0 0 ],Thresholds: [0 0 600 600 300 200 120 85 54 35 ]
346,Queue Length: 8,Counters: [40 40 7 7 7 7 7 0 0 0 ],Thresholds: [0 0 600 600 300 200 120 85 54 35 ]
347,Queue Length: 8,Counters: [41 41 8 8 8 8 8 0 0 0 ],Thresholds: [0 0 600 600 300 200 120 85 54 35 ]
348,Queue Length: 8,Counters: [42 42 9 9 9 9 9 0 0 0 ],Thresholds: [0 0 600 600 300 200 120 85 54 35 ]
349,Queue Length: 8,Counters: [43 43 10 10 10 10 10 0 0 0 ],Thresholds: [0 0 600 600 300 200 120 85 54 35 ]
350,Queue Length: 8,Counters: [44 44 11 11 11 11 11 0 0 0 ],Thresholds: [0 0 600 600 300 200 120 85 54 35 ]
351,Queue Length: 8,Counters: [45 45 12 12 12 12 12 0 0 0 ],Thresholds: [0 0 600 600 300 200 120 85 54 35 ]
352,Queue Length: 8,Counters: [46 46 13 13 13 13 13 0 0 0 ],Thresholds: [0 0 600 600 300 200 120 85 54 35 ]
353,Queue Length: 8,Counters: [47 47 14 14 14 14 14 0 0 0 ],Thresholds: [0 0 600 600 300 200 120 85 54 35 ]
354,Queue Length: 8,Counters: [48 48 15 15 15 15 15 0 0 0 ],Thresholds: [0 0 600 600 300 200 120 85 54 35 ]
355,Queue Length: 8,Counters: [49 49 16 16 16 16 16 0 0 0 ],Thresholds: [0 0 600 600 300 200 120 85 54 35 ]
356,Queue Length: 8,Counters: [50 50 17 17 17 17 17 0 0 0 ],Thresholds: [0 0 600 600 300 200 120 85 54 35 ]
357,Queue Length: 8,Counters: [51 51 18 18 18 18 18 0 0 0 ],Thresholds: [0 0 600 600 300 200 120 85 54 35 ]
358,Queue Length: 8,Counters: [52 52 19 19 19 19 19 0 0 0 ],Thresholds: [0 0 600 600 300 200 120 85 54 35 ]
359,Queue Length: 8,Counters: [53 53 20 20 20 20 20 0 0 0 ],Thresholds: [0 0 600 600 300 200 120 85 54 35 ]
360,Queue Length: 8,Counters: [54 54 21 21 21 21 21 0 0 0 ],Thresholds: [0 0 600 600 300 200 120 85 54 35 ]
361,Queue Length: 8,Counters: [55 55 22 22 22 22 22 0 0 0 ],Thresholds: [0 0 600 600 300 200 120 85 54 35 ]
362,Queue Length: 8,Counters: [56 56 23 23 23 23 23 0 0 0 ],Thresholds: [0 0 600 600 300 200 120 85 54 35 ]
363,Queue Length: 8,Counters: [57 57 24 24 24 24 24 0 0 0 ],Thresholds: [0 0 600 600 300 200 120 85 54 35 ]
364,Queue Length: 8,Counters: [58 58 25 25 25 25 25 0 0 0 ],Thresholds: [0 0 600 600 300 200 120 85 54 35 ]
365,Queue Length: 8,Counters: [59 59 26 26 26 26 26 0 0 0 ],Thresholds: [0 0 600 600 300 200 120 85 54 35 ]
366,Queue Length: 8,Counters: [60 60 27 27 27 27 27 0 0 0 ],Thresholds: [0 0 600 600 300 200 120 85 54 35 ]
367,Queue Length: 8,Counters: [61 61 28 28 28 28 28 0 0 0 ],Thresholds: [0 0 600 600 300 200 120 85 54 35 ]
368,Queue Length: 8,Counters: [62 62 29 29 29 29 29 0 0 0 ],Thresholds: [0 0 600 600 300 200 120 85 54 35 ]
369,Queue Length: 8,Counters: [63 63 30 30 30 30 30 0 0 0 ],Thresholds: [0 0 600 600 300 200 120 85 54 35 ]
370,Queue Length: 8,Counters: [64 64 31 31 31 31 31 0 0 0 ],Thresholds: [0 0 600 600 300 200 120 85 54 35 ]
371,Queue Length: 8,Counters: [65 65 32 32 32 32 32 0 0 0 ],Thresholds: [0 0 600 600 300 200 120 85 54 35 ]
372,Queue Length: 8,Counters: [66 66 33 33 33 33 33 0 0 0 ],Thresholds: [0 0 600 600 300 200 120 85 54 35 ]
373,Queue Length: 8,Counters: [67 67 34 34 34 34 34 0 0 0 ],Thresholds: [0 0 600 600 300 200 120 85 54 35 ]
374,Queue Length: 8,Counters: [68 68 35 35 35 35 35 0 0 0 ],Thresholds: [0 0 600 600 300 200 120 85 54 35 ]
375,Queue Length: 8,Counters: [69 69 36 36 36 36 36 0 0 0 ],Thresholds: [0 0 600 600 300 200 120 85 54 35 ]
376,Queue Length: 8,Counters: [70 70 37 37 37 37 37 0 0 0 ],Thresholds: [0 0 600 600 300 200 120 85 54 35 ]
377,Queue Length: 8,Counters: [71 71 38 38 38 38 38 0 0 0 ],Thresholds: [0 0 600 600 300 200 120 85 54 35 ]
378,Queue Length: 8,Counters: [72 72 39 39 39 39 39 0 0 0 ],Thresholds: [0 0 600 600 300 200 120 85 54 35 ]
379,Queue Length: 8,Counters: [73 73 40 40 40 40 40 0 0 0 ],Thresholds: [0 0 600 600 300 200 120 85 54 35 ]
380,Queue Length: 8,Counters: [74 74 41 41 41 41 41 0 0 0 ],Thresholds: [0 0 600 600 300 200 120 85 54 35 ]
381,Queue Length: 8,Counters: [75 75 42 42 42 42 42 0 0 0 ],Thresholds: [0 0 600 600 300 200 120 85 54 35 ]
382,Queue Length: 8,Counters: [76 76 43 43 43 43 43 0 0 0 ],Thresholds: [0 0 600 600 300 200 120 85 54 35 ]
383,Queue Length: 8,Counters: [77 77 44 44 44 44 44 0 0 0 ],Thresholds: [0 0 600 600 300 200 120 85 54 35 ]
384,Queue Length: 8,Counters: [78 78 45 45 45 45 45 0 0 0 ],Thresholds: [0 0 600 600 300 200 120 85 54 35 ]
385,Queue Length: 8,Counters: [79 79 46 46 46 46 46 0 0 0 ],Thresholds: [0 0 600 600 300 200 120 85 54 35 ]
386,Queue Length: 8,Counters: [80 80 47 47 47 47 47 0 0 0 ],Thresholds: [0 0 600 600 300 200 120 85 54 35 ]
387,Queue Length: 8,Counters: [81 81 48 48 48 48 48 0 0 0 ],Thresholds: [0 0 600 600 300 200 120 85 54 35 ]
388,Queue Length: 8,Counters: [82 82 49 49 49 49 49 0 0 0 ],Thresholds: [0 0 600 600 300 200 120 85 54 35 ]
389,Queue Length: 8,Counters: [83 83 50 50 50 50 50 0 0 0 ],Thresholds: [0 0 600 600 300 200 120 85 54 35 ]
390,Queue Length: 8,Counters: [84 84 51 51 51 51 51 0 0 0 ],Thresholds: [0 0 600 600 300 200 120 85 54 35 ]
391,Queue Length: 8,Counters: [85 85 52 52 52 52 52 0 0 0 ],Thresholds: [0 0 600 600 300 200 120 85 54 35 ]
392,Queue Length: 8,Counters: [86 86 53 53 53 53 53 0 0 0 ],Thresholds: [0 0 600 600 300 200 120 85 54 35 ]
393,Queue Length: 8,Counters: [87 87 54 54 54 54 54 0 0 0 ],Thresholds: [0 0 600 600 300 200 120 85 54 35 ]
394,Queue Length: 8,Counters: [88 88 55 55 55 55 55 0 0 0 ],Thresholds: [0 0 600 600 300 200 120 85 54 35 ]
395,Queue Length: 8,Counters: [89 89 56 56 56 56 56 0 0 0 ],Thresholds: [0 0 600 600 300 200 120 85 54 35 ]
396,Queue Length: 8,Counters: [90 90 57 57 57 57 57 0 0 0 ],Thresholds: [0 0 600 600 300 200 120 85 54 35 ]
397,Queue Length: 8,Counters: [91 91 58 58 58 58 58 0 0 0 ],Thresholds: [0 0 600 600 300 200 120 85 54 35 ]
398,Queue Length: 8,Counters: [92 92 59 59 59 59 59 0 0 0 ],Thresholds: [0 0 600 600 300 200 120 85 54 35 ]
399,Queue Length: 8,Counters: [93 93 60 60 60 60 60 0 0 0 ],Thresholds: [0 0 600 600 300 200 120 85 54 35 ]
400,Queue Length: 8,Counters: [94 94 61 61 61 61 61 0 0 0 ],Thresholds: [0 0 600 600 300 200 120 85 54 35 ]
401,Queue Length: 8,Counters: [95 95 62 62 62 62 62 0 0 0 ],Thresholds: [0 0 600 600 300 200 120 85 54 35 ]
402,Queue Length: 8,Counters: [96 96 63 63 63 63 63 0 0 0 ],Thresholds: [0 0 600 600 300 200 120 85 54 35 ]
403,Queue Length: 8,Counters: [97 97 64 64 64 64 64 0 0 0 ],Thresholds: [0 0 600 600 300 200 120 85 54 35 ]
404,Queue Length: 8,Counters: [98 98 65 65 65 65 65 0 0 0 ],Thresholds: [0 0 600 600 300 200 120 85 54 35 ]
405,Queue Length: 8,Counters: [99 99 66 66 66 66 66 0 0 0 ],Thresholds: [0 0 600 600 300 200 120 85 54 35 ]
406,Queue Length: 8,Counters: [100 100 67 67 67 67 67 0 0 0 ],Thresholds: [0 0 600 600 300 200 120 85 54 35 ]
407,Queue Length: 8,Counters: [101 101 68 68 68 68 68 0 0 0 ],Thresholds: [0 0 600 600 300 200 120 85 54 35 ]
408,Queue Length: 8,Counters: [102 102 69 69 69 69 69 0 0 0 ],Thresholds: [0 0 600 600 300 200 120 85 54 35 ]
409,Queue Length: 8,Counters: [103 103 70 70 70 70 70 0 0 0 ],Thresholds: [0 0 600 600 300 200 120 85 54 35 ]
410,Queue Length: 8,Counters: [104 104 71 71 71 71 71 0 0 0 ],Thresholds: [0 0 600 600 300 200 120 85 54 35 ]
411,Queue Length: 8,Counters: [105 105 72 72 72 72 72 0 0 0 ],Thresholds: [0 0 600 600 300 200 120 85 54 35 ]
412,Queue Length: 8,Counters: [106 106 73 73 73 73 73 0 0 0 ],Thresholds: [0 0 600 600 300 200 120 85 54 35 ]
413,Queue Length: 8,Counters: [107 107 74 74 74 74 74 0 0 0 ],Thresholds: [0 0 600 600 300 200 120 85 54 35 ]
414,Queue Length: 8,Counters: [108 108 75 75 75 75 75 0 0 0 ],Thresholds: [0 0 600 600 300 200 120 85 54 35 ]
415,Queue Length: 8,Counters: [109 109 76 76 76 76 76 0 0 0 ],Thresholds: [0 0 600 600 300 200 120 85 54 35 ]
416,Queue Length: 8,Counters: [110 110 77 77 77 77 77 0 0 0 ],Thresholds: [0 0 600 600 300 200 120 85 54 35 ]
417,Queue Length: 8,Counters: [111 111 78 78 78 78 78 0 0 0 ],Thresholds: [0 0 600 600 300 200 120 85 54 35 ]
418,Queue Length: 8,Counters: [112 112 79 79 79 79 79 0 0 0 ],Thresholds: [0 0 600 600 300 200 120 85 54 35 ]
419,Queue Length: 8,Counters: [113 113 80 80 80 80 80 0 0 0 ],Thresholds: [0 0 600 600 300 200 120 85 54 35 ]
420,Queue Length: 8,Counters: [114 114 81 81 81 81 81 0 0 0 ],Thresholds: [0 0 600 600 300 200 120 85 54 35 ]
421,Queue Length: 8,Counters: [115 115 82 82 82 82 82 0 0 0 ],Thresholds: [0 0 600 600 300 200 120 85 54 35 ]
422,Queue Length: 8,Counters: [116 116 83 83 83 83 83 0 0 0 ],Thresholds: [0 0 600 600 300 200 120 85 54 35 ]
423,Queue Length: 8,Counters: [117 117 84 84 84 84 84 0 0 0 ],Thresholds: [0 0 600 600 300 200 120 85 54 35 ]
424,Queue Length: 8,Counters: [118 118 85 85 85 85 85 0 0 0 ],Thresholds: [0 0 600 600 300 200 120 85 54 35 ]
425,Queue Length: 8,Counters: [119 119 86 86 86 86 86 0 0 0 ],Thresholds: [0 0 600 600 300 200 120 85 54 35 ]
426,Queue Length: 8,Counters: [120 120 87 87 87 87 87 0 0 0 ],Thresholds: [0 0 600 600 300 200 120 85 54 35 ]
427,Queue Length: 8,Counters: [121 121 88 88 88 88 88 0 0 0 ],Thresholds: [0 0 600 600 300 200 120 85 54 35 ]
428,Queue Length: 8,Counters: [122 122 89 89 89 89 89 0 0 0 ],Thresholds: [0 0 600 600 300 200 120 85 54 35 ]
429,Queue Length: 8,Counters: [123 123 90 90 90 90 90 0 0 0 ],Thresholds: [0 0 600 600 300 200 120 85 54 35 ]
430,Queue Length: 8,Counters: [124 124 91 91 91 91 91 0 0 0 ],Thresholds: [0 0 600 600 300 200 120 85 54 35 ]
431,Queue Length: 8,Counters: [125 125 92 92 92 92 92 0 0 0 ],Thresholds: [0 0 600 600 300 200 120 85 54 35 ]
432,Queue Length: 8,Counters: [126 126 93 93 93 93 93 0 0 0 ],Thresholds: [0 0 600 600 300 200 120 85 54 35 ]
433,Queue Length: 8,Counters: [127 127 94 94 94 94 94 0 0 0 ],Thresholds: [0 0 600 600 300 200 120 85 54 35 ]
434,Queue Length: 8,Counters: [128 128 95 95 95 95 95 0 0 0 ],Thresholds: [0 0 600 600 300 200 120 85 54 35 ]
435,Queue Length: 8,Counters: [129 129 96 96 96 96 96 0 0 0 ],Thresholds: [0 0 600 600 300 200 120 85 54 35 ]
436,Queue Length: 8,Counters: [130 130 97 97 97 97 97 0 0 0 ],Thresholds: [0 0 600 600 300 200 120 85 54 35 ]
437,Queue Length: 8,Counters: [131 131 98 98 98 98 98 0 0 0 ],Thresholds: [0 0 600 600 300 200 120 85 54 35 ]
438,Queue Length: 8,Counters: [132 132 99 99 99 99 99 0 0 0 ],Thresholds: [0 0 600 600 300 200 120 85 54 35 ]
439,Queue Length: 8,Counters: [133 133 100 100 100 100 100 0 0 0 ],Thresholds: [0 0 600 600 300 200 120 85 54 35 ]
440,Queue Length: 8,Counters: [134 134 101 101 101 101 101 0 0 0 ],Thresholds: [0 0 600 600 300 200 120 85 54 35 ]
441,Queue Length: 8,Counters: [135 135 102 102 102 102 102 0 0 0 ],Thresholds: [0 0 600 600 300 200 120 85 54 35 ]
442,Queue Length: 8,Counters: [136 136 103 103 103 103 103 0 0 0 ],Thresholds: [0 0 600 600 300 200 120 85 54 35 ]
443,Queue Length: 8,Counters: [137 137 104 104 104 104 104 0 0 0 ],Thresholds: [0 0 600 600 300 200 120 85 54 35 ]
444,Queue Length: 8,Counters: [138 138 105 105 105 105 105 0 0 0 ],Thresholds: [0 0 600 600 300 200 120 85 54 35 ]
445,Queue Length: 8,Counters: [139 139 106 106 106 106 106 0 0 0 ],Thresholds: [0 0 600 600 300 200 120 85 54 35 ]
446,Queue Length: 8,Counters: [140 140 107 107 107 107 107 0 0 0 ],Thresholds: [0 0 600 600 300 200 120 85 54 35 ]
447,Queue Length: 8,Counters: [141 141 108 108 108 108 108 0 0 0 ],Thresholds: [0 0 600 600 300 200 120 85 54 35 ]
448,Queue Length: 8,Counters: [142 142 109 109 109 109 109 0 0 0 ],Thresholds: [0 0 600 600 300 200 120 85 54 35 ]
449,Queue Length: 8,Counters: [143 143 110 110 110 110 110 0 0 0 ],Thresholds: [0 0 600 600 300 200 120 85 54 35 ]
450,Queue Length: 8,Counters: [144 144 111 111 111 111 111 0 0 0 ],Thresholds: [0 0 600 600 300 200 120 85 54 35 ]
451,Queue Length: 7,Counters: [145 145 112 112 112 112 0 0 0 0 ],Thresholds: [0 0 600 600 300 200 120 85 54 35 ]
452,Queue Length: 8,Counters: [146 146 113 113 113 113 1 0 0 0 ],Thresholds: [0 0 600 600 300 200 120 85 54 35 ]
453,Queue Length: 8,Counters: [147 147 114 114 114 114 2 0 0 0 ],Thresholds: [0 0 600 600 300 200 120 85 54 35 ]
454,Queue Length: 8,Counters: [148 148 115 115 115 115 3 0 0 0 ],Thresholds: [0 0 600 600 300 200 120 85 54 35 ]
455,Queue Length: 8,Counters: [149 149 116 116 116 116 4 0 0 0 ],Thresholds: [0 0 600 600 300 200 120 85 54 35 ]
456,Queue Length: 8,Counters: [150 150 117 117 117 117 5 0 0 0 ],Thresholds: [0 0 600 600 300 200 120 85 54 35 ]
457,Queue Length: 8,Counters: [151 151 118 118 118 118 6 0 0 0 ],Thresholds: [0 0 600 600 300 200 120 85 54 35 ]
458,Queue Length: 8,Counters: [152 152 119 119 119 119 7 0 0 0 ],Thresholds: [0 0 600 600 300 200 120 85 54 35 ]
459,Queue Length: 8,Counters: [153 153 120 120 120 120 8 0 0 0 ],Thresholds: [0 0 600 600 300 200 120 85 54 35 ]
460,Queue Length: 8,Counters: [154 154 121 121 121 121 9 0 0 0 ],Thresholds: [0 0 600 600 300 200 120 85 54 35 ]
461,Queue Length: 8,Counters: [155 155 122 122 122 122 10 0 0 0 ],Thresholds: [0 0 600 600 300 200 120 85 54 35 ]
462,Queue Length: 8,Counters: [156 156 123 123 123 123 11 0 0 0 ],Thresholds: [0 0 600 600 300 200 120 85 54 35 ]
463,Queue Length: 8,Counters: [157 157 124 124 124 124 12 0 0 0 ],Thresholds: [0 0 600 600 300 200 120 85 54 35 ]
464,Queue Length: 8,Counters: [158 158 125 125 125 125 13 0 0 0 ],Thresholds: [0 0 600 600 300 200 120 85 54 35 ]
465,Queue Length: 8,Counters: [159 159 126 126 126 126 14 0 0 0 ],Thresholds: [0 0 600 600 300 200 120 85 54 35 ]
466,Queue Length: 8,Counters: [160 160 127 127 127 127 15 0 0 0 ],Thresholds: [0 0 600 600 300 200 120 85 54 35 ]
467,Queue Length: 8,Counters: [161 161 128 128 128 128 16 0 0 0 ],Thresholds: [0 0 600 600 300 200 120 85 54 35 ]
468,Queue Length: 8,Counters: [162 162 129 129 129 129 17 0 0 0 ],Thresholds: [0 0 600 600 300 200 120 85 54 35 ]
469,Queue Length: 8,Counters: [163 163 130 130 130 130 18 0 0 0 ],Thresholds: [0 0 600 600 300 200 120 85 54 35 ]
470,Queue Length: 8,Counters: [164 164 131 131 131 131 19 0 0 0 ],Thresholds: [0 0 600 600 300 200 120 85 54 35 ]
471,Queue Length: 8,Counters: [165 165 132 132 132 132 20 0 0 0 ],Thresholds: [0 0 600 600 300 200 120 85 54 35 ]
472,Queue Length: 8,Counters: [166 166 133 133 133 133 21 0 0 0 ],Thresholds: [0 0 600 600 300 200 120 85 54 35 ]
473,Queue Length: 8,Counters: [167 167 134 134 134 134 22 0 0 0 ],Thresholds: [0 0 600 600 300 200 120 85 54 35 ]
474,Queue Length: 8,Counters: [168 168 135 135 135 135 23 0 0 0 ],Thresholds: [0 0 600 600 300 200 120 85 54 35 ]
475,Queue Length: 8,Counters: [169 169 136 136 136 136 24 0 0 0 ],Thresholds: [0 0 600 600 300 200 120 85 54 35 ]
476,Queue Length: 8,Counters: [170 170 137 137 137 137 25 0 0 0 ],Thresholds: [0 0 600 600 300 200 120 85 54 35 ]
477,Queue Length: 8,Counters: [171 171 138 138 138 138 26 0 0 0 ],Thresholds: [0 0 600 600 300 200 120 85 54 35 ]
478,Queue Length: 8,Counters: [172 172 139 139 139 139 27 0 0 0 ],Thresholds: [0 0 600 600 300 200 120 85 54 35 ]
479,Queue Length: 8,Counters: [173 173 140 140 140 140 28 0 0 0 ],Thresholds: [0 0 600 600 300 200 120 85 54 35 ]
480,Queue Length: 8,Counters: [174 174 141 141 141 141 29 0 0 0 ],Thresholds: [0 0 600 600 300 200 120 85 54 35 ]
481,Queue Length: 8,Counters: [175 175 142 142 142 142 30 0 0 0 ],Thresholds: [0 0 600 600 300 200 120 85 54 35 ]
482,Queue Length: 9,Counters: [176 176 143 143 143 143 31 1 0 0 ],Thresholds: [0 0 600 600 300 200 120 85 54 35 ]
483,Queue Length: 8,Counters: [177 177 144 144 144 144 32 0 0 0 ],Thresholds: [0 0 600 600 300 200 120 85 54 35 ]
484,Queue Length: 8,Counters: [178 178 145 145 145 145 33 0 0 0 ],Thresholds: [0 0 600 600 300 200 120 85 54 35 ]
485,Queue Length: 8,Counters: [179 179 146 146 146 146 34 0 0 0 ],Thresholds: [0 0 600 600 300 200 120 85 54 35 ]
486,Queue Length: 8,Counters: [180 180 147 147 147 147 35 0 0 0 ],Thresholds: [0 0 600 600 300 200 120 85 54 35 ]
487,Queue Length: 8,Counters: [181 181 148 148 148 148 36 0 0 0 ],Thresholds: [0 0 600 600 300 200 120 85 54 35 ]
488,Queue Length: 8,Counters: [182 182 149 149 149 149 37 0 0 0 ],Thresholds: [0 0 600 600 300 200 120 85 54 35 ]
489,Queue Length: 8,Counters: [183 183 150 150 150 150 38 0 0 0 ],Thresholds: [0 0 600 600 300 200 120 85 54 35 ]
490,Queue Length: 8,Counters: [184 184 151 151 151 151 39 0 0 0 ],Thresholds: [0 0 600 600 300 200 120 85 54 35 ]
491,Queue Length: 8,Counters: [185 185 152 152 152 152 40 0 0 0 ],Thresholds: [0 0 600 600 300 200 120 85 54 35 ]
492,Queue Length: 8,Counters: [186 186 153 153 153 153 41 0 0 0 ],Thresholds: [0 0 600 600 300 200 120 85 54 35 ]
493,Queue Length: 8,Counters: [187 187 154 154 154 154 42 0 0 0 ],Thresholds: [0 0 600 600 300 200 120 85 54 35 ]
494,Queue Length: 8,Counters: [188 188 155 155 155 155 43 0 0 0 ],Thresholds: [0 0 600 600 300 200 120 85 54 35 ]
495,Queue Length: 8,Counters: [189 189 156 156 156 156 44 0 0 0 ],Thresholds: [0 0 600 600 300 200 120 85 54 35 ]
496,Queue Length: 8,Counters: [190 190 157 157 157 157 45 0 0 0 ],Thresholds: [0 0 600 600 300 200 120 85 54 35 ]
497,Queue Length: 8,Counters: [191 191 158 158 158 158 46 0 0 0 ],Thresholds: [0 0 600 600 300 200 120 85 54 35 ]
498,Queue Length: 8,Counters: [192 192 159 159 159 159 47 0 0 0 ],Thresholds: [0 0 600 600 300 200 120 85 54 35 ]
499,Queue Length: 8,Counters: [193 193 160 160 160 160 48 0 0 0 ],Thresholds: [0 0 600 600 300 200 120 85 54 35 ]
500,Queue Length: 8,Counters: [194 194 161 161 161 161 49 0 0 0 ],Thresholds: [0 0 600 600 300 200 120 85 54 35 ]
501,Queue Length: 8,Counters: [195 195 162 162 162 162 50 0 0 0 ],Thresholds: [0 0 600 600 300 200 120 85 54 35 ]
502,Queue Length: 8,Counters: [196 196 163 163 163 163 51 0 0 0 ],Thresholds: [0 0 600 600 300 200 120 85 54 35 ]
503,Queue Length: 8,Counters: [197 197 164 164 164 164 52 0 0 0 ],Thresholds: [0 0 600 600 300 200 120 85 54 35 ]
504,Queue Length: 9,Counters: [198 198 165 165 165 165 53 1 0 0 ],Thresholds: [0 0 600 600 300 200 120 85 54 35 ]
505,Queue Length: 9,Counters: [199 199 166 166 166 166 54 2 0 0 ],Thresholds: [0 0 600 600 300 200 120 85 54 35 ]
506,Queue Length: 9,Counters: [200 200 167 167 167 167 55 3 0 0 ],Thresholds: [0 0 600 600 300 200 120 85 54 35 ]
507,Queue Length: 8,Counters: [201 201 168 168 168 168 56 0 0 0 ],Thresholds: [0 0 600 600 300 200 120 85 54 35 ]
508,Queue Length: 8,Counters: [202 202 169 169 169 169 57 0 0 0 ],Thresholds: [0 0 600 600 300 200 120 85 54 35 ]
509,Queue Length: 8,Counters: [203 203 170 170 170 170 58 0 0 0 ],Thresholds: [0 0 600 600 300 200 120 85 54 35 ]
510,Queue Length: 8,Counters: [204 204 171 171 171 171 59 0 0 0 ],Thresholds: [0 0 600 600 300 200 120 85 54 35 ]
511,Queue Length: 9,Counters: [205 205 172 172 172 172 60 1 0 0 ],Thresholds: [0 0 600 600 300 200 120 85 54 35 ]
512,Queue Length: 8,Counters: [206 206 173 173 173 173 61 0 0 0 ],Thresholds: [0 0 600 600 300 200 120 85 54 35 ]
513,Queue Length: 8,Counters: [207 207 174 174 174 174 62 0 0 0 ],Thresholds: [0 0 600 600 300 200 120 85 54 35 ]
514,Queue Length: 9,Counters: [208 208 175 175 175 175 63 1 0 0 ],Thresholds: [0 0 600 600 300 200 120 85 54 35 ]
515,Queue Length: 9,Counters: [209 209 176 176 176 176 64 2 0 0 ],Thresholds: [0 0 600 600 300 200 120 85 54 35 ]
516,Queue Length: 9,Counters: [210 210 177 177 177 177 65 3 0 0 ],Thresholds: [0 0 600 600 300 200 120 85 54 35 ]
517,Queue Length: 8,Counters: [211 211 178 178 178 178 66 0 0 0 ],Thresholds: [0 0 600 600 300 200 120 85 54 35 ]
518,Queue Length: 8,Counters: [212 212 179 179 179 179 67 0 0 0 ],Thresholds: [0 0 600 600 300 200 120 85 54 35 ]
519,Queue Length: 9,Counters: [213 213 180 180 180 180 68 1 0 0 ],Thresholds: [0 0 600 600 300 200 120 85 54 35 ]
520,Queue Length: 9,Counters: [214 214 181 181 181 181 69 2 0 0 ],Thresholds: [0 0 600 600 300 200 120 85 54 35 ]
521,Queue Length: 8,Counters: [215 215 182 182 182 182 70 0 0 0 ],Thresholds: [0 0 600 600 300 200 120 85 54 35 ]
522,Queue Length: 9,Counters: [216 216 183 183 183 183 71 1 0 0 ],Thresholds: [0 0 600 600 300 200 120 85 54 35 ]
523,Queue Length: 8,Counters: [217 217 184 184 184 184 72 0 0 0 ],Thresholds: [0 0 600 600 300 200 120 85 54 35 ]
524,Queue Length: 8,Counters: [218 218 185 185 185 185 73 0 0 0 ],Thresholds: [0 0 600 600 300 200 120 85 54 35 ]
525,Queue Length: 8,Counters: [219 219 186 186 186 186 74 0 0 0 ],Thresholds: [0 0 600 600 300 200 120 85 54 35 ]
526,Queue Length: 8,Counters: [220 220 187 187 187 187 75 0 0 0 ],Thresholds: [0 0 600 600 300 200 120 85 54 35 ]
527,Queue Length: 8,Counters: [221 221 188 188 188 188 76 0 0 0 ],Thresholds: [0 0 600 600 300 200 120 85 54 35 ]
528,Queue Length: 8,Counters: [222 222 189 189 189 189 77 0 0 0 ],Thresholds: [0 0 600 600 300 200 120 85 54 35 ]
529,Queue Length: 8,Counters: [223 223 190 190 190 190 78 0 0 0 ],Thresholds: [0 0 600 600 300 200 120 85 54 35 ]
530,Queue Length: 8,Counters: [224 224 191 191 191 191 79 0 0 0 ],Thresholds: [0 0 600 600 300 200 120 85 54 35 ]
531,Queue Length: 9,Counters: [225 225 192 192 192 192 80 1 0 0 ],Thresholds: [0 0 600 600 300 200 120 85 54 35 ]
532,Queue Length: 9,Counters: [226 226 193 193 193 193 81 2 0 0 ],Thresholds: [0 0 600 600 300 200 120 85 54 35 ]
533,Queue Length: 9,Counters: [227 227 194 194 194 194 82 3 0 0 ],Thresholds: [0 0 600 600 300 200 120 85 54 35 ]
534,Queue Length: 9,Counters: [228 228 195 195 195 195 83 4 0 0 ],Thresholds: [0 0 600 600 300 200 120 85 54 35 ]
535,Queue Length: 9,Counters: [229 229 196 196 196 196 84 5 0 0 ],Thresholds: [0 0 600 600 300 200 120 85 54 35 ]
536,Queue Length: 9,Counters: [230 230 197 197 197 197 85 6 0 0 ],Thresholds: [0 0 600 600 300 200 120 85 54 35 ]
537,Queue Length: 9,Counters: [231 231 198 198 198 198 86 7 0 0 ],Thresholds: [0 0 600 600 300 200 120 85 54 35 ]
538,Queue Length: 8,Counters: [232 232 199 199 199 199 87 0 0 0 ],Thresholds: [0 0 600 600 300 200 120 85 54 35 ]
539,Queue Length: 7,Counters: [233 233 200 200 200 200 0 0 0 0 ],Thresholds: [0 0 600 600 300 200 120 85 54 35 ]
540,Queue Length: 6,Counters: [234 234 201 201 201 0 0 0 0 0 ],Thresholds: [0 0 600 600 300 200 120 85 54 35 ]
541,Queue Length: 5,Counters: [235 235 202 202 0 0 0 0 0 0 ],Thresholds: [0 0 600 600 300 200 120 85 54 35 ]
542,Queue Length: 4,Counters: [236 236 203 0 0 0 0 0 0 0 ],Thresholds: [0 0 600 600 300 200 120 85 54 35 ]
543,Queue Length: 6,Counters: [237 237 204 1 1 0 0 0 0 0 ],Thresholds: [0 0 600 600 300 200 120 85 54 35 ]
544,Queue Length: 6,Counters: [238 238 205 2 2 0 0 0 0 0 ],Thresholds: [0 0 600 600 300 200 120 85 54 35 ]
545,Queue Length: 5,Counters: [239 239 206 3 0 0 0 0 0 0 ],Thresholds: [0 0 600 600 300 200 120 85 54 35 ]
546,Queue Length: 4,Counters: [240 240 207 0 0 0 0 0 0 0 ],Thresholds: [0 0 600 600 300 200 120 85 54 35 ]
547,Queue Length: 6,Counters: [241 241 208 1 1 0 0 0 0 0 ],Thresholds: [0 0 600 600 300 200 120 85 54 35 ]
548,Queue Length: 9,Counters: [242 242 209 2 2 1 1 1 0 0 ],Thresholds: [0 0 600 600 300 200 120 85 54 35 ]
549,Queue Length: 9,Counters: [243 243 210 3 3 2 2 2 0 0 ],Thresholds: [0 0 600 600 300 200 120 85 54 35 ]
550,Queue Length: 9,Counters: [244 244 211 4 4 3 3 3 0 0 ],Thresholds: [0 0 600 600 300 200 120 85 54 35 ]
551,Queue Length: 9,Counters: [245 245 212 5 5 4 4 4 0 0 ],Thresholds: [0 0 600 600 300 200 120 85 54 35 ]
552,Queue Length: 8,Counters: [246 246 213 6 6 5 5 0 0 0 ],Thresholds: [0 0 600 600 300 200 120 85 54 35 ]
553,Queue Length: 7,Counters: [247 247 214 7 7 6 0 0 0 0 ],Thresholds: [0 0 600 600 300 200 120 85 54 35 ]
554,Queue Length: 6,Counters: [248 248 215 8 8 0 0 0 0 0 ],Thresholds: [0 0 600 600 300 200 120 85 54 35 ]
555,Queue Length: 5,Counters: [249 249 216 9 0 0 0 0 0 0 ],Thresholds: [0 0 600 600 300 200 120 85 54 35 ]
556,Queue Length: 4,Counters: [250 250 217 0 0 0 0 0 0 0 ],Thresholds: [0 0 600 600 300 200 120 85 54 35 ]
557,Queue Length: 6,Counters: [251 251 218 1 1 0 0 0 0 0 ],Thresholds: [0 0 600 600 300 200 120 85 54 35 ]
558,Queue Length: 9,Counters: [252 252 219 2 2 1 1 1 0 0 ],Thresholds: [0 0 600 600 300 200 120 85 54 35 ]
559,Queue Length: 9,Counters: [253 253 220 3 3 2 2 2 0 0 ],Thresholds: [0 0 600 600 300 200 120 85 54 35 ]
560,Queue Length: 9,Counters: [254 254 221 4 4 3 3 3 0 0 ],Thresholds: [0 0 600 600 300 200 120 85 54 35 ]
561,Queue Length: 8,Counters: [255 255 222 5 5 4 4 0 0 0 ],Thresholds: [0 0 600 600 300 200 120 85 54 35 ]
562,Queue Length: 9,Counters: [256 256 223 6 6 5 5 1 0 0 ],Thresholds: [0 0 600 600 300 200 120 85 54 35 ]
563,Queue Length: 9,Counters: [257 257 224 7 7 6 6 2 0 0 ],Thresholds: [0 0 600 600 300 200 120 85 54 35 ]
564,Queue Length: 9,Counters: [258 258 225 8 8 7 7 3 0 0 ],Thresholds: [0 0 600 600 300 200 120 85 54 35 ]
565,Queue Length: 9,Counters: [259 259 226 9 9 8 8 4 0 0 ],Thresholds: [0 0 600 600 300 200 120 85 54 35 ]
566,Queue Length: 9,Counters: [260 260 227 10 10 9 9 5 0 0 ],Thresholds: [0 0 600 600 300 200 120 85 54 35 ]
567,Queue Length: 8,Counters: [261 261 228 11 11 10 10 0 0 0 ],Thresholds: [0 0 600 600 300 200 120 85 54 35 ]
568,Queue Length: 8,Counters: [262 262 229 12 12 11 11 0 0 0 ],Thresholds: [0 0 600 600 300 200 120 85 54 35 ]
569,Queue Length: 8,Counters: [263 263 230 13 13 12 12 0 0 0 ],Thresholds: [0 0 600 600 300 200 120 85 54 35 ]
570,Queue Length: 9,Counters: [264 264 231 14 14 13 13 1 0 0 ],Thresholds: [0 0 600 600 300 200 120 85 54 35 ]
571,Queue Length: 9,Counters: [265 265 232 15 15 14 14 2 0 0 ],Thresholds: [0 0 600 600 300 200 120 85 54 35 ]
572,Queue Length: 8,Counters: [266 266 233 16 16 15 15 0 0 0 ],Thresholds: [0 0 600 600 300 200 120 85 54 35 ]
573,Queue Length: 9,Counters: [267 267 234 17 17 16 16 1 0 0 ],Thresholds: [0 0 600 600 300 200 120 85 54 35 ]
574,Queue Length: 9,Counters: [268 268 235 18 18 17 17 2 0 0 ],Thresholds: [0 0 600 600 300 200 120 85 54 35 ]
575,Queue Length: 9,Counters: [269 269 236 19 19 18 18 3 0 0 ],Thresholds: [0 0 600 600 300 200 120 85 54 35 ]
576,Queue Length: 8,Counters: [270 270 237 20 20 19 19 0 0 0 ],Thresholds: [0 0 600 600 300 200 120 85 54 35 ]
577,Queue Length: 8,Counters: [271 271 238 21 21 20 20 0 0 0 ],Thresholds: [0 0 600 600 300 200 120 85 54 35 ]
578,Queue Length: 9,Counters: [272 272 239 22 22 21 21 1 0 0 ],Thresholds: [0 0 600 600 300 200 120 85 54 35 ]
579,Queue Length: 8,Counters: [273 273 240 23 23 22 22 0 0 0 ],Thresholds: [0 0 600 600 300 200 120 85 54 35 ]
580,Queue Length: 8,Counters: [274 274 241 24 24 23 23 0 0 0 ],Thresholds: [0 0 600 600 300 200 120 85 54 35 ]
581,Queue Length: 9,Counters: [275 275 242 25 25 24 24 1 0 0 ],Thresholds: [0 0 600 600 300 200 120 85 54 35 ]
582,Queue Length: 9,Counters: [276 276 243 26 26 25 25 2 0 0 ],Thresholds: [0 0 600 600 300 200 120 85 54 35 ]
583,Queue Length: 8,Counters: [277 277 244 27 27 26 26 0 0 0 ],Thresholds: [0 0 600 600 300 200 120 85 54 35 ]
584,Queue Length: 9,Counters: [278 278 245 28 28 27 27 1 0 0 ],Thresholds: [0 0 600 600 300 200 120 85 54 35 ]
585,Queue Length: 8,Counters: [279 279 246 29 29 28 28 0 0 0 ],Thresholds: [0 0 600 600 300 200 120 85 54 35 ]
586,Queue Length: 9,Counters: [280 280 247 30 30 29 29 1 0 0 ],Thresholds: [0 0 600 600 300 200 120 85 54 35 ]
587,Queue Length: 9,Counters: [281 281 248 31 31 30 30 2 0 0 ],Thresholds: [0 0 600 600 300 200 120 85 54 35 ]
588,Queue Length: 8,Counters: [282 282 249 32 32 31 31 0 0 0 ],Thresholds: [0 0 600 600 300 200 120 85 54 35 ]
589,Queue Length: 9,Counters: [283 283 250 33 33 32 32 1 0 0 ],Thresholds: [0 0 600 600 300 200 120 85 54 35 ]
590,Queue Length: 9,Counters: [284 284 251 34 34 33 33 2 0 0 ],Thresholds: [0 0 600 600 300 200 120 85 54 35 ]
591,Queue Length: 9,Counters: [285 285 252 35 35 34 34 3 0 0 ],Thresholds: [0 0 600 600 300 200 120 85 54 35 ]
592,Queue Length: 9,Counters: [286 286 253 36 36 35 35 4 0 0 ],Thresholds: [0 0 600 600 300 200 120 85 54 35 ]
593,Queue Length: 9,Counters: [287 287 254 37 37 36 36 5 0 0 ],Thresholds: [0 0 600 600 300 200 120 85 54 35 ]
594,Queue Length: 8,Counters: [288 288 255 38 38 37 37 0 0 0 ],Thresholds: [0 0 600 600 300 200 120 85 54 35 ]
595,Queue Length: 9,Counters: [289 289 256 39 39 38 38 1 0 0 ],Thresholds: [0 0 600 600 300 200 120 85 54 35 ]
596,Queue Length: 9,Counters: [290 290 257 40 40 39 39 2 0 0 ],Thresholds: [0 0 600 600 300 200 120 85 54 35 ]
597,Queue Length: 9,Counters: [291 291 258 41 41 40 40 3 0 0 ],Thresholds: [0 0 600 600 300 200 120 85 54 35 ]
598,Queue Length: 9,Counters: [292 292 259 42 42 41 41 4 0 0 ],Thresholds: [0 0 600 600 300 200 120 85 54 35 ]
599,Queue Length: 9,Counters: [293 293 260 43 43 42 42 5 0 0 ],Thresholds: [0 0 600 600 300 200 120 85 54 35 ]
600,Queue Length: 9,Counters: [294 294 261 44 44 43 43 6 0 0 ],Thresholds: [0 0 600 600 300 200 120 85 54 35 ]
601,Queue Length: 9,Counters: [295 295 262 45 45 44 44 7 0 0 ],Thresholds: [0 0 600 600 300 200 120 85 54 35 ]
602,Queue Length: 9,Counters: [296 296 263 46 46 45 45 8 0 0 ],Thresholds: [0 0 600 600 300 200 120 85 54 35 ]
603,Queue Length: 8,Counters: [297 297 264 47 47 46 46 0 0 0 ],Thresholds: [0 0 600 600 300 200 120 85 54 35 ]
604,Queue Length: 8,Counters: [298 298 265 48 48 47 47 0 0 0 ],Thresholds: [0 0 600 600 300 200 120 85 54 35 ]
605,Queue Length: 8,Counters: [299 299 266 49 49 48 48 0 0 0 ],Thresholds: [0 0 600 600 300 200 120 85 54 35 ]
606,Queue Length: 9,Counters: [300 300 267 50 50 49 49 1 0 0 ],Thresholds: [0 0 600 600 300 200 120 85 54 35 ]
607,Queue Length: 9,Counters: [301 301 268 51 51 50 50 2 0 0 ],Thresholds: [0 0 600 600 300 200 120 85 54 35 ]
608,Queue Length: 9,Counters: [302 302 269 52 52 51 51 3 0 0 ],Thresholds: [0 0 600 600 300 200 120 85 54 35 ]
609,Queue Length: 9,Counters: [303 303 270 53 53 52 52 4 0 0 ],Thresholds: [0 0 600 600 300 200 120 85 54 35 ]
610,Queue Length: 9,Counters: [304 304 271 54 54 53 53 5 0 0 ],Thresholds: [0 0 600 600 300 200 120 85 54 35 ]
611,Queue Length: 9,Counters: [305 305 272 55 55 54 54 6 0 0 ],Thresholds: [0 0 600 600 300 200 120 85 54 35 ]
612,Queue Length: 9,Counters: [306 306 273 56 56 55 55 7 0 0 ],Thresholds: [0 0 600 600 300 200 120 85 54 35 ]
613,Queue Length: 9,Counters: [307 307 274 57 57 56 56 8 0 0 ],Thresholds: [0 0 600 600 300 200 120 85 54 35 ]
614,Queue Length: 9,Counters: [308 308 275 58 58 57 57 9 0 0 ],Thresholds: [0 0 600 600 300 200 120 85 54 35 ]
615,Queue Length: 9,Counters: [309 309 276 59 59 58 58 10 0 0 ],Thresholds: [0 0 600 600 300 200 120 85 54 35 ]
616,Queue Length: 9,Counters: [310 310 277 60 60 59 59 11 0 0 ],Thresholds: [0 0 600 600 300 200 120 85 54 35 ]
617,Queue Length: 9,Counters: [311 311 278 61 61 60 60 12 0 0 ],Thresholds: [0 0 600 600 300 200 120 85 54 35 ]
618,Queue Length: 9,Counters: [312 312 279 62 62 61 61 13 0 0 ],Thresholds: [0 0 600 600 300 200 120 85 54 35 ]
619,Queue Length: 8,Counters: [313 313 280 63 63 62 62 0 0 0 ],Thresholds: [0 0 600 600 300 200 120 85 54 35 ]
620,Queue Length: 9,Counters: [314 314 281 64 64 63 63 1 0 0 ],Thresholds: [0 0 600 600 300 200 120 85 54 35 ]
621,Queue Length: 9,Counters: [315 315 282 65 65 64 64 2 0 0 ],Thresholds: [0 0 600 600 300 200 120 85 54 35 ]
622,Queue Length: 9,Counters: [316 316 283 66 66 65 65 3 0 0 ],Thresholds: [0 0 600 600 300 200 120 85 54 35 ]
623,Queue Length: 9,Counters: [317 317 284 67 67 66 66 4 0 0 ],Thresholds: [0 0 600 600 300 200 120 85 54 35 ]
624,Queue Length: 9,Counters: [318 318 285 68 68 67 67 5 0 0 ],Thresholds: [0 0 600 600 300 200 120 85 54 35 ]
625,Queue Length: 9,Counters: [319 319 286 69 69 68 68 6 0 0 ],Thresholds: [0 0 600 600 300 200 120 85 54 35 ]
626,Queue Length: 8,Counters: [320 320 287 70 70 69 69 0 0 0 ],Thresholds: [0 0 600 600 300 200 120 85 54 35 ]
627,Queue Length: 8,Counters: [321 321 288 71 71 70 70 0 0 0 ],Thresholds: [0 0 600 600 300 200 120 85 54 35 ]
628,Queue Length: 9,Counters: [322 322 289 72 72 71 71 1 0 0 ],Thresholds: [0 0 600 600 300 200 120 85 54 35 ]
629,Queue Length: 9,Counters: [323 323 290 73 73 72 72 2 0 0 ],Thresholds: [0 0 600 600 300 200 120 85 54 35 ]
630,Queue Length: 9,Counters: [324 324 291 74 74 73 73 3 0 0 ],Thresholds: [0 0 600 600 300 200 120 85 54 35 ]
631,Queue Length: 9,Counters: [325 325 292 75 75 74 74 4 0 0 ],Thresholds: [0 0 600 600 300 200 120 85 54 35 ]
632,Queue Length: 9,Counters: [326 326 293 76 76 75 75 5 0 0 ],Thresholds: [0 0 600 600 300 200 120 85 54 35 ]
633,Queue Length: 9,Counters: [327 327 294 77 77 76 76 6 0 0 ],Thresholds: [0 0 600 600 300 200 120 85 54 35 ]
634,Queue Length: 9,Counters: [328 328 295 78 78 77 77 7 0 0 ],Thresholds: [0 0 600 600 300 200 120 85 54 35 ]
635,Queue Length: 8,Counters: [329 329 296 79 79 78 78 0 0 0 ],Thresholds: [0 0 600 600 300 200 120 85 54 35 ]
636,Queue Length: 8,Counters: [330 330 297 80 80 79 79 0 0 0 ],Thresholds: [0 0 600 600 300 200 120 85 54 35 ]
637,Queue Length: 9,Counters: [331 331 298 81 81 80 80 1 0 0 ],Thresholds: [0 0 600 600 300 200 120 85 54 35 ]
638,Queue Length: 9,Counters: [332 332 299 82 82 81 81 2 0 0 ],Thresholds: [0 0 600 600 300 200 120 85 54 35 ]
639,Queue Length: 9,Counters: [333 333 300 83 83 82 82 3 0 0 ],Thresholds: [0 0 600 600 300 200 120 85 54 35 ]
640,Queue Length: 9,Counters: [334 334 301 84 84 83 83 4 0 0 ],Thresholds: [0 0 600 600 300 200 120 85 54 35 ]
641,Queue Length: 9,Counters: [335 335 302 85 85 84 84 5 0 0 ],Thresholds: [0 0 600 600 300 200 120 85 54 35 ]
642,Queue Length: 8,Counters: [336 336 303 86 86 85 85 0 0 0 ],Thresholds: [0 0 600 600 300 200 120 85 54 35 ]
643,Queue Length: 9,Counters: [337 337 304 87 87 86 86 1 0 0 ],Thresholds: [0 0 600 600 300 200 120 85 54 35 ]
644,Queue Length: 8,Counters: [338 338 305 88 88 87 87 0 0 0 ],Thresholds: [0 0 600 600 300 200 120 85 54 35 ]
645,Queue Length: 8,Counters: [339 339 306 89 89 88 88 0 0 0 ],Thresholds: [0 0 600 600 300 200 120 85 54 35 ]
646,Queue Length: 9,Counters: [340 340 307 90 90 89 89 1 0 0 ],Thresholds: [0 0 600 600 300 200 120 85 54 35 ]
647,Queue Length: 9,Counters: [341 341 308 91 91 90 90 2 0 0 ],Thresholds: [0 0 600 600 300 200 120 85 54 35 ]
648,Queue Length: 8,Counters: [342 342 309 92 92 91 91 0 0 0 ],Thresholds: [0 0 600 600 300 200 120 85 54 35 ]
649,Queue Length: 8,Counters: [343 343 310 93 93 92 92 0 0 0 ],Thresholds: [0 0 600 600 300 200 120 85 54 35 ]
650,Queue Length: 8,Counters: [344 344 311 94 94 93 93 0 0 0 ],Thresholds: [0 0 600 600 300 200 120 85 54 35 ]
651,Queue Length: 9,Counters: [345 345 312 95 95 94 94 1 0 0 ],Thresholds: [0 0 600 600 300 200 120 85 54 35 ]
652,Queue Length: 9,Counters: [346 346 313 96 96 95 95 2 0 0 ],Thresholds: [0 0 600 600 300 200 120 85 54 35 ]
653,Queue Length: 9,Counters: [347 347 314 97 97 96 96 3 0 0 ],Thresholds: [0 0 600 600 300 200 120 85 54 35 ]
654,Queue Length: 9,Counters: [348 348 315 98 98 97 97 4 0 0 ],Thresholds: [0 0 600 600 300 200 120 85 54 35 ]
655,Queue Length: 9,Counters: [349 349 316 99 99 98 98 5 0 0 ],Thresholds: [0 0 600 600 300 200 120 85 54 35 ]
656,Queue Length: 9,Counters: [350 350 317 100 100 99 99 6 0 0 ],Thresholds: [0 0 600 600 300 200 120 85 54 35 ]
657,Queue Length: 9,Counters: [351 351 318 101 101 100 100 7 0 0 ],Thresholds: [0 0 600 600 300 200 120 85 54 35 ]
658,Queue Length: 9,Counters: [352 352 319 102 102 101 101 8 0 0 ],Thresholds: [0 0 600 600 300 200 120 85 54 35 ]
659,Queue Length: 9,Counters: [353 353 320 103 103 102 102 9 0 0 ],Thresholds: [0 0 600 600 300 200 120 85 54 35 ]
660,Queue Length: 8,Counters: [354 354 321 104 104 103 103 0 0 0 ],Thresholds: [0 0 600 600 300 200 120 85 54 35 ]
661,Queue Length: 8,Counters: [355 355 322 105 105 104 104 0 0 0 ],Thresholds: [0 0 600 600 300 200 120 85 54 35 ]
662,Queue Length: 9,Counters: [356 356 323 106 106 105 105 1 0 0 ],Thresholds: [0 0 600 600 300 200 120 85 54 35 ]
663,Queue Length: 9,Counters: [357 357 324 107 107 106 106 2 0 0 ],Thresholds: [0 0 600 600 300 200 120 85 54 35 ]
664,Queue Length: 9,Counters: [358 358 325 108 108 107 107 3 0 0 ],Thresholds: [0 0 600 600 300 200 120 85 54 35 ]
665,Queue Length: 9,Counters: [359 359 326 109 109 108 108 4 0 0 ],Thresholds: [0 0 600 600 300 200 120 85 54 35 ]
666,Queue Length: 8,Counters: [360 360 327 110 110 109 109 0 0 0 ],Thresholds: [0 0 600 600 300 200 120 85 54 35 ]
667,Queue Length: 8,Counters: [361 361 328 111 111 110 110 0 0 0 ],Thresholds: [0 0 600 600 300 200 120 85 54 35 ]
668,Queue Length: 8,Counters: [362 362 329 112 112 111 111 0 0 0 ],Thresholds: [0 0 600 600 300 200 120 85 54 35 ]
669,Queue Length: 7,Counters: [363 363 330 113 113 112 0 0 0 0 ],Thresholds: [0 0 600 600 300 200 120 85 54 35 ]
670,Queue Length: 6,Counters: [364 364 331 114 114 0 0 0 0 0 ],Thresholds: [0 0 600 600 300 200 120 85 54 35 ]
671,Queue Length: 5,Counters: [365 365 332 115 0 0 0 0 0 0 ],Thresholds: [0 0 600 600 300 200 120 85 54 35 ]
672,Queue Length: 4,Counters: [366 366 333 0 0 0 0 0 0 0 ],Thresholds: [0 0 600 600 300 200 120 85 54 35 ]
673,Queue Length: 7,Counters: [367 367 334 1 1 1 0 0 0 0 ],Thresholds: [0 0 600 600 300 200 120 85 54 35 ]
674,Queue Length: 9,Counters: [368 368 335 2 2 2 1 1 0 0 ],Thresholds: [0 0 600 600 300 200 120 85 54 35 ]
675,Queue Length: 9,Counters: [369 369 336 3 3 3 2 2 0 0 ],Thresholds: [0 0 600 600 300 200 120 85 54 35 ]
676,Queue Length: 9,Counters: [370 370 337 4 4 4 3 3 0 0 ],Thresholds: [0 0 600 600 300 200 120 85 54 35 ]
677,Queue Length: 9,Counters: [371 371 338 5 5 5 4 4 0 0 ],Thresholds: [0 0 600 600 300 200 120 85 54 35 ]
678,Queue Length: 9,Counters: [372 372 339 6 6 6 5 5 0 0 ],Thresholds: [0 0 600 600 300 200 120 85 54 35 ]
679,Queue Length: 9,Counters: [373 373 340 7 7 7 6 6 0 0 ],Thresholds: [0 0 600 600 300 200 120 85 54 35 ]
680,Queue Length: 9,Counters: [374 374 341 8 8 8 7 7 0 0 ],Thresholds: [0 0 600 600 300 200 120 85 54 35 ]
681,Queue Length: 9,Counters: [375 375 342 9 9 9 8 8 0 0 ],Thresholds: [0 0 600 600 300 200 120 85 54 35 ]
682,Queue Length: 9,Counters: [376 376 343 10 10 10 9 9 0 0 ],Thresholds: [0 0 600 600 300 200 120 85 54 35 ]
683,Queue Length: 9,Counters: [377 377 344 11 11 11 10 10 0 0 ],Thresholds: [0 0 600 600 300 200 120 85 54 35 ]
684,Queue Length: 9,Counters: [378 378 345 12 12 12 11 11 0 0 ],Thresholds: [0 0 600 600 300 200 120 85 54 35 ]
685,Queue Length: 9,Counters: [379 379 346 13 13 13 12 12 0 0 ],Thresholds: [0 0 600 600 300 200 120 85 54 35 ]
686,Queue Length: 9,Counters: [380 380 347 14 14 14 13 13 0 0 ],Thresholds: [0 0 600 600 300 200 120 85 54 35 ]
687,Queue Length: 9,Counters: [381 381 348 15 15 15 14 14 0 0 ],Thresholds: [0 0 600 600 300 200 120 85 54 35 ]
688,Queue Length: 9,Counters: [382 382 349 16 16 16 15 15 0 0 ],Thresholds: [0 0 600 600 300 200 120 85 54 35 ]
689,Queue Length: 9,Counters: [383 383 350 17 17 17 16 16 0 0 ],Thresholds: [0 0 600 600 300 200 120 85 54 35 ]
690,Queue Length: 9,Counters: [384 384 351 18 18 18 17 17 0 0 ],Thresholds: [0 0 600 600 300 200 120 85 54 35 ]
691,Queue Length: 9,Counters: [385 385 352 19 19 19 18 18 0 0 ],Thresholds: [0 0 600 600 300 200 120 85 54 35 ]
692,Queue Length: 9,Counters: [386 386 353 20 20 20 19 19 0 0 ],Thresholds: [0 0 600 600 300 200 120 85 54 35 ]
693,Queue Length: 9,Counters: [387 387 354 21 21 21 20 20 0 0 ],Thresholds: [0 0 600 600 300 200 120 85 54 35 ]
694,Queue Length: 9,Counters: [388 388 355 22 22 22 21 21 0 0 ],Thresholds: [0 0 600 600 300 200 120 85 54 35 ]
695,Queue Length: 9,Counters: [389 389 356 23 23 23 22 22 0 0 ],Thresholds: [0 0 600 600 300 200 120 85 54 35 ]
696,Queue Length: 9,Counters: [390 390 357 24 24 24 23 23 0 0 ],Thresholds: [0 0 600 600 300 200 120 85 54 35 ]
697,Queue Length: 9,Counters: [391 391 358 25 25 25 24 24 0 0 ],Thresholds: [0 0 600 600 300 200 120 85 54 35 ]
698,Queue Length: 9,Counters: [392 392 359 26 26 26 25 25 0 0 ],Thresholds: [0 0 600 600 300 200 120 85 54 35 ]
699,Queue Length: 9,Counters: [393 393 360 27 27 27 26 26 0 0 ],Thresholds: [0 0 600 600 300 200 120 85 54 35 ]
700,Queue Length: 9,Counters: [394 394 361 28 28 28 27 27 0 0 ],Thresholds: [0 0 600 600 300 200 120 85 54 35 ]
701,Queue Length: 8,Counters: [395 395 362 29 29 29 28 0 0 0 ],Thresholds: [0 0 600 600 300 200 120 85 54 35 ]
702,Queue Length: 9,Counters: [396 396 363 30 30 30 29 1 0 0 ],Thresholds: [0 0 600 600 300 200 120 85 54 35 ]
703,Queue Length: 9,Counters: [397 397 364 31 31 31 30 2 0 0 ],Thresholds: [0 0 600 600 300 200 120 85 54 35 ]
704,Queue Length: 9,Counters: [398 398 365 32 32 32 31 3 0 0 ],Thresholds: [0 0 600 600 300 200 120 85 54 35 ]
705,Queue Length: 9,Counters: [399 399 366 33 33 33 32 4 0 0 ],Thresholds: [0 0 600 600 300 200 120 85 54 35 ]
706,Queue Length: 9,Counters: [400 400 367 34 34 34 33 5 0 0 ],Thresholds: [0 0 600 600 300 200 120 85 54 35 ]
707,Queue Length: 9,Counters: [401 401 368 35 35 35 34 6 0 0 ],Thresholds: [0 0 600 600 300 200 120 85 54 35 ]
708,Queue Length: 8,Counters: [402 402 369 36 36 36 35 0 0 0 ],Thresholds: [0 0 600 600 300 200 120 85 54 35 ]
709,Queue Length: 9,Counters: [403 403 370 37 37 37 36 1 0 0 ],Thresholds: [0 0 600 600 300 200 120 85 54 35 ]
710,Queue Length: 8,Counters: [404 404 371 38 38 38 37 0 0 0 ],Thresholds: [0 0 600 600 300 200 120 85 54 35 ]
711,Queue Length: 9,Counters: [405 405 372 39 39 39 38 1 0 0 ],Thresholds: [0 0 600 600 300 200 120 85 54 35 ]
712,Queue Length: 9,Counters: [406 406 373 40 40 40 39 2 0 0 ],Thresholds: [0 0 600 600 300 200 120 85 54 35 ]
713,Queue Length: 9,Counters: [407 407 374 41 41 41 40 3 0 0 ],Thresholds: [0 0 600 600 300 200 120 85 54 35 ]
714,Queue Length: 9,Counters: [408 408 375 42 42 42 41 4 0 0 ],Thresholds: [0 0 600 600 300 200 120 85 54 35 ]
715,Queue Length: 9,Counters: [409 409 376 43 43 43 42 5 0 0 ],Thresholds: [0 0 600 600 300 200 120 85 54 35 ]
716,Queue Length: 9,Counters: [410 410 377 44 44 44 43 6 0 0 ],Thresholds: [0 0 600 600 300 200 120 85 54 35 ]
717,Queue Length: 9,Counters: [411 411 378 45 45 45 44 7 0 0 ],Thresholds: [0 0 600 600 300 200 120 85 54 35 ]
718,Queue Length: 9,Counters: [412 412 379 46 46 46 45 8 0 0 ],Thresholds: [0 0 600 600 300 200 120 85 54 35 ]
719,Queue Length: 9,Counters: [413 413 380 47 47 47 46 9 0 0 ],Thresholds: [0 0 600 600 300 200 120 85 54 35 ]
720,Queue Length: 9,Counters: [414 414 381 48 48 48 47 10 0 0 ],Thresholds: [0 0 600 600 300 200 120 85 54 35 ]
721,Queue Length: 9,Counters: [415 415 382 49 49 49 48 11 0 0 ],Thresholds: [0 0 600 600 300 200 120 85 54 35 ]
722,Queue Length: 9,Counters: [416 416 383 50 50 50 49 12 0 0 ],Thresholds: [0 0 600 600 300 200 120 85 54 35 ]
723,Queue Length: 8,Counters: [417 417 384 51 51 51 50 0 0 0 ],Thresholds: [0 0 600 600 300 200 120 85 54 35 ]
724,Queue Length: 9,Counters: [418 418 385 52 52 52 51 1 0 0 ],Thresholds: [0 0 600 600 300 200 120 85 54 35 ]
725,Queue Length: 9,Counters: [419 419 386 53 53 53 52 2 0 0 ],Thresholds: [0 0 600 600 300 200 120 85 54 35 ]
726,Queue Length: 9,Counters: [420 420 387 54 54 54 53 3 0 0 ],Thresholds: [0 0 600 600 300 200 120 85 54 35 ]
727,Queue Length: 9,Counters: [421 421 388 55 55 55 54 4 0 0 ],Thresholds: [0 0 600 600 300 200 120 85 54 35 ]
728,Queue Length: 9,Counters: [422 422 389 56 56 56 55 5 0 0 ],Thresholds: [0 0 600 600 300 200 120 85 54 35 ]
729,Queue Length: 9,Counters: [423 423 390 57 57 57 56 6 0 0 ],Thresholds: [0 0 600 600 300 200 120 85 54 35 ]
730,Queue Length: 9,Counters: [424 424 391 58 58 58 57 7 0 0 ],Thresholds: [0 0 600 600 300 200 120 85 54 35 ]
731,Queue Length: 9,Counters: [425 425 392 59 59 59 58 8 0 0 ],Thresholds: [0 0 600 600 300 200 120 85 54 35 ]
732,Queue Length: 9,Counters: [426 426 393 60 60 60 59 9 0 0 ],Thresholds: [0 0 600 600 300 200 120 85 54 35 ]
733,Queue Length: 9,Counters: [427 427 394 61 61 61 60 10 0 0 ],Thresholds: [0 0 600 600 300 200 120 85 54 35 ]
734,Queue Length: 8,Counters: [428 428 395 62 62 62 61 0 0 0 ],Thresholds: [0 0 600 600 300 200 120 85 54 35 ]
735,Queue Length: 9,Counters: [429 429 396 63 63 63 62 1 0 0 ],Thresholds: [0 0 600 600 300 200 120 85 54 35 ]
736,Queue Length: 9,Counters: [430 430 397 64 64 64 63 2 0 0 ],Thresholds: [0 0 600 600 300 200 120 85 54 35 ]
737,Queue Length: 9,Counters: [431 431 398 65 65 65 64 3 0 0 ],Thresholds: [0 0 600 600 300 200 120 85 54 35 ]
738,Queue Length: 9,Counters: [432 432 399 66 66 66 65 4 0 0 ],Thresholds: [0 0 600 600 300 200 120 85 54 35 ]
739,Queue Length: 9,Counters: [433 433 400 67 67 67 66 5 0 0 ],Thresholds: [0 0 600 600 300 200 120 85 54 35 ]
740,Queue Length: 8,Counters: [434 434 401 68 68 68 67 0 0 0 ],Thresholds: [0 0 600 600 300 200 120 85 54 35 ]
741,Queue Length: 9,Counters: [435 435 402 69 69 69 68 1 0 0 ],Thresholds: [0 0 600 600 300 200 120 85 54 35 ]
742,Queue Length: 9,Counters: [436 436 403 70 70 70 69 2 0 0 ],Thresholds: [0 0 600 600 300 200 120 85 54 35 ]
743,Queue Length: 9,Counters: [437 437 404 71 71 71 70 3 0 0 ],Thresholds: [0 0 600 600 300 200 120 85 54 35 ]
744,Queue Length: 9,Counters: [438 438 405 72 72 72 71 4 0 0 ],Thresholds: [0 0 600 600 300 200 120 85 54 35 ]
745,Queue Length: 9,Counters: [439 439 406 73 73 73 72 5 0 0 ],Thresholds: [0 0 600 600 300 200 120 85 54 35 ]
746,Queue Length: 9,Counters: [440 440 407 74 74 74 73 6 0 0 ],Thresholds: [0 0 600 600 300 200 120 85 54 35 ]
747,Queue Length: 9,Counters: [441 441 408 75 75 75 74 7 0 0 ],Thresholds: [0 0 600 600 300 200 120 85 54 35 ]
748,Queue Length: 9,Counters: [442 442 409 76 76 76 75 8 0 0 ],Thresholds: [0 0 600 600 300 200 120 85 54 35 ]
749,Queue Length: 8,Counters: [443 443 410 77 77 77 76 0 0 0 ],Thresholds: [0 0 600 600 300 200 120 85 54 35 ]
750,Queue Length: 7,Counters: [444 444 411 78 78 78 0 0 0 0 ],Thresholds: [0 0 600 600 300 200 120 85 54 35 ]
751,Queue Length: 6,Counters: [445 445 412 79 79 0 0 0 0 0 ],Thresholds: [0 0 600 600 300 200 120 85 54 35 ]
752,Queue Length: 5,Counters: [446 446 413 80 0 0 0 0 0 0 ],Thresholds: [0 0 600 600 300 200 120 85 54 35 ]
753,Queue Length: 4,Counters: [447 447 414 0 0 0 0 0 0 0 ],Thresholds: [0 0 600 600 300 200 120 85 54 35 ]
754,Queue Length: 7,Counters: [448 448 415 1 1 1 0 0 0 0 ],Thresholds: [0 0 600 600 300 200 120 85 54 35 ]
755,Queue Length: 8,Counters: [449 449 416 2 2 2 1 0 0 0 ],Thresholds: [0 0 600 600 300 200 120 85 54 35 ]
756,Queue Length: 9,Counters: [450 450 417 3 3 3 2 1 0 0 ],Thresholds: [0 0 600 600 300 200 120 85 54 35 ]
757,Queue Length: 9,Counters: [451 451 418 4 4 4 3 2 0 0 ],Thresholds: [0 0 600 600 300 200 120 85 54 35 ]
758,Queue Length: 9,Counters: [452 452 419 5 5 5 4 3 0 0 ],Thresholds: [0 0 600 600 300 200 120 85 54 35 ]
759,Queue Length: 9,Counters: [453 453 420 6 6 6 5 4 0 0 ],Thresholds: [0 0 600 600 300 200 120 85 54 35 ]
760,Queue Length: 9,Counters: [454 454 421 7 7 7 6 5 0 0 ],Thresholds: [0 0 600 600 300 200 120 85 54 35 ]
761,Queue Length: 8,Counters: [455 455 422 8 8 8 7 0 0 0 ],Thresholds: [0 0 600 600 300 200 120 85 54 35 ]
762,Queue Length: 9,Counters: [456 456 423 9 9 9 8 1 0 0 ],Thresholds: [0 0 600 600 300 200 120 85 54 35 ]
763,Queue Length: 9,Counters: [457 457 424 10 10 10 9 2 0 0 ],Thresholds: [0 0 600 600 300 200 120 85 54 35 ]
764,Queue Length: 9,Counters: [458 458 425 11 11 11 10 3 0 0 ],Thresholds: [0 0 600 600 300 200 120 85 54 35 ]
765,Queue Length: 9,Counters: [459 459 426 12 12 12 11 4 0 0 ],Thresholds: [0 0 600 600 300 200 120 85 54 35 ]
766,Queue Length: 9,Counters: [460 460 427 13 13 13 12 5 0 0 ],Thresholds: [0 0 600 600 300 200 120 85 54 35 ]
767,Queue Length: 8,Counters: [461 461 428 14 14 14 13 0 0 0 ],Thresholds: [0 0 600 600 300 200 120 85 54 35 ]
768,Queue Length: 7,Counters: [462 462 429 15 15 15 0 0 0 0 ],Thresholds: [0 0 600 600 300 200 120 85 54 35 ]
769,Queue Length: 6,Counters: [463 463 430 16 16 0 0 0 0 0 ],Thresholds: [0 0 600 600 300 200 120 85 54 35 ]
770,Queue Length: 5,Counters: [464 464 431 17 0 0 0 0 0 0 ],Thresholds: [0 0 600 600 300 200 120 85 54 35 ]
771,Queue Length: 4,Counters: [465 465 432 0 0 0 0 0 0 0 ],Thresholds: [0 0 600 600 300 200 120 85 54 35 ]
772,Queue Length: 6,Counters: [466 466 433 1 1 0 0 0 0 0 ],Thresholds: [0 0 600 600 300 200 120 85 54 35 ]
773,Queue Length: 9,Counters: [467 467 434 2 2 1 1 1 0 0 ],Thresholds: [0 0 600 600 300 200 120 85 54 35 ]
774,Queue Length: 9,Counters: [468 468 435 3 3 2 2 2 0 0 ],Thresholds: [0 0 600 600 300 200 120 85 54 35 ]
775,Queue Length: 9,Counters: [469 469 436 4 4 3 3 3 0 0 ],Thresholds: [0 0 600 600 300 200 120 85 54 35 ]
776,Queue Length: 9,Counters: [470 470 437 5 5 4 4 4 0 0 ],Thresholds: [0 0 600 600 300 200 120 85 54 35 ]
777,Queue Length: 9,Counters: [471 471 438 6 6 5 5 5 0 0 ],Thresholds: [0 0 600 600 300 200 120 85 54 35 ]
778,Queue Length: 9,Counters: [472 472 439 7 7 6 6 6 0 0 ],Thresholds: [0 0 600 600 300 200 120 85 54 35 ]
779,Queue Length: 9,Counters: [473 473 440 8 8 7 7 7 0 0 ],Thresholds: [0 0 600 600 300 200 120 85 54 35 ]
780,Queue Length: 9,Counters: [474 474 441 9 9 8 8 8 0 0 ],Thresholds: [0 0 600 600 300 200 120 85 54 35 ]
781,Queue Length: 9,Counters: [475 475 442 10 10 9 9 9 0 0 ],Thresholds: [0 0 600 600 300 200 120 85 54 35 ]
782,Queue Length: 9,Counters: [476 476 443 11 11 10 10 10 0 0 ],Thresholds: [0 0 600 600 300 200 120 85 54 35 ]
783,Queue Length: 9,Counters: [477 477 444 12 12 11 11 11 0 0 ],Thresholds: [0 0 600 600 300 200 120 85 54 35 ]
784,Queue Length: 9,Counters: [478 478 445 13 13 12 12 12 0 0 ],Thresholds: [0 0 600 600 300 200 120 85 54 35 ]
785,Queue Length: 9,Counters: [479 479 446 14 14 13 13 13 0 0 ],Thresholds: [0 0 600 600 300 200 120 85 54 35 ]
786,Queue Length: 9,Counters: [480 480 447 15 15 14 14 14 0 0 ],Thresholds: [0 0 600 600 300 200 120 85 54 35 ]
787,Queue Length: 9,Counters: [481 481 448 16 16 15 15 15 0 0 ],Thresholds: [0 0 600 600 300 200 120 85 54 35 ]
788,Queue Length: 9,Counters: [482 482 449 17 17 16 16 16 0 0 ],Thresholds: [0 0 600 600 300 200 120 85 54 35 ]
789,Queue Length: 9,Counters: [483 483 450 18 18 17 17 17 0 0 ],Thresholds: [0 0 600 600 300 200 120 85 54 35 ]
790,Queue Length: 9,Counters: [484 484 451 19 19 18 18 18 0 0 ],Thresholds: [0 0 600 600 300 200 120 85 54 35 ]
791,Queue Length: 8,Counters: [485 485 452 20 20 19 19 0 0 0 ],Thresholds: [0 0 600 600 300 200 120 85 54 35 ]
792,Queue Length: 8,Counters: [486 486 453 21 21 20 20 0 0 0 ],Thresholds: [0 0 600 600 300 200 120 85 54 35 ]
793,Queue Length: 9,Counters: [487 487 454 22 22 21 21 1 0 0 ],Thresholds: [0 0 600 600 300 200 120 85 54 35 ]
794,Queue Length: 9,Counters: [488 488 455 23 23 22 22 2 0 0 ],Thresholds: [0 0 600 600 300 200 120 85 54 35 ]
795,Queue Length: 9,Counters: [489 489 456 24 24 23 23 3 0 0 ],Thresholds: [0 0 600 600 300 200 120 85 54 35 ]
796,Queue Length: 9,Counters: [490 490 457 25 25 24 24 4 0 0 ],Thresholds: [0 0 600 600 300 200 120 85 54 35 ]
797,Queue Length: 9,Counters: [491 491 458 26 26 25 25 5 0 0 ],Thresholds: [0 0 600 600 300 200 120 85 54 35 ]
798,Queue Length: 9,Counters: [492 492 459 27 27 26 26 6 0 0 ],Thresholds: [0 0 600 600 300 200 120 85 54 35 ]
799,Queue Length: 8,Counters: [493 493 460 28 28 27 27 0 0 0 ],Thresholds: [0 0 600 600 300 200 120 85 54 35 ]
800,Queue Length: 9,Counters: [494 494 461 29 29 28 28 1 0 0 ],Thresholds: [0 0 600 600 300 200 120 85 54 35 ]
801,Queue Length: 9,Counters: [495 495 462 30 30 29 29 2 0 0 ],Thresholds: [0 0 600 600 300 200 120 85 54 35 ]
802,Queue Length: 8,Counters: [496 496 463 31 31 30 30 0 0 0 ],Thresholds: [0 0 600 600 300 200 120 85 54 35 ]
803,Queue Length: 9,Counters: [497 497 464 32 32 31 31 1 0 0 ],Thresholds: [0 0 600 600 300 200 120 85 54 35 ]
804,Queue Length: 9,Counters: [498 498 465 33 33 32 32 2 0 0 ],Thresholds: [0 0 600 600 300 200 120 85 54 35 ]
805,Queue Length: 9,Counters: [499 499 466 34 34 33 33 3 0 0 ],Thresholds: [0 0 600 600 300 200 120 85 54 35 ]
806,Queue Length: 9,Counters: [500 500 467 35 35 34 34 4 0 0 ],Thresholds: [0 0 600 600 300 200 120 85 54 35 ]
807,Queue Length: 9,Counters: [501 501 468 36 36 35 35 5 0 0 ],Thresholds: [0 0 600 600 300 200 120 85 54 35 ]
808,Queue Length: 9,Counters: [502 502 469 37 37 36 36 6 0 0 ],Thresholds: [0 0 600 600 300 200 120 85 54 35 ]
809,Queue Length: 9,Counters: [503 503 470 38 38 37 37 7 0 0 ],Thresholds: [0 0 600 600 300 200 120 85 54 35 ]
810,Queue Length: 9,Counters: [504 504 471 39 39 38 38 8 0 0 ],Thresholds: [0 0 600 600 300 200 120 85 54 35 ]
811,Queue Length: 9,Counters: [505 505 472 40 40 39 39 9 0 0 ],Thresholds: [0 0 600 600 300 200 120 85 54 35 ]
812,Queue Length: 9,Counters: [506 506 473 41 41 40 40 10 0 0 ],Thresholds: [0 0 600 600 300 200 120 85 54 35 ]
813,Queue Length: 9,Counters: [507 507 474 42 42 41 41 11 0 0 ],Thresholds: [0 0 600 600 300 200 120 85 54 35 ]
814,Queue Length: 9,Counters: [508 508 475 43 43 42 42 12 0 0 ],Thresholds: [0 0 600 600 300 200 120 85 54 35 ]
815,Queue Length: 9,Counters: [509 509 476 44 44 43 43 13 0 0 ],Thresholds: [0 0 600 600 300 200 120 85 54 35 ]
816,Queue Length: 9,Counters: [510 510 477 45 45 44 44 14 0 0 ],Thresholds: [0 0 600 600 300 200 120 85 54 35 ]
817,Queue Length: 9,Counters: [511 511 478 46 46 45 45 15 0 0 ],Thresholds: [0 0 600 600 300 200 120 85 54 35 ]
818,Queue Length: 9,Counters: [512 512 479 47 47 46 46 16 0 0 ],Thresholds: [0 0 600 600 300 200 120 85 54 35 ]
819,Queue Length: 8,Counters: [513 513 480 48 48 47 47 0 0 0 ],Thresholds: [0 0 600 600 300 200 120 85 54 35 ]
820,Queue Length: 9,Counters: [514 514 481 49 49 48 48 1 0 0 ],Thresholds: [0 0 600 600 300 200 120 85 54 35 ]
821,Queue Length: 9,Counters: [515 515 482 50 50 49 49 2 0 0 ],Thresholds: [0 0 600 600 300 200 120 85 54 35 ]
822,Queue Length: 9,Counters: [516 516 483 51 51 50 50 3 0 0 ],Thresholds: [0 0 600 600 300 200 120 85 54 35 ]
823,Queue Length: 9,Counters: [517 517 484 52 52 51 51 4 0 0 ],Thresholds: [0 0 600 600 300 200 120 85 54 35 ]
824,Queue Length: 9,Counters: [518 518 485 53 53 52 52 5 0 0 ],Thresholds: [0 0 600 600 300 200 120 85 54 35 ]
825,Queue Length: 8,Counters: [519 519 486 54 54 53 53 0 0 0 ],Thresholds: [0 0 600 600 300 200 120 85 54 35 ]
826,Queue Length: 7,Counters: [520 520 487 55 55 54 0 0 0 0 ],Thresholds: [0 0 600 600 300 200 120 85 54 35 ]
827,Queue Length: 6,Counters: [521 521 488 56 56 0 0 0 0 0 ],Thresholds: [0 0 600 600 300 200 120 85 54 35 ]
828,Queue Length: 5,Counters: [522 522 489 57 0 0 0 0 0 0 ],Thresholds: [0 0 600 600 300 200 120 85 54 35 ]
829,Queue Length: 4,Counters: [523 523 490 0 0 0 0 0 0 0 ],Thresholds: [0 0 600 600 300 200 120 85 54 35 ]
830,Queue Length: 7,Counters: [524 524 491 1 1 1 0 0 0 0 ],Thresholds: [0 0 600 600 300 200 120 85 54 35 ]
831,Queue Length: 9,Counters: [525 525 492 2 2 2 1 1 0 0 ],Thresholds: [0 0 600 600 300 200 120 85 54 35 ]
832,Queue Length: 8,Counters: [526 526 493 3 3 3 2 0 0 0 ],Thresholds: [0 0 600 600 300 200 120 85 54 35 ]
833,Queue Length: 9,Counters: [527 527 494 4 4 4 3 1 0 0 ],Thresholds: [0 0 600 600 300 200 120 85 54 35 ]
834,Queue Length: 9,Counters: [528 528 495 5 5 5 4 2 0 0 ],Thresholds: [0 0 600 600 300 200 120 85 54 35 ]
835,Queue Length: 8,Counters: [529 529 496 6 6 6 5 0 0 0 ],Thresholds: [0 0 600 600 300 200 120 85 54 35 ]
836,Queue Length: 9,Counters: [530 530 497 7 7 7 6 1 0 0 ],Thresholds: [0 0 600 600 300 200 120 85 54 35 ]
837,Queue Length: 8,Counters: [531 531 498 8 8 8 7 0 0 0 ],Thresholds: [0 0 600 600 300 200 120 85 54 35 ]
838,Queue Length: 9,Counters: [532 532 499 9 9 9 8 1 0 0 ],Thresholds: [0 0 600 600 300 200 120 85 54 35 ]
839,Queue Length: 9,Counters: [533 533 500 10 10 10 9 2 0 0 ],Thresholds: [0 0 600 600 300 200 120 85 54 35 ]
840,Queue Length: 9,Counters: [534 534 501 11 11 11 10 3 0 0 ],Thresholds: [0 0 600 600 300 200 120 85 54 35 ]
841,Queue Length: 9,Counters: [535 535 502 12 12 12 11 4 0 0 ],Thresholds: [0 0 600 600 300 200 120 85 54 35 ]
842,Queue Length: 9,Counters: [536 536 503 13 13 13 12 5 0 0 ],Thresholds: [0 0 600 600 300 200 120 85 54 35 ]
843,Queue Length: 9,Counters: [537 537 504 14 14 14 13 6 0 0 ],Thresholds: [0 0 600 600 300 200 120 85 54 35 ]
844,Queue Length: 8,Counters: [538 538 505 15 15 15 14 0 0 0 ],Thresholds: [0 0 600 600 300 200 120 85 54 35 ]
845,Queue Length: 9,Counters: [539 539 506 16 16 16 15 1 0 0 ],Thresholds: [0 0 600 600 300 200 120 85 54 35 ]
846,Queue Length: 8,Counters: [540 540 507 17 17 17 16 0 0 0 ],Thresholds: [0 0 600 600 300 200 120 85 54 35 ]
847,Queue Length: 9,Counters: [541 541 508 18 18 18 17 1 0 0 ],Thresholds: [0 0 600 600 300 200 120 85 54 35 ]
848,Queue Length: 9,Counters: [542 542 509 19 19 19 18 2 0 0 ],Thresholds: [0 0 600 600 300 200 120 85 54 35 ]
849,Queue Length: 9,Counters: [543 543 510 20 20 20 19 3 0 0 ],Thresholds: [0 0 600 600 300 200 120 85 54 35 ]
850,Queue Length: 8,Counters: [544 544 511 21 21 21 20 0 0 0 ],Thresholds: [0 0 600 600 300 200 120 85 54 35 ]
851,Queue Length: 8,Counters: [545 545 512 22 22 22 21 0 0 0 ],Thresholds: [0 0 600 600 300 200 120 85 54 35 ]
852,Queue Length: 8,Counters: [546 546 513 23 23 23 22 0 0 0 ],Thresholds: [0 0 600 600 300 200 120 85 54 35 ]
853,Queue Length: 9,Counters: [547 547 514 24 24 24 23 1 0 0 ],Thresholds: [0 0 600 600 300 200 120 85 54 35 ]
854,Queue Length: 8,Counters: [548 548 515 25 25 25 24 0 0 0 ],Thresholds: [0 0 600 600 300 200 120 85 54 35 ]
855,Queue Length: 8,Counters: [549 549 516 26 26 26 25 0 0 0 ],Thresholds: [0 0 600 600 300 200 120 85 54 35 ]
856,Queue Length: 9,Counters: [550 550 517 27 27 27 26 1 0 0 ],Thresholds: [0 0 600 600 300 200 120 85 54 35 ]
857,Queue Length: 9,Counters: [551 551 518 28 28 28 27 2 0 0 ],Thresholds: [0 0 600 600 300 200 120 85 54 35 ]
858,Queue Length: 8,Counters: [552 552 519 29 29 29 28 0 0 0 ],Thresholds: [0 0 600 600 300 200 120 85 54 35 ]
859,Queue Length: 8,Counters: [553 553 520 30 30 30 29 0 0 0 ],Thresholds: [0 0 600 600 300 200 120 85 54 35 ]
860,Queue Length: 8,Counters: [554 554 521 31 31 31 30 0 0 0 ],Thresholds: [0 0 600 600 300 200 120 85 54 35 ]
861,Queue Length: 9,Counters: [555 555 522 32 32 32 31 1 0 0 ],Thresholds: [0 0 600 600 300 200 120 85 54 35 ]
862,Queue Length: 9,Counters: [556 556 523 33 33 33 32 2 0 0 ],Thresholds: [0 0 600 600 300 200 120 85 54 35 ]
863,Queue Length: 9,Counters: [557 557 524 34 34 34 33 3 0 0 ],Thresholds: [0 0 600 600 300 200 120 85 54 35 ]
864,Queue Length: 9,Counters: [558 558 525 35 35 35 34 4 0 0 ],Thresholds: [0 0 600 600 300 200 120 85 54 35 ]
865,Queue Length: 9,Counters: [559 559 526 36 36 36 35 5 0 0 ],Thresholds: [0 0 600 600 300 200 120 85 54 35 ]
866,Queue Length: 9,Counters: [560 560 527 37 37 37 36 6 0 0 ],Thresholds: [0 0 600 600 300 200 120 85 54 35 ]
867,Queue Length: 9,Counters: [561 561 528 38 38 38 37 7 0 0 ],Thresholds: [0 0 600 600 300 200 120 85 54 35 ]
868,Queue Length: 8,Counters: [562 562 529 39 39 39 38 0 0 0 ],Thresholds: [0 0 600 600 300 200 120 85 54 35 ]
869,Queue Length: 9,Counters: [563 563 530 40 40 40 39 1 0 0 ],Thresholds: [0 0 600 600 300 200 120 85 54 35 ]
870,Queue Length: 9,Counters: [564 564 531 41 41 41 40 2 0 0 ],Thresholds: [0 0 600 600 300 200 120 85 54 35 ]
871,Queue Length: 8,Counters: [565 565 532 42 42 42 41 0 0 0 ],Thresholds: [0 0 600 600 300 200 120 85 54 35 ]
872,Queue Length: 7,Counters: [566 566 533 43 43 43 0 0 0 0 ],Thresholds: [0 0 600 600 300 200 120 85 54 35 ]
873,Queue Length: 6,Counters: [567 567 534 44 44 0 0 0 0 0 ],Thresholds: [0 0 600 600 300 200 120 85 54 35 ]
874,Queue Length: 5,Counters: [568 568 535 45 0 0 0 0 0 0 ],Thresholds: [0 0 600 600 300 200 120 85 54 35 ]
875,Queue Length: 4,Counters: [569 569 536 0 0 0 0 0 0 0 ],Thresholds: [0 0 600 600 300 200 120 85 54 35 ]
876,Queue Length: 6,Counters: [570 570 537 1 1 0 0 0 0 0 ],Thresholds: [0 0 600 600 300 200 120 85 54 35 ]
877,Queue Length: 9,Counters: [571 571 538 2 2 1 1 1 0 0 ],Thresholds: [0 0 600 600 300 200 120 85 54 35 ]
878,Queue Length: 9,Counters: [572 572 539 3 3 2 2 2 0 0 ],Thresholds: [0 0 600 600 300 200 120 85 54 35 ]
879,Queue Length: 9,Counters: [573 573 540 4 4 3 3 3 0 0 ],Thresholds: [0 0 600 600 300 200 120 85 54 35 ]
880,Queue Length: 9,Counters: [574 574 541 5 5 4 4 4 0 0 ],Thresholds: [0 0 600 600 300 200 120 85 54 35 ]
881,Queue Length: 9,Counters: [575 575 542 6 6 5 5 5 0 0 ],Thresholds: [0 0 600 600 300 200 120 85 54 35 ]
882,Queue Length: 8,Counters: [576 576 543 7 7 6 6 0 0 0 ],Thresholds: [0 0 600 600 300 200 120 85 54 35 ]
883,Queue Length: 9,Counters: [577 577 544 8 8 7 7 1 0 0 ],Thresholds: [0 0 600 600 300 200 120 85 54 35 ]
884,Queue Length: 9,Counters: [578 578 545 9 9 8 8 2 0 0 ],Thresholds: [0 0 600 600 300 200 120 85 54 35 ]
885,Queue Length: 9,Counters: [579 579 546 10 10 9 9 3 0 0 ],Thresholds: [0 0 600 600 300 200 120 85 54 35 ]
886,Queue Length: 9,Counters: [580 580 547 11 11 10 10 4 0 0 ],Thresholds: [0 0 600 600 300 200 120 85 54 35 ]
887,Queue Length: 9,Counters: [581 581 548 12 12 11 11 5 0 0 ],Thresholds: [0 0 600 600 300 200 120 85 54 35 ]
888,Queue Length: 9,Counters: [582 582 549 13 13 12 12 6 0 0 ],Thresholds: [0 0 600 600 300 200 120 85 54 35 ]
889,Queue Length: 9,Counters: [583 583 550 14 14 13 13 7 0 0 ],Thresholds: [0 0 600 600 300 200 120 85 54 35 ]
890,Queue Length: 9,Counters: [584 584 551 15 15 14 14 8 0 0 ],Thresholds: [0 0 600 600 300 200 120 85 54 35 ]
891,Queue Length: 9,Counters: [585 585 552 16 16 15 15 9 0 0 ],Thresholds: [0 0 600 600 300 200 120 85 54 35 ]
892,Queue Length: 9,Counters: [586 586 553 17 17 16 16 10 0 0 ],Thresholds: [0 0 600 600 300 200 120 85 54 35 ]
893,Queue Length: 9,Counters: [587 587 554 18 18 17 17 11 0 0 ],Thresholds: [0 0 600 600 300 200 120 85 54 35 ]
894,Queue Length: 9,Counters: [588 588 555 19 19 18 18 12 0 0 ],Thresholds: [0 0 600 600 300 200 120 85 54 35 ]
895,Queue Length: 8,Counters: [589 589 556 20 20 19 19 0 0 0 ],Thresholds: [0 0 600 600 300 200 120 85 54 35 ]
896,Queue Length: 9,Counters: [590 590 557 21 21 20 20 1 0 0 ],Thresholds: [0 0 600 600 300 200 120 85 54 35 ]
897,Queue Length: 9,Counters: [591 591 558 22 22 21 21 2 0 0 ],Thresholds: [0 0 600 600 300 200 120 85 54 35 ]
898,Queue Length: 9,Counters: [592 592 559 23 23 22 22 3 0 0 ],Thresholds: [0 0 600 600 300 200 120 85 54 35 ]
899,Queue Length: 9,Counters: [593 593 560 24 24 23 23 4 0 0 ],Thresholds: [0 0 600 600 300 200 120 85 54 35 ]
900,Queue Length: 9,Counters: [594 594 561 25 25 24 24 5 0 0 ],Thresholds: [0 0 600 600 300 200 120 85 54 35 ]
901,Queue Length: 8,Counters: [595 595 562 26 26 25 25 0 0 0 ],Thresholds: [0 0 600 600 300 200 120 85 54 35 ]
902,Queue Length: 9,Counters: [596 596 563 27 27 26 26 1 0 0 ],Thresholds: [0 0 600 600 300 200 120 85 54 35 ]
903,Queue Length: 9,Counters: [597 597 564 28 28 27 27 2 0 0 ],Thresholds: [0 0 600 600 300 200 120 85 54 35 ]
904,Queue Length: 8,Counters: [598 598 565 29 29 28 28 0 0 0 ],Thresholds: [0 0 600 600 300 200 120 85 54 35 ]
905,Queue Length: 8,Counters: [599 599 566 30 30 29 29 0 0 0 ],Thresholds: [0 0 600 600 300 200 120 85 54 35 ]
906,Queue Length: 9,Counters: [600 600 567 31 31 30 30 1 0 0 ],Thresholds: [0 0 600 600 300 200 120 85 54 35 ]
907,Queue Length: 8,Counters: [601 601 568 32 32 31 31 0 0 0 ],Thresholds: [0 0 600 600 300 200 120 85 54 35 ]
908,Queue Length: 9,Counters: [602 602 569 33 33 32 32 1 0 0 ],Thresholds: [0 0 600 600 300 200 120 85 54 35 ]
909,Queue Length: 9,Counters: [603 603 570 34 34 33 33 2 0 0 ],Thresholds: [0 0 600 600 300 200 120 85 54 35 ]
910,Queue Length: 9,Counters: [604 604 571 35 35 34 34 3 0 0 ],Thresholds: [0 0 600 600 300 200 120 85 54 35 ]
911,Queue Length: 9,Counters: [605 605 572 36 36 35 35 4 0 0 ],Thresholds: [0 0 600 600 300 200 120 85 54 35 ]
912,Queue Length: 9,Counters: [606 606 573 37 37 36 36 5 0 0 ],Thresholds: [0 0 600 600 300 200 120 85 54 35 ]
913,Queue Length: 9,Counters: [607 607 574 38 38 37 37 6 0 0 ],Thresholds: [0 0 600 600 300 200 120 85 54 35 ]
914,Queue Length: 9,Counters: [608 608 575 39 39 38 38 7 0 0 ],Thresholds: [0 0 600 600 300 200 120 85 54 35 ]
915,Queue Length: 9,Counters: [609 609 576 40 40 39 39 8 0 0 ],Thresholds: [0 0 600 600 300 200 120 85 54 35 ]
916,Queue Length: 9,Counters: [610 610 577 41 41 40 40 9 0 0 ],Thresholds: [0 0 600 600 300 200 120 85 54 35 ]
917,Queue Length: 9,Counters: [611 611 578 42 42 41 41 10 0 0 ],Thresholds: [0 0 600 600 300 200 120 85 54 35 ]
918,Queue Length: 9,Counters: [612 612 579 43 43 42 42 11 0 0 ],Thresholds: [0 0 600 600 300 200 120 85 54 35 ]
919,Queue Length: 9,Counters: [613 613 580 44 44 43 43 12 0 0 ],Thresholds: [0 0 600 600 300 200 120 85 54 35 ]
920,Queue Length: 9,Counters: [614 614 581 45 45 44 44 13 0 0 ],Thresholds: [0 0 600 600 300 200 120 85 54 35 ]
921,Queue Length: 8,Counters: [615 615 582 46 46 45 45 0 0 0 ],Thresholds: [0 0 600 600 300 200 120 85 54 35 ]
922,Queue Length: 9,Counters: [616 616 583 47 47 46 46 1 0 0 ],Thresholds: [0 0 600 600 300 200 120 85 54 35 ]
923,Queue Length: 9,Counters: [617 617 584 48 48 47 47 2 0 0 ],Thresholds: [0 0 600 600 300 200 120 85 54 35 ]
924,Queue Length: 8,Counters: [618 618 585 49 49 48 48 0 0 0 ],Thresholds: [0 0 600 600 300 200 120 85 54 35 ]
925,Queue Length: 9,Counters: [619 619 586 50 50 49 49 1 0 0 ],Thresholds: [0 0 600 600 300 200 120 85 54 35 ]
926,Queue Length: 9,Counters: [620 620 587 51 51 50 50 2 0 0 ],Thresholds: [0 0 600 600 300 200 120 85 54 35 ]
927,Queue Length: 9,Counters: [621 621 588 52 52 51 51 3 0 0 ],Thresholds: [0 0 600 600 300 200 120 85 54 35 ]
928,Queue Length: 9,Counters: [622 622 589 53 53 52 52 4 0 0 ],Thresholds: [0 0 600 600 300 200 120 85 54 35 ]
929,Queue Length: 9,Counters: [623 623 590 54 54 53 53 5 0 0 ],Thresholds: [0 0 600 600 300 200 120 85 54 35 ]
930,Queue Length: 9,Counters: [624 624 591 55 55 54 54 6 0 0 ],Thresholds: [0 0 600 600 300 200 120 85 54 35 ]
931,Queue Length: 9,Counters: [625 625 592 56 56 55 55 7 0 0 ],Thresholds: [0 0 600 600 300 200 120 85 54 35 ]
932,Queue Length: 8,Counters: [626 626 593 57 57 56 56 0 0 0 ],Thresholds: [0 0 600 600 300 200 120 85 54 35 ]
933,Queue Length: 9,Counters: [627 627 594 58 58 57 57 1 0 0 ],Thresholds: [0 0 600 600 300 200 120 85 54 35 ]
934,Queue Length: 9,Counters: [628 628 595 59 59 58 58 2 0 0 ],Thresholds: [0 0 600 600 300 200 120 85 54 35 ]
935,Queue Length: 9,Counters: [629 629 596 60 60 59 59 3 0 0 ],Thresholds: [0 0 600 600 300 200 120 85 54 35 ]
936,Queue Length: 9,Counters: [630 630 597 61 61 60 60 4 0 0 ],Thresholds: [0 0 600 600 300 200 120 85 54 35 ]
937,Queue Length: 9,Counters: [631 631 598 62 62 61 61 5 0 0 ],Thresholds: [0 0 600 600 300 200 120 85 54 35 ]
938,Queue Length: 9,Counters: [632 632 599 63 63 62 62 6 0 0 ],Thresholds: [0 0 600 600 300 200 120 85 54 35 ]
939,Queue Length: 9,Counters: [633 633 600 64 64 63 63 7 0 0 ],Thresholds: [0 0 600 600 300 200 120 85 54 35 ]
940,Queue Length: 9,Counters: [0 0 0 0 0 0 0 0 0 0 ],Thresholds: [0 0 600 600 300 200 120 85 54 35 ]
941,Queue Length: 8,Counters: [1 1 1 1 1 1 1 0 0 0 ],Thresholds: [0 0 600 600 300 200 120 85 54 35 ]
942,Queue Length: 8,Counters: [2 2 2 2 2 2 2 0 0 0 ],Thresholds: [0 0 600 600 300 200 120 85 54 35 ]
943,Queue Length: 8,Counters: [3 3 3 3 3 3 3 0 0 0 ],Thresholds: [0 0 600 600 300 200 120 85 54 35 ]
944,Queue Length: 8,Counters: [4 4 4 4 4 4 4 0 0 0 ],Thresholds: [0 0 600 600 300 200 120 85 54 35 ]
945,Queue Length: 8,Counters: [5 5 5 5 5 5 5 0 0 0 ],Thresholds: [0 0 600 600 300 200 120 85 54 35 ]
946,Queue Length: 8,Counters: [6 6 6 6 6 6 6 0 0 0 ],Thresholds: [0 0 600 600 300 200 120 85 54 35 ]
947,Queue Length: 8,Counters: [7 7 7 7 7 7 7 0 0 0 ],Thresholds: [0 0 600 600 300 200 120 85 54 35 ]
948,Queue Length: 8,Counters: [8 8 8 8 8 8 8 0 0 0 ],Thresholds: [0 0 600 600 300 200 120 85 54 35 ]
949,Queue Length: 8,Counters: [9 9 9 9 9 9 9 0 0 0 ],Thresholds: [0 0 600 600 300 200 120 85 54 35 ]
950,Queue Length: 8,Counters: [10 10 10 10 10 10 10 0 0 0 ],Thresholds: [0 0 600 600 300 200 120 85 54 35 ]
951,Queue Length: 8,Counters: [11 11 11 11 11 11 11 0 0 0 ],Thresholds: [0 0 600 600 300 200 120 85 54 35 ]
952,Queue Length: 8,Counters: [12 12 12 12 12 12 12 0 0 0 ],Thresholds: [0 0 600 600 300 200 120 85 54 35 ]
953,Queue Length: 8,Counters: [13 13 13 13 13 13 13 0 0 0 ],Thresholds: [0 0 600 600 300 200 120 85 54 35 ]
954,Queue Length: 7,Counters: [14 14 14 14 14 14 0 0 0 0 ],Thresholds: [0 0 600 600 300 200 120 85 54 35 ]
955,Queue Length: 8,Counters: [15 15 15 15 15 15 1 0 0 0 ],Thresholds: [0 0 600 600 300 200 120 85 54 35 ]
956,Queue Length: 8,Counters: [16 16 16 16 16 16 2 0 0 0 ],Thresholds: [0 0 600 600 300 200 120 85 54 35 ]
957,Queue Length: 8,Counters: [17 17 17 17 17 17 3 0 0 0 ],Thresholds: [0 0 600 600 300 200 120 85 54 35 ]
958,Queue Length: 8,Counters: [18 18 18 18 18 18 4 0 0 0 ],Thresholds: [0 0 600 600 300 200 120 85 54 35 ]
959,Queue Length: 8,Counters: [19 19 19 19 19 19 5 0 0 0 ],Thresholds: [0 0 600 600 300 200 120 85 54 35 ]
960,Queue Length: 8,Counters: [20 20 20 20 20 20 6 0 0 0 ],Thresholds: [0 0 600 600 300 200 120 85 54 35 ]
961,Queue Length: 8,Counters: [21 21 21 21 21 21 7 0 0 0 ],Thresholds: [0 0 600 600 300 200 120 85 54 35 ]
962,Queue Length: 8,Counters: [22 22 22 22 22 22 8 0 0 0 ],Thresholds: [0 0 600 600 300 200 120 85 54 35 ]
963,Queue Length: 8,Counters: [23 23 23 23 23 23 9 0 0 0 ],Thresholds: [0 0 600 600 300 200 120 85 54 35 ]
964,Queue Length: 8,Counters: [24 24 24 24 24 24 10 0 0 0 ],Thresholds: [0 0 600 600 300 200 120 85 54 35 ]
965,Queue Length: 8,Counters: [25 25 25 25 25 25 11 0 0 0 ],Thresholds: [0 0 600 600 300 200 120 85 54 35 ]
966,Queue Length: 8,Counters: [26 26 26 26 26 26 12 0 0 0 ],Thresholds: [0 0 600 600 300 200 120 85 54 35 ]
967,Queue Length: 7,Counters: [27 27 27 27 27 27 0 0 0 0 ],Thresholds: [0 0 600 600 300 200 120 85 54 35 ]
968,Queue Length: 8,Counters: [28 28 28 28 28 28 1 0 0 0 ],Thresholds: [0 0 600 600 300 200 120 85 54 35 ]
969,Queue Length: 8,Counters: [29 29 29 29 29 29 2 0 0 0 ],Thresholds: [0 0 600 600 300 200 120 85 54 35 ]
970,Queue Length: 8,Counters: [30 30 30 30 30 30 3 0 0 0 ],Thresholds: [0 0 600 600 300 200 120 85 54 35 ]
971,Queue Length: 8,Counters: [31 31 31 31 31 31 4 0 0 0 ],Thresholds: [0 0 600 600 300 200 120 85 54 35 ]
972,Queue Length: 8,Counters: [32 32 32 32 32 32 5 0 0 0 ],Thresholds: [0 0 600 600 300 200 120 85 54 35 ]
973,Queue Length: 8,Counters: [33 33 33 33 33 33 6 0 0 0 ],Thresholds: [0 0 600 600 300 200 120 85 54 35 ]
974,Queue Length: 8,Counters: [34 34 34 34 34 34 7 0 0 0 ],Thresholds: [0 0 600 600 300 200 120 85 54 35 ]
975,Queue Length: 8,Counters: [35 35 35 35 35 35 8 0 0 0 ],Thresholds: [0 0 600 600 300 200 120 85 54 35 ]
976,Queue Length: 8,Counters: [36 36 36 36 36 36 9 0 0 0 ],Thresholds: [0 0 600 600 300 200 120 85 54 35 ]
977,Queue Length: 8,Counters: [37 37 37 37 37 37 10 0 0 0 ],Thresholds: [0 0 600 600 300 200 120 85 54 35 ]
978,Queue Length: 8,Counters: [38 38 38 38 38 38 11 0 0 0 ],Thresholds: [0 0 600 600 300 200 120 85 54 35 ]
979,Queue Length: 8,Counters: [39 39 39 39 39 39 12 0 0 0 ],Thresholds: [0 0 600 600 300 200 120 85 54 35 ]
980,Queue Length: 8,Counters: [40 40 40 40 40 40 13 0 0 0 ],Thresholds: [0 0 600 600 300 200 120 85 54 35 ]
981,Queue Length: 8,Counters: [41 41 41 41 41 41 14 0 0 0 ],Thresholds: [0 0 600 600 300 200 120 85 54 35 ]
982,Queue Length: 8,Counters: [42 42 42 42 42 42 15 0 0 0 ],Thresholds: [0 0 600 600 300 200 120 85 54 35 ]
983,Queue Length: 8,Counters: [43 43 43 43 43 43 16 0 0 0 ],Thresholds: [0 0 600 600 300 200 120 85 54 35 ]
984,Queue Length: 8,Counters: [44 44 44 44 44 44 17 0 0 0 ],Thresholds: [0 0 600 600 300 200 120 85 54 35 ]
985,Queue Length: 8,Counters: [45 45 45 45 45 45 18 0 0 0 ],Thresholds: [0 0 600 600 300 200 120 85 54 35 ]
986,Queue Length: 7,Counters: [46 46 46 46 46 46 0 0 0 0 ],Thresholds: [0 0 600 600 300 200 120 85 54 35 ]
987,Queue Length: 7,Counters: [47 47 47 47 47 47 0 0 0 0 ],Thresholds: [0 0 600 600 300 200 120 85 54 35 ]
988,Queue Length: 6,Counters: [48 48 48 48 48 0 0 0 0 0 ],Thresholds: [0 0 600 600 300 200 120 85 54 35 ]
989,Queue Length: 5,Counters: [49 49 49 49 0 0 0 0 0 0 ],Thresholds: [0 0 600 600 300 200 120 85 54 35 ]
990,Queue Length: 4,Counters: [50 50 50 0 0 0 0 0 0 0 ],Thresholds: [0 0 600 600 300 200 120 85 54 35 ]
991,Queue Length: 3,Counters: [51 51 0 0 0 0 0 0 0 0 ],Thresholds: [0 0 600 600 300 200 120 85 54 35 ]
992,Queue Length: 6,Counters: [52 52 1 1 1 0 0 0 0 0 ],Thresholds: [0 0 600 600 300 200 120 85 54 35 ]
993,Queue Length: 8,Counters: [53 53 2 2 2 1 1 0 0 0 ],Thresholds: [0 0 600 600 300 200 120 85 54 35 ]
994,Queue Length: 8,Counters: [54 54 3 3 3 2 2 0 0 0 ],Thresholds: [0 0 600 600 300 200 120 85 54 35 ]
995,Queue Length: 8,Counters: [55 55 4 4 4 3 3 0 0 0 ],Thresholds: [0 0 600 600 300 200 120 85 54 35 ]
996,Queue Length: 8,Counters: [56 56 5 5 5 4 4 0 0 0 ],Thresholds: [0 0 600 600 300 200 120 85 54 35 ]
997,Queue Length: 8,Counters: [57 57 6 6 6 5 5 0 0 0 ],Thresholds: [0 0 600 600 300 200 120 85 54 35 ]
998,Queue Length: 8,Counters: [58 58 7 7 7 6 6 0 0 0 ],Thresholds: [0 0 600 600 300 200 120 85 54 35 ]
999,Queue Length: 8,Counters: [59 59 8 8 8 7 7 0 0 0 ],Thresholds: [0 0 600 600 300 200 120 85 54 35 ]
1000,Queue Length: 8,Counters: [60 60 9 9 9 8 8 0 0 0 ],Thresholds: [0 0 600 600 300 200 120 85 54 35 ]
1001,Queue Length: 8,Counters: [61 61 10 10 10 9 9 0 0 0 ],Thresholds: [0 0 600 600 300 200 120 85 54 35 ]
1002,Queue Length: 8,Counters: [62 62 11 11 11 10 10 0 0 0 ],Thresholds: [0 0 600 600 300 200 120 85 54 35 ]
1003,Queue Length: 8,Counters: [63 63 12 12 12 11 11 0 0 0 ],Thresholds: [0 0 600 600 300 200 120 85 54 35 ]
1004,Queue Length: 8,Counters: [64 64 13 13 13 12 12 0 0 0 ],Thresholds: [0 0 600 600 300 200 120 85 54 35 ]
1005,Queue Length: 8,Counters: [65 65 14 14 14 13 13 0 0 0 ],Thresholds: [0 0 600 600 300 200 120 85 54 35 ]
1006,Queue Length: 8,Counters: [66 66 15 15 15 14 14 0 0 0 ],Thresholds: [0 0 600 600 300 200 120 85 54 35 ]
1007,Queue Length: 8,Counters: [67 67 16 16 16 15 15 0 0 0 ],Thresholds: [0 0 600 600 300 200 120 85 54 35 ]
1008,Queue Length: 8,Counters: [68 68 17 17 17 16 16 0 0 0 ],Thresholds: [0 0 600 600 300 200 120 85 54 35 ]
1009,Queue Length: 8,Counters: [69 69 18 18 18 17 17 0 0 0 ],Thresholds: [0 0 600 600 300 200 120 85 54 35 ]
1010,Queue Length: 8,Counters: [70 70 19 19 19 18 18 0 0 0 ],Thresholds: [0 0 600 600 300 200 120 85 54 35 ]
1011,Queue Length: 8,Counters: [71 71 20 20 20 19 19 0 0 0 ],Thresholds: [0 0 600 600 300 200 120 85 54 35 ]
1012,Queue Length: 8,Counters: [72 72 21 21 21 20 20 0 0 0 ],Thresholds: [0 0 600 600 300 200 120 85 54 35 ]
1013,Queue Length: 8,Counters: [73 73 22 22 22 21 21 0 0 0 ],Thresholds: [0 0 600 600 300 200 120 85 54 35 ]
1014,Queue Length: 8,Counters: [74 74 23 23 23 22 22 0 0 0 ],Thresholds: [0 0 600 600 300 200 120 85 54 35 ]
1015,Queue Length: 8,Counters: [75 75 24 24 24 23 23 0 0 0 ],Thresholds: [0 0 600 600 300 200 120 85 54 35 ]
1016,Queue Length: 8,Counters: [76 76 25 25 25 24 24 0 0 0 ],Thresholds: [0 0 600 600 300 200 120 85 54 35 ]
1017,Queue Length: 8,Counters: [77 77 26 26 26 25 25 0 0 0 ],Thresholds: [0 0 600 600 300 200 120 85 54 35 ]
1018,Queue Length: 8,Counters: [78 78 27 27 27 26 26 0 0 0 ],Thresholds: [0 0 600 600 300 200 120 85 54 35 ]
1019,Queue Length: 8,Counters: [79 79 28 28 28 27 27 0 0 0 ],Thresholds: [0 0 600 600 300 200 120 85 54 35 ]
1020,Queue Length: 7,Counters: [80 80 29 29 29 28 0 0 0 0 ],Thresholds: [0 0 600 600 300 200 120 85 54 35 ]
1021,Queue Length: 8,Counters: [81 81 30 30 30 29 1 0 0 0 ],Thresholds: [0 0 600 600 300 200 120 85 54 35 ]
1022,Queue Length: 8,Counters: [82 82 31 31 31 30 2 0 0 0 ],Thresholds: [0 0 600 600 300 200 120 85 54 35 ]
1023,Queue Length: 8,Counters: [83 83 32 32 32 31 3 0 0 0 ],Thresholds: [0 0 600 600 300 200 120 85 54 35 ]
1024,Queue Length: 8,Counters: [84 84 33 33 33 32 4 0 0 0 ],Thresholds: [0 0 600 600 300 200 120 85 54 35 ]
1025,Queue Length: 8,Counters: [85 85 34 34 34 33 5 0 0 0 ],Thresholds: [0 0 600 600 300 200 120 85 54 35 ]
1026,Queue Length: 8,Counters: [86 86 35 35 35 34 6 0 0 0 ],Thresholds: [0 0 600 600 300 200 120 85 54 35 ]
1027,Queue Length: 8,Counters: [87 87 36 36 36 35 7 0 0 0 ],Thresholds: [0 0 600 600 300 200 120 85 54 35 ]
1028,Queue Length: 8,Counters: [88 88 37 37 37 36 8 0 0 0 ],Thresholds: [0 0 600 600 300 200 120 85 54 35 ]
1029,Queue Length: 8,Counters: [89 89 38 38 38 37 9 0 0 0 ],Thresholds: [0 0 600 600 300 200 120 85 54 35 ]
1030,Queue Length: 8,Counters: [90 90 39 39 39 38 10 0 0 0 ],Thresholds: [0 0 600 600 300 200 120 85 54 35 ]
1031,Queue Length: 8,Counters: [91 91 40 40 40 39 11 0 0 0 ],Thresholds: [0 0 600 600 300 200 120 85 54 35 ]
1032,Queue Length: 8,Counters: [92 92 41 41 41 40 12 0 0 0 ],Thresholds: [0 0 600 600 300 200 120 85 54 35 ]
1033,Queue Length: 8,Counters: [93 93 42 42 42 41 13 0 0 0 ],Thresholds: [0 0 600 600 300 200 120 85 54 35 ]
1034,Queue Length: 8,Counters: [94 94 43 43 43 42 14 0 0 0 ],Thresholds: [0 0 600 600 300 200 120 85 54 35 ]
1035,Queue Length: 8,Counters: [95 95 44 44 44 43 15 0 0 0 ],Thresholds: [0 0 600 600 300 200 120 85 54 35 ]
1036,Queue Length: 7,Counters: [96 96 45 45 45 44 0 0 0 0 ],Thresholds: [0 0 600 600 300 200 120 85 54 35 ]
1037,Queue Length: 8,Counters: [97 97 46 46 46 45 1 0 0 0 ],Thresholds: [0 0 600 600 300 200 120 85 54 35 ]
1038,Queue Length: 8,Counters: [98 98 47 47 47 46 2 0 0 0 ],Thresholds: [0 0 600 600 300 200 120 85 54 35 ]
1039,Queue Length: 8,Counters: [99 99 48 48 48 47 3 0 0 0 ],Thresholds: [0 0 600 600 300 200 120 85 54 35 ]
1040,Queue Length: 8,Counters: [100 100 49 49 49 48 4 0 0 0 ],Thresholds: [0 0 600 600 300 200 120 85 54 35 ]
1041,Queue Length: 8,Counters: [101 101 50 50 50 49 5 0 0 0 ],Thresholds: [0 0 600 600 300 200 120 85 54 35 ]
1042,Queue Length: 8,Counters: [102 102 51 51 51 50 6 0 0 0 ],Thresholds: [0 0 600 600 300 200 120 85 54 35 ]
1043,Queue Length: 8,Counters: [103 103 52 52 52 51 7 0 0 0 ],Thresholds: [0 0 600 600 300 200 120 85 54 35 ]
1044,Queue Length: 8,Counters: [104 104 53 53 53 52 8 0 0 0 ],Thresholds: [0 0 600 600 300 200 120 85 54 35 ]
1045,Queue Length: 8,Counters: [105 105 54 54 54 53 9 0 0 0 ],Thresholds: [0 0 600 600 300 200 120 85 54 35 ]
1046,Queue Length: 8,Counters: [106 106 55 55 55 54 10 0 0 0 ],Thresholds: [0 0 600 600 300 200 120 85 54 35 ]
1047,Queue Length: 7,Counters: [107 107 56 56 56 55 0 0 0 0 ],Thresholds: [0 0 600 600 300 200 120 85 54 35 ]
1048,Queue Length: 6,Counters: [108 108 57 57 57 0 0 0 0 0 ],Thresholds: [0 0 600 600 300 200 120 85 54 35 ]
1049,Queue Length: 5,Counters: [109 109 58 58 0 0 0 0 0 0 ],Thresholds: [0 0 600 600 300 200 120 85 54 35 ]
1050,Queue Length: 4,Counters: [110 110 59 0 0 0 0 0 0 0 ],Thresholds: [0 0 600 600 300 200 120 85 54 35 ]
1051,Queue Length: 3,Counters: [111 111 0 0 0 0 0 0 0 0 ],Thresholds: [0 0 600 600 300 200 120 85 54 35 ]
1052,Queue Length: 7,Counters: [112 112 1 1 1 1 0 0 0 0 ],Thresholds: [0 0 600 600 300 200 120 85 54 35 ]
1053,Queue Length: 7,Counters: [113 113 2 2 2 2 0 0 0 0 ],Thresholds: [0 0 600 600 300 200 120 85 54 35 ]
1054,Queue Length: 7,Counters: [114 114 3 3 3 3 0 0 0 0 ],Thresholds: [0 0 600 600 300 200 120 85 54 35 ]
1055,Queue Length: 7,Counters: [115 115 4 4 4 4 0 0 0 0 ],Thresholds: [0 0 600 600 300 200 120 85 54 35 ]
1056,Queue Length: 7,Counters: [116 116 5 5 5 5 0 0 0 0 ],Thresholds: [0 0 600 600 300 200 120 85 54 35 ]
1057,Queue Length: 7,Counters: [117 117 6 6 6 6 0 0 0 0 ],Thresholds: [0 0 600 600 300 200 120 85 54 35 ]
1058,Queue Length: 7,Counters: [118 118 7 7 7 7 0 0 0 0 ],Thresholds: [0 0 600 600 300 200 120 85 54 35 ]
1059,Queue Length: 7,Counters: [119 119 8 8 8 8 0 0 0 0 ],Thresholds: [0 0 600 600 300 200 120 85 54 35 ]
1060,Queue Length: 7,Counters: [120 120 9 9 9 9 0 0 0 0 ],Thresholds: [0 0 600 600 300 200 120 85 54 35 ]
1061,Queue Length: 7,Counters: [121 121 10 10 10 10 0 0 0 0 ],Thresholds: [0 0 600 600 300 200 120 85 54 35 ]
1062,Queue Length: 7,Counters: [122 122 11 11 11 11 0 0 0 0 ],Thresholds: [0 0 600 600 300 200 120 85 54 35 ]
1063,Queue Length: 7,Counters: [123 123 12 12 12 12 0 0 0 0 ],Thresholds: [0 0 600 600 300 200 120 85 54 35 ]
1064,Queue Length: 7,Counters: [124 124 13 13 13 13 0 0 0 0 ],Thresholds: [0 0 600 600 300 200 120 85 54 35 ]
1065,Queue Length: 7,Counters: [125 125 14 14 14 14 0 0 0 0 ],Thresholds: [0 0 600 600 300 200 120 85 54 35 ]
1066,Queue Length: 7,Counters: [126 126 15 15 15 15 0 0 0 0 ],Thresholds: [0 0 600 600 300 200 120 85 54 35 ]
1067,Queue Length: 7,Counters: [127 127 16 16 16 16 0 0 0 0 ],Thresholds: [0 0 600 600 300 200 120 85 54 35 ]
1068,Queue Length: 7,Counters: [128 128 17 17 17 17 0 0 0 0 ],Thresholds: [0 0 600 600 300 200 120 85 54 35 ]
1069,Queue Length: 7,Counters: [129 129 18 18 18 18 0 0 0 0 ],Thresholds: [0 0 600 600 300 200 120 85 54 35 ]
1070,Queue Length: 7,Counters: [130 130 19 19 19 19 0 0 0 0 ],Thresholds: [0 0 600 600 300 200 120 85 54 35 ]
1071,Queue Length: 7,Counters: [131 131 20 20 20 20 0 0 0 0 ],Thresholds: [0 0 600 600 300 200 120 85 54 35 ]
1072,Queue Length: 7,Counters: [132 132 21 21 21 21 0 0 0 0 ],Thresholds: [0 0 600 600 300 200 120 85 54 35 ]
1073,Queue Length: 7,Counters: [133 133 22 22 22 22 0 0 0 0 ],Thresholds: [0 0 600 600 300 200 120 85 54 35 ]
1074,Queue Length: 7,Counters: [134 134 23 23 23 23 0 0 0 0 ],Thresholds: [0 0 600 600 300 200 120 85 54 35 ]
1075,Queue Length: 7,Counters: [135 135 24 24 24 24 0 0 0 0 ],Thresholds: [0 0 600 600 300 200 120 85 54 35 ]
1076,Queue Length: 7,Counters: [136 136 25 25 25 25 0 0 0 0 ],Thresholds: [0 0 600 600 300 200 120 85 54 35 ]
1077,Queue Length: 7,Counters: [137 137 26 26 26 26 0 0 0 0 ],Thresholds: [0 0 600 600 300 200 120 85 54 35 ]
1078,Queue Length: 7,Counters: [138 138 27 27 27 27 0 0 0 0 ],Thresholds: [0 0 600 600 300 200 120 85 54 35 ]
1079,Queue Length: 7,Counters: [139 139 28 28 28 28 0 0 0 0 ],Thresholds: [0 0 600 600 300 200 120 85 54 35 ]
1080,Queue Length: 7,Counters: [140 140 29 29 29 29 0 0 0 0 ],Thresholds: [0 0 600 600 300 200 120 85 54 35 ]
1081,Queue Length: 7,Counters: [141 141 30 30 30 30 0 0 0 0 ],Thresholds: [0 0 600 600 300 200 120 85 54 35 ]
1082,Queue Length: 7,Counters: [142 142 31 31 31 31 0 0 0 0 ],Thresholds: [0 0 600 600 300 200 120 85 54 35 ]
1083,Queue Length: 7,Counters: [143 143 32 32 32 32 0 0 0 0 ],Thresholds: [0 0 600 600 300 200 120 85 54 35 ]
1084,Queue Length: 7,Counters: [144 144 33 33 33 33 0 0 0 0 ],Thresholds: [0 0 600 600 300 200 120 85 54 35 ]
1085,Queue Length: 7,Counters: [145 145 34 34 34 34 0 0 0 0 ],Thresholds: [0 0 600 600 300 200 120 85 54 35 ]
1086,Queue Length: 7,Counters: [146 146 35 35 35 35 0 0 0 0 ],Thresholds: [0 0 600 600 300 200 120 85 54 35 ]
1087,Queue Length: 7,Counters: [147 147 36 36 36 36 0 0 0 0 ],Thresholds: [0 0 600 600 300 200 120 85 54 35 ]
1088,Queue Length: 7,Counters: [148 148 37 37 37 37 0 0 0 0 ],Thresholds: [0 0 600 600 300 200 120 85 54 35 ]
1089,Queue Length: 7,Counters: [149 149 38 38 38 38 0 0 0 0 ],Thresholds: [0 0 600 600 300 200 120 85 54 35 ]
1090,Queue Length: 7,Counters: [150 150 39 39 39 39 0 0 0 0 ],Thresholds: [0 0 600 600 300 200 120 85 54 35 ]
1091,Queue Length: 7,Counters: [151 151 40 40 40 40 0 0 0 0 ],Thresholds: [0 0 600 600 300 200 120 85 54 35 ]
1092,Queue Length: 7,Counters: [152 152 41 41 41 41 0 0 0 0 ],Thresholds: [0 0 600 600 300 200 120 85 54 35 ]
1093,Queue Length: 7,Counters: [153 153 42 42 42 42 0 0 0 0 ],Thresholds: [0 0 600 600 300 200 120 85 54 35 ]
1094,Queue Length: 7,Counters: [154 154 43 43 43 43 0 0 0 0 ],Thresholds: [0 0 600 600 300 200 120 85 54 35 ]
1095,Queue Length: 7,Counters: [155 155 44 44 44 44 0 0 0 0 ],Thresholds: [0 0 600 600 300 200 120 85 54 35 ]
1096,Queue Length: 7,Counters: [156 156 45 45 45 45 0 0 0 0 ],Thresholds: [0 0 600 600 300 200 120 85 54 35 ]
1097,Queue Length: 7,Counters: [157 157 46 46 46 46 0 0 0 0 ],Thresholds: [0 0 600 600 300 200 120 85 54 35 ]
1098,Queue Length: 7,Counters: [158 158 47 47 47 47 0 0 0 0 ],Thresholds: [0 0 600 600 300 200 120 85 54 35 ]
1099,Queue Length: 7,Counters: [159 159 48 48 48 48 0 0 0 0 ],Thresholds: [0 0 600 600 300 200 120 85 54 35 ]
1100,Queue Length: 7,Counters: [160 160 49 49 49 49 0 0 0 0 ],Thresholds: [0 0 600 600 300 200 120 85 54 35 ]
1101,Queue Length: 7,Counters: [161 161 50 50 50 50 0 0 0 0 ],Thresholds: [0 0 600 600 300 200 120 85 54 35 ]
1102,Queue Length: 7,Counters: [162 162 51 51 51 51 0 0 0 0 ],Thresholds: [0 0 600 600 300 200 120 85 54 35 ]
1103,Queue Length: 7,Counters: [163 163 52 52 52 52 0 0 0 0 ],Thresholds: [0 0 600 600 300 200 120 85 54 35 ]
1104,Queue Length: 7,Counters: [164 164 53 53 53 53 0 0 0 0 ],Thresholds: [0 0 600 600 300 200 120 85 54 35 ]
1105,Queue Length: 7,Counters: [165 165 54 54 54 54 0 0 0 0 ],Thresholds: [0 0 600 600 300 200 120 85 54 35 ]
1106,Queue Length: 7,Counters: [166 166 55 55 55 55 0 0 0 0 ],Thresholds: [0 0 600 600 300 200 120 85 54 35 ]
1107,Queue Length: 7,Counters: [167 167 56 56 56 56 0 0 0 0 ],Thresholds: [0 0 600 600 300 200 120 85 54 35 ]
1108,Queue Length: 7,Counters: [168 168 57 57 57 57 0 0 0 0 ],Thresholds: [0 0 600 600 300 200 120 85 54 35 ]
1109,Queue Length: 7,Counters: [169 169 58 58 58 58 0 0 0 0 ],Thresholds: [0 0 600 600 300 200 120 85 54 35 ]
1110,Queue Length: 7,Counters: [170 170 59 59 59 59 0 0 0 0 ],Thresholds: [0 0 600 600 300 200 120 85 54 35 ]
1111,Queue Length: 7,Counters: [171 171 60 60 60 60 0 0 0 0 ],Thresholds: [0 0 600 600 300 200 120 85 54 35 ]
1112,Queue Length: 7,Counters: [172 172 61 61 61 61 0 0 0 0 ],Thresholds: [0 0 600 600 300 200 120 85 54 35 ]
1113,Queue Length: 7,Counters: [173 173 62 62 62 62 0 0 0 0 ],Thresholds: [0 0 600 600 300 200 120 85 54 35 ]
1114,Queue Length: 7,Counters: [174 174 63 63 63 63 0 0 0 0 ],Thresholds: [0 0 600 600 300 200 120 85 54 35 ]
1115,Queue Length: 7,Counters: [175 175 64 64 64 64 0 0 0 0 ],Thresholds: [0 0 600 600 300 200 120 85 54 35 ]
1116,Queue Length: 7,Counters: [176 176 65 65 65 65 0 0 0 0 ],Thresholds: [0 0 600 600 300 200 120 85 54 35 ]
1117,Queue Length: 7,Counters: [177 177 66 66 66 66 0 0 0 0 ],Thresholds: [0 0 600 600 300 200 120 85 54 35 ]
1118,Queue Length: 7,Counters: [178 178 67 67 67 67 0 0 0 0 ],Thresholds: [0 0 600 600 300 200 120 85 54 35 ]
1119,Queue Length: 7,Counters: [179 179 68 68 68 68 0 0 0 0 ],Thresholds: [0 0 600 600 300 200 120 85 54 35 ]
1120,Queue Length: 7,Counters: [180 180 69 69 69 69 0 0 0 0 ],Thresholds: [0 0 600 600 300 200 120 85 54 35 ]
1121,Queue Length: 7,Counters: [181 181 70 70 70 70 0 0 0 0 ],Thresholds: [0 0 600 600 300 200 120 85 54 35 ]
1122,Queue Length: 7,Counters: [182 182 71 71 71 71 0 0 0 0 ],Thresholds: [0 0 600 600 300 200 120 85 54 35 ]
1123,Queue Length: 7,Counters: [183 183 72 72 72 72 0 0 0 0 ],Thresholds: [0 0 600 600 300 200 120 85 54 35 ]
1124,Queue Length: 7,Counters: [184 184 73 73 73 73 0 0 0 0 ],Thresholds: [0 0 600 600 300 200 120 85 54 35 ]
1125,Queue Length: 7,Counters: [185 185 74 74 74 74 0 0 0 0 ],Thresholds: [0 0 600 600 300 200 120 85 54 35 ]
1126,Queue Length: 7,Counters: [186 186 75 75 75 75 0 0 0 0 ],Thresholds: [0 0 600 600 300 200 120 85 54 35 ]
1127,Queue Length: 7,Counters: [187 187 76 76 76 76 0 0 0 0 ],Thresholds: [0 0 600 600 300 200 120 85 54 35 ]
1128,Queue Length: 7,Counters: [188 188 77 77 77 77 0 0 0 0 ],Thresholds: [0 0 600 600 300 200 120 85 54 35 ]
1129,Queue Length: 7,Counters: [189 189 78 78 78 78 0 0 0 0 ],Thresholds: [0 0 600 600 300 200 120 85 54 35 ]
1130,Queue Length: 7,Counters: [190 190 79 79 79 79 0 0 0 0 ],Thresholds: [0 0 600 600 300 200 120 85 54 35 ]
1131,Queue Length: 7,Counters: [191 191 80 80 80 80 0 0 0 0 ],Thresholds: [0 0 600 600 300 200 120 85 54 35 ]
1132,Queue Length: 7,Counters: [192 192 81 81 81 81 0 0 0 0 ],Thresholds: [0 0 600 600 300 200 120 85 54 35 ]
1133,Queue Length: 7,Counters: [193 193 82 82 82 82 0 0 0 0 ],Thresholds: [0 0 600 600 300 200 120 85 54 35 ]
1134,Queue Length: 7,Counters: [194 194 83 83 83 83 0 0 0 0 ],Thresholds: [0 0 600 600 300 200 120 85 54 35 ]
1135,Queue Length: 7,Counters: [195 195 84 84 84 84 0 0 0 0 ],Thresholds: [0 0 600 600 300 200 120 85 54 35 ]
1136,Queue Length: 7,Counters: [196 196 85 85 85 85 0 0 0 0 ],Thresholds: [0 0 600 600 300 200 120 85 54 35 ]
1137,Queue Length: 7,Counters: [197 197 86 86 86 86 0 0 0 0 ],Thresholds: [0 0 600 600 300 200 120 85 54 35 ]
1138,Queue Length: 7,Counters: [198 198 87 87 87 87 0 0 0 0 ],Thresholds: [0 0 600 600 300 200 120 85 54 35 ]
1139,Queue Length: 7,Counters: [199 199 88 88 88 88 0 0 0 0 ],Thresholds: [0 0 600 600 300 200 120 85 54 35 ]
1140,Queue Length: 7,Counters: [200 200 89 89 89 89 0 0 0 0 ],Thresholds: [0 0 600 600 300 200 120 85 54 35 ]
1141,Queue Length: 7,Counters: [201 201 90 90 90 90 0 0 0 0 ],Thresholds: [0 0 600 600 300 200 120 85 54 35 ]
1142,Queue Length: 7,Counters: [202 202 91 91 91 91 0 0 0 0 ],Thresholds: [0 0 600 600 300 200 120 85 54 35 ]
1143,Queue Length: 7,Counters: [203 203 92 92 92 92 0 0 0 0 ],Thresholds: [0 0 600 600 300 200 120 85 54 35 ]
1144,Queue Length: 7,Counters: [204 204 93 93 93 93 0 0 0 0 ],Thresholds: [0 0 600 600 300 200 120 85 54 35 ]
1145,Queue Length: 7,Counters: [205 205 94 94 94 94 0 0 0 0 ],Thresholds: [0 0 600 600 300 200 120 85 54 35 ]
1146,Queue Length: 7,Counters: [206 206 95 95 95 95 0 0 0 0 ],Thresholds: [0 0 600 600 300 200 120 85 54 35 ]
1147,Queue Length: 7,Counters: [207 207 96 96 96 96 0 0 0 0 ],Thresholds: [0 0 600 600 300 200 120 85 54 35 ]
1148,Queue Length: 7,Counters: [208 208 97 97 97 97 0 0 0 0 ],Thresholds: [0 0 600 600 300 200 120 85 54 35 ]
1149,Queue Length: 7,Counters: [209 209 98 98 98 98 0 0 0 0 ],Thresholds: [0 0 600 600 300 200 120 85 54 35 ]
1150,Queue Length: 6,Counters: [210 210 99 99 99 0 0 0 0 0 ],Thresholds: [0 0 600 600 300 200 120 85 54 35 ]
1151,Queue Length: 5,Counters: [211 211 100 100 0 0 0 0 0 0 ],Thresholds: [0 0 600 600 300 200 120 85 54 35 ]
1152,Queue Length: 4,Counters: [212 212 101 0 0 0 0 0 0 0 ],Thresholds: [0 0 600 600 300 200 120 85 54 35 ]
1153,Queue Length: 3,Counters: [213 213 0 0 0 0 0 0 0 0 ],Thresholds: [0 0 600 600 300 200 120 85 54 35 ]
1154,Queue Length: 2,Counters: [214 0 0 0 0 0 0 0 0 0 ],Thresholds: [0 0 600 600 300 200 120 85 54 35 ]
1155,Queue Length: 5,Counters: [215 1 1 1 0 0 0 0 0 0 ],Thresholds: [0 0 600 600 300 200 120 85 54 35 ]
1156,Queue Length: 7,Counters: [216 2 2 2 1 1 0 0 0 0 ],Thresholds: [0 0 600 600 300 200 120 85 54 35 ]
1157,Queue Length: 7,Counters: [217 3 3 3 2 2 0 0 0 0 ],Thresholds: [0 0 600 600 300 200 120 85 54 35 ]
1158,Queue Length: 7,Counters: [218 4 4 4 3 3 0 0 0 0 ],Thresholds: [0 0 600 600 300 200 120 85 54 35 ]
1159,Queue Length: 7,Counters: [219 5 5 5 4 4 0 0 0 0 ],Thresholds: [0 0 600 600 300 200 120 85 54 35 ]
1160,Queue Length: 7,Counters: [220 6 6 6 5 5 0 0 0 0 ],Thresholds: [0 0 600 600 300 200 120 85 54 35 ]
1161,Queue Length: 7,Counters: [221 7 7 7 6 6 0 0 0 0 ],Thresholds: [0 0 600 600 300 200 120 85 54 35 ]
1162,Queue Length: 7,Counters: [222 8 8 8 7 7 0 0 0 0 ],Thresholds: [0 0 600 600 300 200 120 85 54 35 ]
1163,Queue Length: 7,Counters: [223 9 9 9 8 8 0 0 0 0 ],Thresholds: [0 0 600 600 300 200 120 85 54 35 ]
1164,Queue Length: 7,Counters: [224 10 10 10 9 9 0 0 0 0 ],Thresholds: [0 0 600 600 300 200 120 85 54 35 ]
1165,Queue Length: 7,Counters: [225 11 11 11 10 10 0 0 0 0 ],Thresholds: [0 0 600 600 300 200 120 85 54 35 ]
1166,Queue Length: 7,Counters: [226 12 12 12 11 11 0 0 0 0 ],Thresholds: [0 0 600 600 300 200 120 85 54 35 ]
1167,Queue Length: 7,Counters: [227 13 13 13 12 12 0 0 0 0 ],Thresholds: [0 0 600 600 300 200 120 85 54 35 ]
1168,Queue Length: 7,Counters: [228 14 14 14 13 13 0 0 0 0 ],Thresholds: [0 0 600 600 300 200 120 85 54 35 ]
1169,Queue Length: 6,Counters: [229 15 15 15 14 0 0 0 0 0 ],Thresholds: [0 0 600 600 300 200 120 85 54 35 ]
1170,Queue Length: 5,Counters: [230 16 16 16 0 0 0 0 0 0 ],Thresholds: [0 0 600 600 300 200 120 85 54 35 ]
1171,Queue Length: 4,Counters: [231 17 17 0 0 0 0 0 0 0 ],Thresholds: [0 0 600 600 300 200 120 85 54 35 ]
1172,Queue Length: 3,Counters: [232 18 0 0 0 0 0 0 0 0 ],Thresholds: [0 0 600 600 300 200 120 85 54 35 ]
1173,Queue Length: 2,Counters: [233 0 0 0 0 0 0 0 0 0 ],Thresholds: [0 0 600 600 300 200 120 85 54 35 ]
1174,Queue Length: 6,Counters: [234 1 1 1 1 0 0 0 0 0 ],Thresholds: [0 0 600 600 300 200 120 85 54 35 ]
1175,Queue Length: 7,Counters: [235 2 2 2 2 1 0 0 0 0 ],Thresholds: [0 0 600 600 300 200 120 85 54 35 ]
1176,Queue Length: 7,Counters: [236 3 3 3 3 2 0 0 0 0 ],Thresholds: [0 0 600 600 300 200 120 85 54 35 ]
1177,Queue Length: 7,Counters: [237 4 4 4 4 3 0 0 0 0 ],Thresholds: [0 0 600 600 300 200 120 85 54 35 ]
1178,Queue Length: 7,Counters: [238 5 5 5 5 4 0 0 0 0 ],Thresholds: [0 0 600 600 300 200 120 85 54 35 ]
1179,Queue Length: 7,Counters: [239 6 6 6 6 5 0 0 0 0 ],Thresholds: [0 0 600 600 300 200 120 85 54 35 ]
1180,Queue Length: 7,Counters: [240 7 7 7 7 6 0 0 0 0 ],Thresholds: [0 0 600 600 300 200 120 85 54 35 ]
1181,Queue Length: 7,Counters: [241 8 8 8 8 7 0 0 0 0 ],Thresholds: [0 0 600 600 300 200 120 85 54 35 ]
1182,Queue Length: 7,Counters: [242 9 9 9 9 8 0 0 0 0 ],Thresholds: [0 0 600 600 300 200 120 85 54 35 ]
1183,Queue Length: 7,Counters: [243 10 10 10 10 9 0 0 0 0 ],Thresholds: [0 0 600 600 300 200 120 85 54 35 ]
1184,Queue Length: 7,Counters: [244 11 11 11 11 10 0 0 0 0 ],Thresholds: [0 0 600 600 300 200 120 85 54 35 ]
1185,Queue Length: 7,Counters: [245 12 12 12 12 11 0 0 0 0 ],Thresholds: [0 0 600 600 300 200 120 85 54 35 ]
1186,Queue Length: 7,Counters: [246 13 13 13 13 12 0 0 0 0 ],Thresholds: [0 0 600 600 300 200 120 85 54 35 ]
1187,Queue Length: 7,Counters: [247 14 14 14 14 13 0 0 0 0 ],Thresholds: [0 0 600 600 300 200 120 85 54 35 ]
1188,Queue Length: 7,Counters: [248 15 15 15 15 14 0 0 0 0 ],Thresholds: [0 0 600 600 300 200 120 85 54 35 ]
1189,Queue Length: 7,Counters: [249 16 16 16 16 15 0 0 0 0 ],Thresholds: [0 0 600 600 300 200 120 85 54 35 ]
1190,Queue Length: 7,Counters: [250 17 17 17 17 16 0 0 0 0 ],Thresholds: [0 0 600 600 300 200 120 85 54 35 ]
1191,Queue Length: 7,Counters: [251 18 18 18 18 17 0 0 0 0 ],Thresholds: [0 0 600 600 300 200 120 85 54 35 ]
1192,Queue Length: 7,Counters: [252 19 19 19 19 18 0 0 0 0 ],Thresholds: [0 0 600 600 300 200 120 85 54 35 ]
1193,Queue Length: 7,Counters: [253 20 20 20 20 19 0 0 0 0 ],Thresholds: [0 0 600 600 300 200 120 85 54 35 ]
1194,Queue Length: 7,Counters: [254 21 21 21 21 20 0 0 0 0 ],Thresholds: [0 0 600 600 300 200 120 85 54 35 ]
1195,Queue Length: 7,Counters: [255 22 22 22 22 21 0 0 0 0 ],Thresholds: [0 0 600 600 300 200 120 85 54 35 ]
1196,Queue Length: 7,Counters: [256 23 23 23 23 22 0 0 0 0 ],Thresholds: [0 0 600 600 300 200 120 85 54 35 ]
1197,Queue Length: 7,Counters: [257 24 24 24 24 23 0 0 0 0 ],Thresholds: [0 0 600 600 300 200 120 85 54 35 ]
1198,Queue Length: 7,Counters: [258 25 25 25 25 24 0 0 0 0 ],Thresholds: [0 0 600 600 300 200 120 85 54 35 ]
1199,Queue Length: 7,Counters: [259 26 26 26 26 25 0 0 0 0 ],Thresholds: [0 0 600 600 300 200 120 85 54 35 ]
1200,Queue Length: 7,Counters: [260 27 27 27 27 26 0 0 0 0 ],Thresholds: [0 0 600 600 300 200 120 85 54 35 ]
1201,Queue Length: 7,Counters: [261 28 28 28 28 27 0 0 0 0 ],Thresholds: [0 0 600 600 300 200 120 85 54 35 ]
1202,Queue Length: 7,Counters: [262 29 29 29 29 28 0 0 0 0 ],Thresholds: [0 0 600 600 300 200 120 85 54 35 ]
1203,Queue Length: 7,Counters: [263 30 30 30 30 29 0 0 0 0 ],Thresholds: [0 0 600 600 300 200 120 85 54 35 ]
1204,Queue Length: 7,Counters: [264 31 31 31 31 30 0 0 0 0 ],Thresholds: [0 0 600 600 300 200 120 85 54 35 ]
1205,Queue Length: 7,Counters: [265 32 32 32 32 31 0 0 0 0 ],Thresholds: [0 0 600 600 300 200 120 85 54 35 ]
1206,Queue Length: 7,Counters: [266 33 33 33 33 32 0 0 0 0 ],Thresholds: [0 0 600 600 300 200 120 85 54 35 ]
1207,Queue Length: 7,Counters: [267 34 34 34 34 33 0 0 0 0 ],Thresholds: [0 0 600 600 300 200 120 85 54 35 ]
1208,Queue Length: 7,Counters: [268 35 35 35 35 34 0 0 0 0 ],Thresholds: [0 0 600 600 300 200 120 85 54 35 ]
1209,Queue Length: 7,Counters: [269 36 36 36 36 35 0 0 0 0 ],Thresholds: [0 0 600 600 300 200 120 85 54 35 ]
1210,Queue Length: 7,Counters: [270 37 37 37 37 36 0 0 0 0 ],Thresholds: [0 0 600 600 300 200 120 85 54 35 ]
1211,Queue Length: 7,Counters: [271 38 38 38 38 37 0 0 0 0 ],Thresholds: [0 0 600 600 300 200 120 85 54 35 ]
1212,Queue Length: 7,Counters: [272 39 39 39 39 38 0 0 0 0 ],Thresholds: [0 0 600 600 300 200 120 85 54 35 ]
1213,Queue Length: 7,Counters: [273 40 40 40 40 39 0 0 0 0 ],Thresholds: [0 0 600 600 300 200 120 85 54 35 ]
1214,Queue Length: 7,Counters: [274 41 41 41 41 40 0 0 0 0 ],Thresholds: [0 0 600 600 300 200 120 85 54 35 ]
1215,Queue Length: 7,Counters: [275 42 42 42 42 41 0 0 0 0 ],Thresholds: [0 0 600 600 300 200 120 85 54 35 ]
1216,Queue Length: 7,Counters: [276 43 43 43 43 42 0 0 0 0 ],Thresholds: [0 0 600 600 300 200 120 85 54 35 ]
1217,Queue Length: 7,Counters: [277 44 44 44 44 43 0 0 0 0 ],Thresholds: [0 0 600 600 300 200 120 85 54 35 ]
1218,Queue Length: 7,Counters: [278 45 45 45 45 44 0 0 0 0 ],Thresholds: [0 0 600 600 300 200 120 85 54 35 ]
1219,Queue Length: 7,Counters: [279 46 46 46 46 45 0 0 0 0 ],Thresholds: [0 0 600 600 300 200 120 85 54 35 ]
1220,Queue Length: 7,Counters: [280 47 47 47 47 46 0 0 0 0 ],Thresholds: [0 0 600 600 300 200 120 85 54 35 ]
1221,Queue Length: 7,Counters: [281 48 48 48 48 47 0 0 0 0 ],Thresholds: [0 0 600 600 300 200 120 85 54 35 ]
1222,Queue Length: 7,Counters: [282 49 49 49 49 48 0 0 0 0 ],Thresholds: [0 0 600 600 300 200 120 85 54 35 ]
1223,Queue Length: 7,Counters: [283 50 50 50 50 49 0 0 0 0 ],Thresholds: [0 0 600 600 300 200 120 85 54 35 ]
1224,Queue Length: 7,Counters: [284 51 51 51 51 50 0 0 0 0 ],Thresholds: [0 0 600 600 300 200 120 85 54 35 ]
1225,Queue Length: 7,Counters: [285 52 52 52 52 51 0 0 0 0 ],Thresholds: [0 0 600 600 300 200 120 85 54 35 ]
1226,Queue Length: 7,Counters: [286 53 53 53 53 52 0 0 0 0 ],Thresholds: [0 0 600 600 300 200 120 85 54 35 ]
1227,Queue Length: 7,Counters: [287 54 54 54 54 53 0 0 0 0 ],Thresholds: [0 0 600 600 300 200 120 85 54 35 ]
1228,Queue Length: 7,Counters: [288 55 55 55 55 54 0 0 0 0 ],Thresholds: [0 0 600 600 300 200 120 85 54 35 ]
1229,Queue Length: 7,Counters: [289 56 56 56 56 55 0 0 0 0 ],Thresholds: [0 0 600 600 300 200 120 85 54 35 ]
1230,Queue Length: 7,Counters: [290 57 57 57 57 56 0 0 0 0 ],Thresholds: [0 0 600 600 300 200 120 85 54 35 ]
1231,Queue Length: 7,Counters: [291 58 58 58 58 57 0 0 0 0 ],Thresholds: [0 0 600 600 300 200 120 85 54 35 ]
1232,Queue Length: 7,Counters: [292 59 59 59 59 58 0 0 0 0 ],Thresholds: [0 0 600 600 300 200 120 85 54 35 ]
1233,Queue Length: 7,Counters: [293 60 60 60 60 59 0 0 0 0 ],Thresholds: [0 0 600 600 300 200 120 85 54 35 ]
1234,Queue Length: 7,Counters: [294 61 61 61 61 60 0 0 0 0 ],Thresholds: [0 0 600 600 300 200 120 85 54 35 ]
1235,Queue Length: 7,Counters: [295 62 62 62 62 61 0 0 0 0 ],Thresholds: [0 0 600 600 300 200 120 85 54 35 ]
1236,Queue Length: 7,Counters: [296 63 63 63 63 62 0 0 0 0 ],Thresholds: [0 0 600 600 300 200 120 85 54 35 ]
1237,Queue Length: 7,Counters: [297 64 64 64 64 63 0 0 0 0 ],Thresholds: [0 0 600 600 300 200 120 85 54 35 ]
1238,Queue Length: 7,Counters: [298 65 65 65 65 64 0 0 0 0 ],Thresholds: [0 0 600 600 300 200 120 85 54 35 ]
1239,Queue Length: 7,Counters: [299 66 66 66 66 65 0 0 0 0 ],Thresholds: [0 0 600 600 300 200 120 85 54 35 ]
1240,Queue Length: 7,Counters: [300 67 67 67 67 66 0 0 0 0 ],Thresholds: [0 0 600 600 300 200 120 85 54 35 ]
1241,Queue Length: 7,Counters: [301 68 68 68 68 67 0 0 0 0 ],Thresholds: [0 0 600 600 300 200 120 85 54 35 ]
1242,Queue Length: 7,Counters: [302 69 69 69 69 68 0 0 0 0 ],Thresholds: [0 0 600 600 300 200 120 85 54 35 ]
1243,Queue Length: 7,Counters: [303 70 70 70 70 69 0 0 0 0 ],Thresholds: [0 0 600 600 300 200 120 85 54 35 ]
1244,Queue Length: 7,Counters: [304 71 71 71 71 70 0 0 0 0 ],Thresholds: [0 0 600 600 300 200 120 85 54 35 ]
1245,Queue Length: 7,Counters: [305 72 72 72 72 71 0 0 0 0 ],Thresholds: [0 0 600 600 300 200 120 85 54 35 ]
1246,Queue Length: 7,Counters: [306 73 73 73 73 72 0 0 0 0 ],Thresholds: [0 0 600 600 300 200 120 85 54 35 ]
1247,Queue Length: 7,Counters: [307 74 74 74 74 73 0 0 0 0 ],Thresholds: [0 0 600 600 300 200 120 85 54 35 ]
1248,Queue Length: 7,Counters: [308 75 75 75 75 74 0 0 0 0 ],Thresholds: [0 0 600 600 300 200 120 85 54 35 ]
1249,Queue Length: 7,Counters: [309 76 76 76 76 75 0 0 0 0 ],Thresholds: [0 0 600 600 300 200 120 85 54 35 ]
1250,Queue Length: 7,Counters: [310 77 77 77 77 76 0 0 0 0 ],Thresholds: [0 0 600 600 300 200 120 85 54 35 ]
1251,Queue Length: 7,Counters: [311 78 78 78 78 77 0 0 0 0 ],Thresholds: [0 0 600 600 300 200 120 85 54 35 ]
1252,Queue Length: 7,Counters: [312 79 79 79 79 78 0 0 0 0 ],Thresholds: [0 0 600 600 300 200 120 85 54 35 ]
1253,Queue Length: 7,Counters: [313 80 80 80 80 79 0 0 0 0 ],Thresholds: [0 0 600 600 300 200 120 85 54 35 ]
1254,Queue Length: 7,Counters: [314 81 81 81 81 80 0 0 0 0 ],Thresholds: [0 0 600 600 300 200 120 85 54 35 ]
1255,Queue Length: 7,Counters: [315 82 82 82 82 81 0 0 0 0 ],Thresholds: [0 0 600 600 300 200 120 85 54 35 ]
1256,Queue Length: 7,Counters: [316 83 83 83 83 82 0 0 0 0 ],Thresholds: [0 0 600 600 300 200 120 85 54 35 ]
1257,Queue Length: 7,Counters: [317 84 84 84 84 83 0 0 0 0 ],Thresholds: [0 0 600 600 300 200 120 85 54 35 ]
1258,Queue Length: 7,Counters: [318 85 85 85 85 84 0 0 0 0 ],Thresholds: [0 0 600 600 300 200 120 85 54 35 ]
1259,Queue Length: 7,Counters: [319 86 86 86 86 85 0 0 0 0 ],Thresholds: [0 0 600 600 300 200 120 85 54 35 ]
1260,Queue Length: 7,Counters: [320 87 87 87 87 86 0 0 0 0 ],Thresholds: [0 0 600 600 300 200 120 85 54 35 ]
1261,Queue Length: 7,Counters: [321 88 88 88 88 87 0 0 0 0 ],Thresholds: [0 0 600 600 300 200 120 85 54 35 ]
1262,Queue Length: 7,Counters: [322 89 89 89 89 88 0 0 0 0 ],Thresholds: [0 0 600 600 300 200 120 85 54 35 ]
1263,Queue Length: 7,Counters: [323 90 90 90 90 89 0 0 0 0 ],Thresholds: [0 0 600 600 300 200 120 85 54 35 ]
1264,Queue Length: 7,Counters: [324 91 91 91 91 90 0 0 0 0 ],Thresholds: [0 0 600 600 300 200 120 85 54 35 ]
1265,Queue Length: 7,Counters: [325 92 92 92 92 91 0 0 0 0 ],Thresholds: [0 0 600 600 300 200 120 85 54 35 ]
1266,Queue Length: 7,Counters: [326 93 93 93 93 92 0 0 0 0 ],Thresholds: [0 0 600 600 300 200 120 85 54 35 ]
1267,Queue Length: 7,Counters: [327 94 94 94 94 93 0 0 0 0 ],Thresholds: [0 0 600 600 300 200 120 85 54 35 ]
1268,Queue Length: 7,Counters: [328 95 95 95 95 94 0 0 0 0 ],Thresholds: [0 0 600 600 300 200 120 85 54 35 ]
1269,Queue Length: 7,Counters: [329 96 96 96 96 95 0 0 0 0 ],Thresholds: [0 0 600 600 300 200 120 85 54 35 ]
1270,Queue Length: 7,Counters: [330 97 97 97 97 96 0 0 0 0 ],Thresholds: [0 0 600 600 300 200 120 85 54 35 ]
1271,Queue Length: 7,Counters: [331 98 98 98 98 97 0 0 0 0 ],Thresholds: [0 0 600 600 300 200 120 85 54 35 ]
1272,Queue Length: 7,Counters: [332 99 99 99 99 98 0 0 0 0 ],Thresholds: [0 0 600 600 300 200 120 85 54 35 ]
1273,Queue Length: 7,Counters: [333 100 100 100 100 99 0 0 0 0 ],Thresholds: [0 0 600 600 300 200 120 85 54 35 ]
1274,Queue Length: 7,Counters: [334 101 101 101 101 100 0 0 0 0 ],Thresholds: [0 0 600 600 300 200 120 85 54 35 ]
1275,Queue Length: 7,Counters: [335 102 102 102 102 101 0 0 0 0 ],Thresholds: [0 0 600 600 300 200 120 85 54 35 ]
1276,Queue Length: 7,Counters: [336 103 103 103 103 102 0 0 0 0 ],Thresholds: [0 0 600 600 300 200 120 85 54 35 ]
1277,Queue Length: 7,Counters: [337 104 104 104 104 103 0 0 0 0 ],Thresholds: [0 0 600 600 300 200 120 85 54 35 ]
1278,Queue Length: 7,Counters: [338 105 105 105 105 104 0 0 0 0 ],Thresholds: [0 0 600 600 300 200 120 85 54 35 ]
1279,Queue Length: 7,Counters: [339 106 106 106 106 105 0 0 0 0 ],Thresholds: [0 0 600 600 300 200 120 85 54 35 ]
1280,Queue Length: 7,Counters: [340 107 107 107 107 106 0 0 0 0 ],Thresholds: [0 0 600 600 300 200 120 85 54 35 ]
1281,Queue Length: 7,Counters: [341 108 108 108 108 107 0 0 0 0 ],Thresholds: [0 0 600 600 300 200 120 85 54 35 ]
1282,Queue Length: 7,Counters: [342 109 109 109 109 108 0 0 0 0 ],Thresholds: [0 0 600 600 300 200 120 85 54 35 ]
1283,Queue Length: 7,Counters: [343 110 110 110 110 109 0 0 0 0 ],Thresholds: [0 0 600 600 300 200 120 85 54 35 ]
1284,Queue Length: 7,Counters: [344 111 111 111 111 110 0 0 0 0 ],Thresholds: [0 0 600 600 300 200 120 85 54 35 ]
1285,Queue Length: 7,Counters: [345 112 112 112 112 111 0 0 0 0 ],Thresholds: [0 0 600 600 300 200 120 85 54 35 ]
1286,Queue Length: 7,Counters: [346 113 113 113 113 112 0 0 0 0 ],Thresholds: [0 0 600 600 300 200 120 85 54 35 ]
1287,Queue Length: 7,Counters: [347 114 114 114 114 113 0 0 0 0 ],Thresholds: [0 0 600 600 300 200 120 85 54 35 ]
1288,Queue Length: 7,Counters: [348 115 115 115 115 114 0 0 0 0 ],Thresholds: [0 0 600 600 300 200 120 85 54 35 ]
1289,Queue Length: 7,Counters: [349 116 116 116 116 115 0 0 0 0 ],Thresholds: [0 0 600 600 300 200 120 85 54 35 ]
1290,Queue Length: 7,Counters: [350 117 117 117 117 116 0 0 0 0 ],Thresholds: [0 0 600 600 300 200 120 85 54 35 ]
1291,Queue Length: 7,Counters: [351 118 118 118 118 117 0 0 0 0 ],Thresholds: [0 0 600 600 300 200 120 85 54 35 ]
1292,Queue Length: 7,Counters: [352 119 119 119 119 118 0 0 0 0 ],Thresholds: [0 0 600 600 300 200 120 85 54 35 ]
1293,Queue Length: 7,Counters: [353 120 120 120 120 119 0 0 0 0 ],Thresholds: [0 0 600 600 300 200 120 85 54 35 ]
1294,Queue Length: 7,Counters: [354 121 121 121 121 120 0 0 0 0 ],Thresholds: [0 0 600 600 300 200 120 85 54 35 ]
1295,Queue Length: 7,Counters: [355 122 122 122 122 121 0 0 0 0 ],Thresholds: [0 0 600 600 300 200 120 85 54 35 ]
1296,Queue Length: 7,Counters: [356 123 123 123 123 122 0 0 0 0 ],Thresholds: [0 0 600 600 300 200 120 85 54 35 ]
1297,Queue Length: 7,Counters: [357 124 124 124 124 123 0 0 0 0 ],Thresholds: [0 0 600 600 300 200 120 85 54 35 ]
1298,Queue Length: 7,Counters: [358 125 125 125 125 124 0 0 0 0 ],Thresholds: [0 0 600 600 300 200 120 85 54 35 ]
1299,Queue Length: 7,Counters: [359 126 126 126 126 125 0 0 0 0 ],Thresholds: [0 0 600 600 300 200 120 85 54 35 ]
1300,Queue Length: 7,Counters: [360 127 127 127 127 126 0 0 0 0 ],Thresholds: [0 0 600 600 300 200 120 85 54 35 ]
1301,Queue Length: 7,Counters: [361 128 128 128 128 127 0 0 0 0 ],Thresholds: [0 0 600 600 300 200 120 85 54 35 ]
1302,Queue Length: 7,Counters: [362 129 129 129 129 128 0 0 0 0 ],Thresholds: [0 0 600 600 300 200 120 85 54 35 ]
1303,Queue Length: 7,Counters: [363 130 130 130 130 129 0 0 0 0 ],Thresholds: [0 0 600 600 300 200 120 85 54 35 ]
1304,Queue Length: 7,Counters: [364 131 131 131 131 130 0 0 0 0 ],Thresholds: [0 0 600 600 300 200 120 85 54 35 ]
1305,Queue Length: 7,Counters: [365 132 132 132 132 131 0 0 0 0 ],Thresholds: [0 0 600 600 300 200 120 85 54 35 ]
1306,Queue Length: 7,Counters: [366 133 133 133 133 132 0 0 0 0 ],Thresholds: [0 0 600 600 300 200 120 85 54 35 ]
1307,Queue Length: 7,Counters: [367 134 134 134 134 133 0 0 0 0 ],Thresholds: [0 0 600 600 300 200 120 85 54 35 ]
1308,Queue Length: 7,Counters: [368 135 135 135 135 134 0 0 0 0 ],Thresholds: [0 0 600 600 300 200 120 85 54 35 ]
1309,Queue Length: 7,Counters: [369 136 136 136 136 135 0 0 0 0 ],Thresholds: [0 0 600 600 300 200 120 85 54 35 ]
1310,Queue Length: 7,Counters: [370 137 137 137 137 136 0 0 0 0 ],Thresholds: [0 0 600 600 300 200 120 85 54 35 ]
1311,Queue Length: 7,Counters: [371 138 138 138 138 137 0 0 0 0 ],Thresholds: [0 0 600 600 300 200 120 85 54 35 ]
1312,Queue Length: 7,Counters: [372 139 139 139 139 138 0 0 0 0 ],Thresholds: [0 0 600 600 300 200 120 85 54 35 ]
1313,Queue Length: 7,Counters: [373 140 140 140 140 139 0 0 0 0 ],Thresholds: [0 0 600 600 300 200 120 85 54 35 ]
1314,Queue Length: 7,Counters: [374 141 141 141 141 140 0 0 0 0 ],Thresholds: [0 0 600 600 300 200 120 85 54 35 ]
1315,Queue Length: 7,Counters: [375 142 142 142 142 141 0 0 0 0 ],Thresholds: [0 0 600 600 300 200 120 85 54 35 ]
1316,Queue Length: 7,Counters: [376 143 143 143 143 142 0 0 0 0 ],Thresholds: [0 0 600 600 300 200 120 85 54 35 ]
1317,Queue Length: 7,Counters: [377 144 144 144 144 143 0 0 0 0 ],Thresholds: [0 0 600 600 300 200 120 85 54 35 ]
1318,Queue Length: 7,Counters: [378 145 145 145 145 144 0 0 0 0 ],Thresholds: [0 0 600 600 300 200 120 85 54 35 ]
1319,Queue Length: 7,Counters: [379 146 146 146 146 145 0 0 0 0 ],Thresholds: [0 0 600 600 300 200 120 85 54 35 ]
1320,Queue Length: 7,Counters: [380 147 147 147 147 146 0 0 0 0 ],Thresholds: [0 0 600 600 300 200 120 85 54 35 ]
1321,Queue Length: 7,Counters: [381 148 148 148 148 147 0 0 0 0 ],Thresholds: [0 0 600 600 300 200 120 85 54 35 ]
1322,Queue Length: 7,Counters: [382 149 149 149 149 148 0 0 0 0 ],Thresholds: [0 0 600 600 300 200 120 85 54 35 ]
1323,Queue Length: 7,Counters: [383 150 150 150 150 149 0 0 0 0 ],Thresholds: [0 0 600 600 300 200 120 85 54 35 ]
1324,Queue Length: 7,Counters: [384 151 151 151 151 150 0 0 0 0 ],Thresholds: [0 0 600 600 300 200 120 85 54 35 ]
1325,Queue Length: 7,Counters: [385 152 152 152 152 151 0 0 0 0 ],Thresholds: [0 0 600 600 300 200 120 85 54 35 ]
1326,Queue Length: 7,Counters: [386 153 153 153 153 152 0 0 0 0 ],Thresholds: [0 0 600 600 300 200 120 85 54 35 ]
1327,Queue Length: 7,Counters: [387 154 154 154 154 153 0 0 0 0 ],Thresholds: [0 0 600 600 300 200 120 85 54 35 ]
1328,Queue Length: 7,Counters: [388 155 155 155 155 154 0 0 0 0 ],Thresholds: [0 0 600 600 300 200 120 85 54 35 ]
1329,Queue Length: 7,Counters: [389 156 156 156 156 155 0 0 0 0 ],Thresholds: [0 0 600 600 300 200 120 85 54 35 ]
1330,Queue Length: 7,Counters: [390 157 157 157 157 156 0 0 0 0 ],Thresholds: [0 0 600 600 300 200 120 85 54 35 ]
1331,Queue Length: 7,Counters: [391 158 158 158 158 157 0 0 0 0 ],Thresholds: [0 0 600 600 300 200 120 85 54 35 ]
1332,Queue Length: 7,Counters: [392 159 159 159 159 158 0 0 0 0 ],Thresholds: [0 0 600 600 300 200 120 85 54 35 ]
1333,Queue Length: 7,Counters: [393 160 160 160 160 159 0 0 0 0 ],Thresholds: [0 0 600 600 300 200 120 85 54 35 ]
1334,Queue Length: 7,Counters: [394 161 161 161 161 160 0 0 0 0 ],Thresholds: [0 0 600 600 300 200 120 85 54 35 ]
1335,Queue Length: 7,Counters: [395 162 162 162 162 161 0 0 0 0 ],Thresholds: [0 0 600 600 300 200 120 85 54 35 ]
1336,Queue Length: 7,Counters: [396 163 163 163 163 162 0 0 0 0 ],Thresholds: [0 0 600 600 300 200 120 85 54 35 ]
1337,Queue Length: 7,Counters: [397 164 164 164 164 163 0 0 0 0 ],Thresholds: [0 0 600 600 300 200 120 85 54 35 ]
1338,Queue Length: 7,Counters: [398 165 165 165 165 164 0 0 0 0 ],Thresholds: [0 0 600 600 300 200 120 85 54 35 ]
1339,Queue Length: 7,Counters: [399 166 166 166 166 165 0 0 0 0 ],Thresholds: [0 0 600 600 300 200 120 85 54 35 ]
1340,Queue Length: 7,Counters: [400 167 167 167 167 166 0 0 0 0 ],Thresholds: [0 0 600 600 300 200 120 85 54 35 ]
1341,Queue Length: 7,Counters: [401 168 168 168 168 167 0 0 0 0 ],Thresholds: [0 0 600 600 300 200 120 85 54 35 ]
1342,Queue Length: 7,Counters: [402 169 169 169 169 168 0 0 0 0 ],Thresholds: [0 0 600 600 300 200 120 85 54 35 ]
1343,Queue Length: 7,Counters: [403 170 170 170 170 169 0 0 0 0 ],Thresholds: [0 0 600 600 300 200 120 85 54 35 ]
1344,Queue Length: 7,Counters: [404 171 171 171 171 170 0 0 0 0 ],Thresholds: [0 0 600 600 300 200 120 85 54 35 ]
1345,Queue Length: 7,Counters: [405 172 172 172 172 171 0 0 0 0 ],Thresholds: [0 0 600 600 300 200 120 85 54 35 ]
1346,Queue Length: 7,Counters: [406 173 173 173 173 172 0 0 0 0 ],Thresholds: [0 0 600 600 300 200 120 85 54 35 ]
1347,Queue Length: 7,Counters: [407 174 174 174 174 173 0 0 0 0 ],Thresholds: [0 0 600 600 300 200 120 85 54 35 ]
1348,Queue Length: 7,Counters: [408 175 175 175 175 174 0 0 0 0 ],Thresholds: [0 0 600 600 300 200 120 85 54 35 ]
1349,Queue Length: 7,Counters: [409 176 176 176 176 175 0 0 0 0 ],Thresholds: [0 0 600 600 300 200 120 85 54 35 ]
1350,Queue Length: 7,Counters: [410 177 177 177 177 176 0 0 0 0 ],Thresholds: [0 0 600 600 300 200 120 85 54 35 ]
1351,Queue Length: 7,Counters: [411 178 178 178 178 177 0 0 0 0 ],Thresholds: [0 0 600 600 300 200 120 85 54 35 ]
1352,Queue Length: 7,Counters: [412 179 179 179 179 178 0 0 0 0 ],Thresholds: [0 0 600 600 300 200 120 85 54 35 ]
1353,Queue Length: 7,Counters: [413 180 180 180 180 179 0 0 0 0 ],Thresholds: [0 0 600 600 300 200 120 85 54 35 ]
1354,Queue Length: 7,Counters: [414 181 181 181 181 180 0 0 0 0 ],Thresholds: [0 0 600 600 300 200 120 85 54 35 ]
1355,Queue Length: 7,Counters: [415 182 182 182 182 181 0 0 0 0 ],Thresholds: [0 0 600 600 300 200 120 85 54 35 ]
1356,Queue Length: 7,Counters: [416 183 183 183 183 182 0 0 0 0 ],Thresholds: [0 0 600 600 300 200 120 85 54 35 ]
1357,Queue Length: 7,Counters: [417 184 184 184 184 183 0 0 0 0 ],Thresholds: [0 0 600 600 300 200 120 85 54 35 ]
1358,Queue Length: 7,Counters: [418 185 185 185 185 184 0 0 0 0 ],Thresholds: [0 0 600 600 300 200 120 85 54 35 ]
1359,Queue Length: 7,Counters: [419 186 186 186 186 185 0 0 0 0 ],Thresholds: [0 0 600 600 300 200 120 85 54 35 ]
1360,Queue Length: 7,Counters: [420 187 187 187 187 186 0 0 0 0 ],Thresholds: [0 0 600 600 300 200 120 85 54 35 ]
1361,Queue Length: 7,Counters: [421 188 188 188 188 187 0 0 0 0 ],Thresholds: [0 0 600 600 300 200 120 85 54 35 ]
1362,Queue Length: 7,Counters: [422 189 189 189 189 188 0 0 0 0 ],Thresholds: [0 0 600 600 300 200 120 85 54 35 ]
1363,Queue Length: 7,Counters: [423 190 190 190 190 189 0 0 0 0 ],Thresholds: [0 0 600 600 300 200 120 85 54 35 ]
1364,Queue Length: 7,Counters: [424 191 191 191 191 190 0 0 0 0 ],Thresholds: [0 0 600 600 300 200 120 85 54 35 ]
1365,Queue Length: 7,Counters: [425 192 192 192 192 191 0 0 0 0 ],Thresholds: [0 0 600 600 300 200 120 85 54 35 ]
1366,Queue Length: 7,Counters: [426 193 193 193 193 192 0 0 0 0 ],Thresholds: [0 0 600 600 300 200 120 85 54 35 ]
1367,Queue Length: 7,Counters: [427 194 194 194 194 193 0 0 0 0 ],Thresholds: [0 0 600 600 300 200 120 85 54 35 ]
1368,Queue Length: 7,Counters: [428 195 195 195 195 194 0 0 0 0 ],Thresholds: [0 0 600 600 300 200 120 85 54 35 ]
1369,Queue Length: 7,Counters: [429 196 196 196 196 195 0 0 0 0 ],Thresholds: [0 0 600 600 300 200 120 85 54 35 ]
1370,Queue Length: 7,Counters: [430 197 197 197 197 196 0 0 0 0 ],Thresholds: [0 0 600 600 300 200 120 85 54 35 ]
1371,Queue Length: 7,Counters: [431 198 198 198 198 197 0 0 0 0 ],Thresholds: [0 0 600 600 300 200 120 85 54 35 ]
1372,Queue Length: 7,Counters: [432 199 199 199 199 198 0 0 0 0 ],Thresholds: [0 0 600 600 300 200 120 85 54 35 ]
1373,Queue Length: 7,Counters: [433 200 200 200 200 199 0 0 0 0 ],Thresholds: [0 0 600 600 300 200 120 85 54 35 ]
1374,Queue Length: 7,Counters: [434 201 201 201 201 200 0 0 0 0 ],Thresholds: [0 0 600 600 300 200 120 85 54 35 ]
1375,Queue Length: 7,Counters: [0 0 0 0 0 0 0 0 0 0 ],Thresholds: [0 0 600 600 300 200 120 85 54 35 ]
1376,Queue Length: 6,Counters: [1 1 1 1 1 0 0 0 0 0 ],Thresholds: [0 0 600 600 300 200 120 85 54 35 ]
1377,Queue Length: 6,Counters: [2 2 2 2 2 0 0 0 0 0 ],Thresholds: [0 0 600 600 300 200 120 85 54 35 ]
1378,Queue Length: 6,Counters: [3 3 3 3 3 0 0 0 0 0 ],Thresholds: [0 0 600 600 300 200 120 85 54 35 ]
1379,Queue Length: 6,Counters: [4 4 4 4 4 0 0 0 0 0 ],Thresholds: [0 0 600 600 300 200 120 85 54 35 ]
1380,Queue Length: 6,Counters: [5 5 5 5 5 0 0 0 0 0 ],Thresholds: [0 0 600 600 300 200 120 85 54 35 ]
1381,Queue Length: 6,Counters: [6 6 6 6 6 0 0 0 0 0 ],Thresholds: [0 0 600 600 300 200 120 85 54 35 ]
1382,Queue Length: 6,Counters: [7 7 7 7 7 0 0 0 0 0 ],Thresholds: [0 0 600 600 300 200 120 85 54 35 ]
1383,Queue Length: 6,Counters: [8 8 8 8 8 0 0 0 0 0 ],Thresholds: [0 0 600 600 300 200 120 85 54 35 ]
1384,Queue Length: 6,Counters: [9 9 9 9 9 0 0 0 0 0 ],Thresholds: [0 0 600 600 300 200 120 85 54 35 ]
1385,Queue Length: 6,Counters: [10 10 10 10 10 0 0 0 0 0 ],Thresholds: [0 0 600 600 300 200 120 85 54 35 ]
1386,Queue Length: 6,Counters: [11 11 11 11 11 0 0 0 0 0 ],Thresholds: [0 0 600 600 300 200 120 85 54 35 ]
1387,Queue Length: 6,Counters: [12 12 12 12 12 0 0 0 0 0 ],Thresholds: [0 0 600 600 300 200 120 85 54 35 ]
1388,Queue Length: 6,Counters: [13 13 13 13 13 0 0 0 0 0 ],Thresholds: [0 0 600 600 300 200 120 85 54 35 ]
1389,Queue Length: 6,Counters: [14 14 14 14 14 0 0 0 0 0 ],Thresholds: [0 0 600 600 300 200 120 85 54 35 ]
1390,Queue Length: 6,Counters: [15 15 15 15 15 0 0 0 0 0 ],Thresholds: [0 0 600 600 300 200 120 85 54 35 ]
1391,Queue Length: 6,Counters: [16 16 16 16 16 0 0 0 0 0 ],Thresholds: [0 0 600 600 300 200 120 85 54 35 ]
1392,Queue Length: 6,Counters: [17 17 17 17 17 0 0 0 0 0 ],Thresholds: [0 0 600 600 300 200 120 85 54 35 ]
1393,Queue Length: 6,Counters: [18 18 18 18 18 0 0 0 0 0 ],Thresholds: [0 0 600 600 300 200 120 85 54 35 ]
1394,Queue Length: 6,Counters: [19 19 19 19 19 0 0 0 0 0 ],Thresholds: [0 0 600 600 300 200 120 85 54 35 ]
1395,Queue Length: 6,Counters: [20 20 20 20 20 0 0 0 0 0 ],Thresholds: [0 0 600 600 300 200 120 85 54 35 ]
1396,Queue Length: 6,Counters: [21 21 21 21 21 0 0 0 0 0 ],Thresholds: [0 0 600 600 300 200 120 85 54 35 ]
1397,Queue Length: 6,Counters: [22 22 22 22 22 0 0 0 0 0 ],Thresholds: [0 0 600 600 300 200 120 85 54 35 ]
1398,Queue Length: 6,Counters: [23 23 23 23 23 0 0 0 0 0 ],Thresholds: [0 0 600 600 300 200 120 85 54 35 ]
1399,Queue Length: 6,Counters: [24 24 24 24 24 0 0 0 0 0 ],Thresholds: [0 0 600 600 300 200 120 85 54 35 ]
1400,Queue Length: 6,Counters: [25 25 25 25 25 0 0 0 0 0 ],Thresholds: [0 0 600 600 300 200 120 85 54 35 ]
1401,Queue Length: 6,Counters: [26 26 26 26 26 0 0 0 0 0 ],Thresholds: [0 0 600 600 300 200 120 85 54 35 ]
1402,Queue Length: 6,Counters: [27 27 27 27 27 0 0 0 0 0 ],Thresholds: [0 0 600 600 300 200 120 85 54 35 ]
1403,Queue Length: 6,Counters: [28 28 28 28 28 0 0 0 0 0 ],Thresholds: [0 0 600 600 300 200 120 85 54 35 ]
1404,Queue Length: 6,Counters: [29 29 29 29 29 0 0 0 0 0 ],Thresholds: [0 0 600 600 300 200 120 85 54 35 ]
1405,Queue Length: 6,Counters: [30 30 30 30 30 0 0 0 0 0 ],Thresholds: [0 0 600 600 300 200 120 85 54 35 ]
1406,Queue Length: 6,Counters: [31 31 31 31 31 0 0 0 0 0 ],Thresholds: [0 0 600 600 300 200 120 85 54 35 ]
1407,Queue Length: 6,Counters: [32 32 32 32 32 0 0 0 0 0 ],Thresholds: [0 0 600 600 300 200 120 85 54 35 ]
1408,Queue Length: 6,Counters: [33 33 33 33 33 0 0 0 0 0 ],Thresholds: [0 0 600 600 300 200 120 85 54 35 ]
1409,Queue Length: 6,Counters: [34 34 34 34 34 0 0 0 0 0 ],Thresholds: [0 0 600 600 300 200 120 85 54 35 ]
1410,Queue Length: 6,Counters: [35 35 35 35 35 0 0 0 0 0 ],Thresholds: [0 0 600 600 300 200 120 85 54 35 ]
1411,Queue Length: 6,Counters: [36 36 36 36 36 0 0 0 0 0 ],Thresholds: [0 0 600 600 300 200 120 85 54 35 ]
1412,Queue Length: 6,Counters: [37 37 37 37 37 0 0 0 0 0 ],Thresholds: [0 0 600 600 300 200 120 85 54 35 ]
1413,Queue Length: 6,Counters: [38 38 38 38 38 0 0 0 0 0 ],Thresholds: [0 0 600 600 300 200 120 85 54 35 ]
1414,Queue Length: 6,Counters: [39 39 39 39 39 0 0 0 0 0 ],Thresholds: [0 0 600 600 300 200 120 85 54 35 ]
1415,Queue Length: 6,Counters: [40 40 40 40 40 0 0 0 0 0 ],Thresholds: [0 0 600 600 300 200 120 85 54 35 ]
1416,Queue Length: 6,Counters: [41 41 41 41 41 0 0 0 0 0 ],Thresholds: [0 0 600 600 300 200 120 85 54 35 ]
1417,Queue Length: 6,Counters: [42 42 42 42 42 0 0 0 0 0 ],Thresholds: [0 0 600 600 300 200 120 85 54 35 ]
1418,Queue Length: 6,Counters: [43 43 43 43 43 0 0 0 0 0 ],Thresholds: [0 0 600 600 300 200 120 85 54 35 ]
1419,Queue Length: 6,Counters: [44 44 44 44 44 0 0 0 0 0 ],Thresholds: [0 0 600 600 300 200 120 85 54 35 ]
1420,Queue Length: 6,Counters: [45 45 45 45 45 0 0 0 0 0 ],Thresholds: [0 0 600 600 300 200 120 85 54 35 ]
1421,Queue Length: 6,Counters: [46 46 46 46 46 0 0 0 0 0 ],Thresholds: [0 0 600 600 300 200 120 85 54 35 ]
1422,Queue Length: 6,Counters: [47 47 47 47 47 0 0 0 0 0 ],Thresholds: [0 0 600 600 300 200 120 85 54 35 ]
1423,Queue Length: 6,Counters: [48 48 48 48 48 0 0 0 0 0 ],Thresholds: [0 0 600 600 300 200 120 85 54 35 ]
1424,Queue Length: 6,Counters: [49 49 49 49 49 0 0 0 0 0 ],Thresholds: [0 0 600 600 300 200 120 85 54 35 ]
1425,Queue Length: 6,Counters: [50 50 50 50 50 0 0 0 0 0 ],Thresholds: [0 0 600 600 300 200 120 85 54 35 ]
1426,Queue Length: 6,Counters: [51 51 51 51 51 0 0 0 0 0 ],Thresholds: [0 0 600 600 300 200 120 85 54 35 ]
1427,Queue Length: 6,Counters: [52 52 52 52 52 0 0 0 0 0 ],Thresholds: [0 0 600 600 300 200 120 85 54 35 ]
1428,Queue Length: 6,Counters: [53 53 53 53 53 0 0 0 0 0 ],Thresholds: [0 0 600 600 300 200 120 85 54 35 ]
1429,Queue Length: 6,Counters: [54 54 54 54 54 0 0 0 0 0 ],Thresholds: [0 0 600 600 300 200 120 85 54 35 ]
1430,Queue Length: 6,Counters: [55 55 55 55 55 0 0 0 0 0 ],Thresholds: [0 0 600 600 300 200 120 85 54 35 ]
1431,Queue Length: 6,Counters: [56 56 56 56 56 0 0 0 0 0 ],Thresholds: [0 0 600 600 300 200 120 85 54 35 ]
1432,Queue Length: 6,Counters: [57 57 57 57 57 0 0 0 0 0 ],Thresholds: [0 0 600 600 300 200 120 85 54 35 ]
1433,Queue Length: 6,Counters: [58 58 58 58 58 0 0 0 0 0 ],Thresholds: [0 0 600 600 300 200 120 85 54 35 ]
1434,Queue Length: 6,Counters: [59 59 59 59 59 0 0 0 0 0 ],Thresholds: [0 0 600 600 300 200 120 85 54 35 ]
1435,Queue Length: 6,Counters: [60 60 60 60 60 0 0 0 0 0 ],Thresholds: [0 0 600 600 300 200 120 85 54 35 ]
1436,Queue Length: 6,Counters: [61 61 61 61 61 0 0 0 0 0 ],Thresholds: [0 0 600 600 300 200 120 85 54 35 ]
1437,Queue Length: 6,Counters: [62 62 62 62 62 0 0 0 0 0 ],Thresholds: [0 0 600 600 300 200 120 85 54 35 ]
1438,Queue Length: 6,Counters: [63 63 63 63 63 0 0 0 0 0 ],Thresholds: [0 0 600 600 300 200 120 85 54 35 ]
1439,Queue Length: 6,Counters: [64 64 64 64 64 0 0 0 0 0 ],Thresholds: [0 0 600 600 300 200 120 85 54 35 ]
1440,Queue Length: 6,Counters: [65 65 65 65 65 0 0 0 0 0 ],Thresholds: [0 0 600 600 300 200 120 85 54 35 ]
1441,Queue Length: 6,Counters: [66 66 66 66 66 0 0 0 0 0 ],Thresholds: [0 0 600 600 300 200 120 85 54 35 ]
1442,Queue Length: 6,Counters: [67 67 67 67 67 0 0 0 0 0 ],Thresholds: [0 0 600 600 300 200 120 85 54 35 ]
1443,Queue Length: 6,Counters: [68 68 68 68 68 0 0 0 0 0 ],Thresholds: [0 0 600 600 300 200 120 85 54 35 ]
1444,Queue Length: 5,Counters: [69 69 69 69 0 0 0 0 0 0 ],Thresholds: [0 0 600 600 300 200 120 85 54 35 ]
1445,Queue Length: 6,Counters: [70 70 70 70 1 0 0 0 0 0 ],Thresholds: [0 0 600 600 300 200 120 85 54 35 ]
1446,Queue Length: 6,Counters: [71 71 71 71 2 0 0 0 0 0 ],Thresholds: [0 0 600 600 300 200 120 85 54 35 ]
1447,Queue Length: 6,Counters: [72 72 72 72 3 0 0 0 0 0 ],Thresholds: [0 0 600 600 300 200 120 85 54 35 ]
1448,Queue Length: 6,Counters: [73 73 73 73 4 0 0 0 0 0 ],Thresholds: [0 0 600 600 300 200 120 85 54 35 ]
1449,Queue Length: 6,Counters: [74 74 74 74 5 0 0 0 0 0 ],Thresholds: [0 0 600 600 300 200 120 85 54 35 ]
1450,Queue Length: 6,Counters: [75 75 75 75 6 0 0 0 0 0 ],Thresholds: [0 0 600 600 300 200 120 85 54 35 ]
1451,Queue Length: 6,Counters: [76 76 76 76 7 0 0 0 0 0 ],Thresholds: [0 0 600 600 300 200 120 85 54 35 ]
1452,Queue Length: 6,Counters: [77 77 77 77 8 0 0 0 0 0 ],Thresholds: [0 0 600 600 300 200 120 85 54 35 ]
1453,Queue Length: 6,Counters: [78 78 78 78 9 0 0 0 0 0 ],Thresholds: [0 0 600 600 300 200 120 85 54 35 ]
1454,Queue Length: 6,Counters: [79 79 79 79 10 0 0 0 0 0 ],Thresholds: [0 0 600 600 300 200 120 85 54 35 ]
1455,Queue Length: 6,Counters: [80 80 80 80 11 0 0 0 0 0 ],Thresholds: [0 0 600 600 300 200 120 85 54 35 ]
1456,Queue Length: 6,Counters: [81 81 81 81 12 0 0 0 0 0 ],Thresholds: [0 0 600 600 300 200 120 85 54 35 ]
1457,Queue Length: 6,Counters: [82 82 82 82 13 0 0 0 0 0 ],Thresholds: [0 0 600 600 300 200 120 85 54 35 ]
1458,Queue Length: 6,Counters: [83 83 83 83 14 0 0 0 0 0 ],Thresholds: [0 0 600 600 300 200 120 85 54 35 ]
1459,Queue Length: 6,Counters: [84 84 84 84 15 0 0 0 0 0 ],Thresholds: [0 0 600 600 300 200 120 85 54 35 ]
1460,Queue Length: 6,Counters: [85 85 85 85 16 0 0 0 0 0 ],Thresholds: [0 0 600 600 300 200 120 85 54 35 ]
1461,Queue Length: 6,Counters: [86 86 86 86 17 0 0 0 0 0 ],Thresholds: [0 0 600 600 300 200 120 85 54 35 ]
1462,Queue Length: 6,Counters: [87 87 87 87 18 0 0 0 0 0 ],Thresholds: [0 0 600 600 300 200 120 85 54 35 ]
1463,Queue Length: 6,Counters: [88 88 88 88 19 0 0 0 0 0 ],Thresholds: [0 0 600 600 300 200 120 85 54 35 ]
1464,Queue Length: 6,Counters: [89 89 89 89 20 0 0 0 0 0 ],Thresholds: [0 0 600 600 300 200 120 85 54 35 ]
1465,Queue Length: 6,Counters: [90 90 90 90 21 0 0 0 0 0 ],Thresholds: [0 0 600 600 300 200 120 85 54 35 ]
1466,Queue Length: 6,Counters: [91 91 91 91 22 0 0 0 0 0 ],Thresholds: [0 0 600 600 300 200 120 85 54 35 ]
1467,Queue Length: 6,Counters: [92 92 92 92 23 0 0 0 0 0 ],Thresholds: [0 0 600 600 300 200 120 85 54 35 ]
1468,Queue Length: 6,Counters: [93 93 93 93 24 0 0 0 0 0 ],Thresholds: [0 0 600 600 300 200 120 85 54 35 ]
1469,Queue Length: 6,Counters: [94 94 94 94 25 0 0 0 0 0 ],Thresholds: [0 0 600 600 300 200 120 85 54 35 ]
1470,Queue Length: 6,Counters: [95 95 95 95 26 0 0 0 0 0 ],Thresholds: [0 0 600 600 300 200 120 85 54 35 ]
1471,Queue Length: 6,Counters: [96 96 96 96 27 0 0 0 0 0 ],Thresholds: [0 0 600 600 300 200 120 85 54 35 ]
1472,Queue Length: 6,Counters: [97 97 97 97 28 0 0 0 0 0 ],Thresholds: [0 0 600 600 300 200 120 85 54 35 ]
1473,Queue Length: 6,Counters: [98 98 98 98 29 0 0 0 0 0 ],Thresholds: [0 0 600 600 300 200 120 85 54 35 ]
1474,Queue Length: 6,Counters: [99 99 99 99 30 0 0 0 0 0 ],Thresholds: [0 0 600 600 300 200 120 85 54 35 ]
1475,Queue Length: 6,Counters: [100 100 100 100 31 0 0 0 0 0 ],Thresholds: [0 0 600 600 300 200 120 85 54 35 ]
1476,Queue Length: 6,Counters: [101 101 101 101 32 0 0 0 0 0 ],Thresholds: [0 0 600 600 300 200 120 85 54 35 ]
1477,Queue Length: 6,Counters: [102 102 102 102 33 0 0 0 0 0 ],Thresholds: [0 0 600 600 300 200 120 85 54 35 ]
1478,Queue Length: 6,Counters: [103 103 103 103 34 0 0 0 0 0 ],Thresholds: [0 0 600 600 300 200 120 85 54 35 ]
1479,Queue Length: 6,Counters: [104 104 104 104 35 0 0 0 0 0 ],Thresholds: [0 0 600 600 300 200 120 85 54 35 ]
1480,Queue Length: 6,Counters: [105 105 105 105 36 0 0 0 0 0 ],Thresholds: [0 0 600 600 300 200 120 85 54 35 ]
1481,Queue Length: 6,Counters: [106 106 106 106 37 0 0 0 0 0 ],Thresholds: [0 0 600 600 300 200 120 85 54 35 ]
1482,Queue Length: 6,Counters: [107 107 107 107 38 0 0 0 0 0 ],Thresholds: [0 0 600 600 300 200 120 85 54 35 ]
1483,Queue Length: 6,Counters: [108 108 108 108 39 0 0 0 0 0 ],Thresholds: [0 0 600 600 300 200 120 85 54 35 ]
1484,Queue Length: 6,Counters: [109 109 109 109 40 0 0 0 0 0 ],Thresholds: [0 0 600 600 300 200 120 85 54 35 ]
1485,Queue Length: 6,Counters: [110 110 110 110 41 0 0 0 0 0 ],Thresholds: [0 0 600 600 300 200 120 85 54 35 ]
1486,Queue Length: 6,Counters: [111 111 111 111 42 0 0 0 0 0 ],Thresholds: [0 0 600 600 300 200 120 85 54 35 ]
1487,Queue Length: 6,Counters: [112 112 112 112 43 0 0 0 0 0 ],Thresholds: [0 0 600 600 300 200 120 85 54 35 ]
1488,Queue Length: 6,Counters: [113 113 113 113 44 0 0 0 0 0 ],Thresholds: [0 0 600 600 300 200 120 85 54 35 ]
1489,Queue Length: 6,Counters: [114 114 114 114 45 0 0 0 0 0 ],Thresholds: [0 0 600 600 300 200 120 85 54 35 ]
1490,Queue Length: 6,Counters: [115 115 115 115 46 0 0 0 0 0 ],Thresholds: [0 0 600 600 300 200 120 85 54 35 ]
1491,Queue Length: 6,Counters: [116 116 116 116 47 0 0 0 0 0 ],Thresholds: [0 0 600 600 300 200 120 85 54 35 ]
1492,Queue Length: 6,Counters: [117 117 117 117 48 0 0 0 0 0 ],Thresholds: [0 0 600 600 300 200 120 85 54 35 ]
1493,Queue Length: 6,Counters: [118 118 118 118 49 0 0 0 0 0 ],Thresholds: [0 0 600 600 300 200 120 85 54 35 ]
1494,Queue Length: 6,Counters: [119 119 119 119 50 0 0 0 0 0 ],Thresholds: [0 0 600 600 300 200 120 85 54 35 ]
1495,Queue Length: 6,Counters: [120 120 120 120 51 0 0 0 0 0 ],Thresholds: [0 0 600 600 300 200 120 85 54 35 ]
1496,Queue Length: 6,Counters: [121 121 121 121 52 0 0 0 0 0 ],Thresholds: [0 0 600 600 300 200 120 85 54 35 ]
1497,Queue Length: 6,Counters: [122 122 122 122 53 0 0 0 0 0 ],Thresholds: [0 0 600 600 300 200 120 85 54 35 ]
1498,Queue Length: 6,Counters: [123 123 123 123 54 0 0 0 0 0 ],Thresholds: [0 0 600 600 300 200 120 85 54 35 ]
1499,Queue Length: 6,Counters: [124 124 124 124 55 0 0 0 0 0 ],Thresholds: [0 0 600 600 300 200 120 85 54 35 ]
1500,Queue Length: 6,Counters: [125 125 125 125 56 0 0 0 0 0 ],Thresholds: [0 0 600 600 300 200 120 85 54 35 ]
1501,Queue Length: 6,Counters: [126 126 126 126 57 0 0 0 0 0 ],Thresholds: [0 0 600 600 300 200 120 85 54 35 ]
1502,Queue Length: 6,Counters: [127 127 127 127 58 0 0 0 0 0 ],Thresholds: [0 0 600 600 300 200 120 85 54 35 ]
1503,Queue Length: 6,Counters: [128 128 128 128 59 0 0 0 0 0 ],Thresholds: [0 0 600 600 300 200 120 85 54 35 ]
1504,Queue Length: 6,Counters: [129 129 129 129 60 0 0 0 0 0 ],Thresholds: [0 0 600 600 300 200 120 85 54 35 ]
1505,Queue Length: 6,Counters: [130 130 130 130 61 0 0 0 0 0 ],Thresholds: [0 0 600 600 300 200 120 85 54 35 ]
1506,Queue Length: 6,Counters: [131 131 131 131 62 0 0 0 0 0 ],Thresholds: [0 0 600 600 300 200 120 85 54 35 ]
1507,Queue Length: 6,Counters: [132 132 132 132 63 0 0 0 0 0 ],Thresholds: [0 0 600 600 300 200 120 85 54 35 ]
1508,Queue Length: 6,Counters: [133 133 133 133 64 0 0 0 0 0 ],Thresholds: [0 0 600 600 300 200 120 85 54 35 ]
1509,Queue Length: 6,Counters: [134 134 134 134 65 0 0 0 0 0 ],Thresholds: [0 0 600 600 300 200 120 85 54 35 ]
1510,Queue Length: 6,Counters: [135 135 135 135 66 0 0 0 0 0 ],Thresholds: [0 0 600 600 300 200 120 85 54 35 ]
1511,Queue Length: 6,Counters: [136 136 136 136 67 0 0 0 0 0 ],Thresholds: [0 0 600 600 300 200 120 85 54 35 ]
1512,Queue Length: 6,Counters: [137 137 137 137 68 0 0 0 0 0 ],Thresholds: [0 0 600 600 300 200 120 85 54 35 ]
1513,Queue Length: 6,Counters: [138 138 138 138 69 0 0 0 0 0 ],Thresholds: [0 0 600 600 300 200 120 85 54 35 ]
1514,Queue Length: 6,Counters: [139 139 139 139 70 0 0 0 0 0 ],Thresholds: [0 0 600 600 300 200 120 85 54 35 ]
1515,Queue Length: 6,Counters: [140 140 140 140 71 0 0 0 0 0 ],Thresholds: [0 0 600 600 300 200 120 85 54 35 ]
1516,Queue Length: 6,Counters: [141 141 141 141 72 0 0 0 0 0 ],Thresholds: [0 0 600 600 300 200 120 85 54 35 ]
1517,Queue Length: 6,Counters: [142 142 142 142 73 0 0 0 0 0 ],Thresholds: [0 0 600 600 300 200 120 85 54 35 ]
1518,Queue Length: 6,Counters: [143 143 143 143 74 0 0 0 0 0 ],Thresholds: [0 0 600 600 300 200 120 85 54 35 ]
1519,Queue Length: 6,Counters: [144 144 144 144 75 0 0 0 0 0 ],Thresholds: [0 0 600 600 300 200 120 85 54 35 ]
1520,Queue Length: 6,Counters: [145 145 145 145 76 0 0 0 0 0 ],Thresholds: [0 0 600 600 300 200 120 85 54 35 ]
1521,Queue Length: 6,Counters: [146 146 146 146 77 0 0 0 0 0 ],Thresholds: [0 0 600 600 300 200 120 85 54 35 ]
1522,Queue Length: 6,Counters: [147 147 147 147 78 0 0 0 0 0 ],Thresholds: [0 0 600 600 300 200 120 85 54 35 ]
1523,Queue Length: 6,Counters: [148 148 148 148 79 0 0 0 0 0 ],Thresholds: [0 0 600 600 300 200 120 85 54 35 ]
1524,Queue Length: 6,Counters: [149 149 149 149 80 0 0 0 0 0 ],Thresholds: [0 0 600 600 300 200 120 85 54 35 ]
1525,Queue Length: 6,Counters: [150 150 150 150 81 0 0 0 0 0 ],Thresholds: [0 0 600 600 300 200 120 85 54 35 ]
1526,Queue Length: 6,Counters: [151 151 151 151 82 0 0 0 0 0 ],Thresholds: [0 0 600 600 300 200 120 85 54 35 ]
1527,Queue Length: 6,Counters: [152 152 152 152 83 0 0 0 0 0 ],Thresholds: [0 0 600 600 300 200 120 85 54 35 ]
1528,Queue Length: 6,Counters: [153 153 153 153 84 0 0 0 0 0 ],Thresholds: [0 0 600 600 300 200 120 85 54 35 ]
1529,Queue Length: 6,Counters: [154 154 154 154 85 0 0 0 0 0 ],Thresholds: [0 0 600 600 300 200 120 85 54 35 ]
1530,Queue Length: 6,Counters: [155 155 155 155 86 0 0 0 0 0 ],Thresholds: [0 0 600 600 300 200 120 85 54 35 ]
1531,Queue Length: 6,Counters: [156 156 156 156 87 0 0 0 0 0 ],Thresholds: [0 0 600 600 300 200 120 85 54 35 ]
1532,Queue Length: 6,Counters: [157 157 157 157 88 0 0 0 0 0 ],Thresholds: [0 0 600 600 300 200 120 85 54 35 ]
1533,Queue Length: 6,Counters: [158 158 158 158 89 0 0 0 0 0 ],Thresholds: [0 0 600 600 300 200 120 85 54 35 ]
1534,Queue Length: 6,Counters: [159 159 159 159 90 0 0 0 0 0 ],Thresholds: [0 0 600 600 300 200 120 85 54 35 ]
1535,Queue Length: 6,Counters: [160 160 160 160 91 0 0 0 0 0 ],Thresholds: [0 0 600 600 300 200 120 85 54 35 ]
1536,Queue Length: 6,Counters: [161 161 161 161 92 0 0 0 0 0 ],Thresholds: [0 0 600 600 300 200 120 85 54 35 ]
1537,Queue Length: 6,Counters: [162 162 162 162 93 0 0 0 0 0 ],Thresholds: [0 0 600 600 300 200 120 85 54 35 ]
1538,Queue Length: 6,Counters: [163 163 163 163 94 0 0 0 0 0 ],Thresholds: [0 0 600 600 300 200 120 85 54 35 ]
1539,Queue Length: 6,Counters: [164 164 164 164 95 0 0 0 0 0 ],Thresholds: [0 0 600 600 300 200 120 85 54 35 ]
1540,Queue Length: 6,Counters: [165 165 165 165 96 0 0 0 0 0 ],Thresholds: [0 0 600 600 300 200 120 85 54 35 ]
1541,Queue Length: 6,Counters: [166 166 166 166 97 0 0 0 0 0 ],Thresholds: [0 0 600 600 300 200 120 85 54 35 ]
1542,Queue Length: 6,Counters: [167 167 167 167 98 0 0 0 0 0 ],Thresholds: [0 0 600 600 300 200 120 85 54 35 ]
1543,Queue Length: 6,Counters: [168 168 168 168 99 0 0 0 0 0 ],Thresholds: [0 0 600 600 300 200 120 85 54 35 ]
1544,Queue Length: 6,Counters: [169 169 169 169 100 0 0 0 0 0 ],Thresholds: [0 0 600 600 300 200 120 85 54 35 ]
1545,Queue Length: 6,Counters: [170 170 170 170 101 0 0 0 0 0 ],Thresholds: [0 0 600 600 300 200 120 85 54 35 ]
1546,Queue Length: 6,Counters: [171 171 171 171 102 0 0 0 0 0 ],Thresholds: [0 0 600 600 300 200 120 85 54 35 ]
1547,Queue Length: 6,Counters: [172 172 172 172 103 0 0 0 0 0 ],Thresholds: [0 0 600 600 300 200 120 85 54 35 ]
1548,Queue Length: 6,Counters: [173 173 173 173 104 0 0 0 0 0 ],Thresholds: [0 0 600 600 300 200 120 85 54 35 ]
1549,Queue Length: 6,Counters: [174 174 174 174 105 0 0 0 0 0 ],Thresholds: [0 0 600 600 300 200 120 85 54 35 ]
1550,Queue Length: 6,Counters: [175 175 175 175 106 0 0 0 0 0 ],Thresholds: [0 0 600 600 300 200 120 85 54 35 ]
1551,Queue Length: 6,Counters: [176 176 176 176 107 0 0 0 0 0 ],Thresholds: [0 0 600 600 300 200 120 85 54 35 ]
1552,Queue Length: 6,Counters: [177 177 177 177 108 0 0 0 0 0 ],Thresholds: [0 0 600 600 300 200 120 85 54 35 ]
1553,Queue Length: 5,Counters: [178 178 178 178 0 0 0 0 0 0 ],Thresholds: [0 0 600 600 300 200 120 85 54 35 ]
1554,Queue Length: 4,Counters: [179 179 179 0 0 0 0 0 0 0 ],Thresholds: [0 0 600 600 300 200 120 85 54 35 ]
1555,Queue Length: 3,Counters: [180 180 0 0 0 0 0 0 0 0 ],Thresholds: [0 0 600 600 300 200 120 85 54 35 ]
1556,Queue Length: 2,Counters: [181 0 0 0 0 0 0 0 0 0 ],Thresholds: [0 0 600 600 300 200 120 85 54 35 ]
1557,Queue Length: 1,Counters: [0 0 0 0 0 0 0 0 0 0 ],Thresholds: [0 0 600 600 300 200 120 85 54 35 ]
1558,Queue Length: 6,Counters: [1 1 1 1 1 0 0 0 0 0 ],Thresholds: [0 0 600 600 300 200 120 85 54 35 ]
1559,Queue Length: 6,Counters: [2 2 2 2 2 0 0 0 0 0 ],Thresholds: [0 0 600 600 300 200 120 85 54 35 ]
1560,Queue Length: 6,Counters: [3 3 3 3 3 0 0 0 0 0 ],Thresholds: [0 0 600 600 300 200 120 85 54 35 ]
1561,Queue Length: 6,Counters: [4 4 4 4 4 0 0 0 0 0 ],Thresholds: [0 0 600 600 300 200 120 85 54 35 ]
1562,Queue Length: 6,Counters: [5 5 5 5 5 0 0 0 0 0 ],Thresholds: [0 0 600 600 300 200 120 85 54 35 ]
1563,Queue Length: 6,Counters: [6 6 6 6 6 0 0 0 0 0 ],Thresholds: [0 0 600 600 300 200 120 85 54 35 ]
1564,Queue Length: 6,Counters: [7 7 7 7 7 0 0 0 0 0 ],Thresholds: [0 0 600 600 300 200 120 85 54 35 ]
1565,Queue Length: 6,Counters: [8 8 8 8 8 0 0 0 0 0 ],Thresholds: [0 0 600 600 300 200 120 85 54 35 ]
1566,Queue Length: 6,Counters: [9 9 9 9 9 0 0 0 0 0 ],Thresholds: [0 0 600 600 300 200 120 85 54 35 ]
1567,Queue Length: 6,Counters: [10 10 10 10 10 0 0 0 0 0 ],Thresholds: [0 0 600 600 300 200 120 85 54 35 ]
1568,Queue Length: 6,Counters: [11 11 11 11 11 0 0 0 0 0 ],Thresholds: [0 0 600 600 300 200 120 85 54 35 ]
1569,Queue Length: 6,Counters: [12 12 12 12 12 0 0 0 0 0 ],Thresholds: [0 0 600 600 300 200 120 85 54 35 ]
1570,Queue Length: 6,Counters: [13 13 13 13 13 0 0 0 0 0 ],Thresholds: [0 0 600 600 300 200 120 85 54 35 ]
1571,Queue Length: 6,Counters: [14 14 14 14 14 0 0 0 0 0 ],Thresholds: [0 0 600 600 300 200 120 85 54 35 ]
1572,Queue Length: 6,Counters: [15 15 15 15 15 0 0 0 0 0 ],Thresholds: [0 0 600 600 300 200 120 85 54 35 ]
1573,Queue Length: 6,Counters: [16 16 16 16 16 0 0 0 0 0 ],Thresholds: [0 0 600 600 300 200 120 85 54 35 ]
1574,Queue Length: 6,Counters: [17 17 17 17 17 0 0 0 0 0 ],Thresholds: [0 0 600 600 300 200 120 85 54 35 ]
1575,Queue Length: 6,Counters: [18 18 18 18 18 0 0 0 0 0 ],Thresholds: [0 0 600 600 300 200 120 85 54 35 ]
1576,Queue Length: 6,Counters: [19 19 19 19 19 0 0 0 0 0 ],Thresholds: [0 0 600 600 300 200 120 85 54 35 ]
1577,Queue Length: 6,Counters: [20 20 20 20 20 0 0 0 0 0 ],Thresholds: [0 0 600 600 300 200 120 85 54 35 ]
1578,Queue Length: 6,Counters: [21 21 21 21 21 0 0 0 0 0 ],Thresholds: [0 0 600 600 300 200 120 85 54 35 ]
1579,Queue Length: 6,Counters: [22 22 22 22 22 0 0 0 0 0 ],Thresholds: [0 0 600 600 300 200 120 85 54 35 ]
1580,Queue Length: 6,Counters: [23 23 23 23 23 0 0 0 0 0 ],Thresholds: [0 0 600 600 300 200 120 85 54 35 ]
1581,Queue Length: 6,Counters: [24 24 24 24 24 0 0 0 0 0 ],Thresholds: [0 0 600 600 300 200 120 85 54 35 ]
1582,Queue Length: 6,Counters: [25 25 25 25 25 0 0 0 0 0 ],Thresholds: [0 0 600 600 300 200 120 85 54 35 ]
1583,Queue Length: 6,Counters: [26 26 26 26 26 0 0 0 0 0 ],Thresholds: [0 0 600 600 300 200 120 85 54 35 ]
1584,Queue Length: 6,Counters: [27 27 27 27 27 0 0 0 0 0 ],Thresholds: [0 0 600 600 300 200 120 85 54 35 ]
1585,Queue Length: 6,Counters: [28 28 28 28 28 0 0 0 0 0 ],Thresholds: [0 0 600 600 300 200 120 85 54 35 ]
1586,Queue Length: 6,Counters: [29 29 29 29 29 0 0 0 0 0 ],Thresholds: [0 0 600 600 300 200 120 85 54 35 ]
1587,Queue Length: 6,Counters: [30 30 30 30 30 0 0 0 0 0 ],Thresholds: [0 0 600 600 300 200 120 85 54 35 ]
1588,Queue Length: 6,Counters: [31 31 31 31 31 0 0 0 0 0 ],Thresholds: [0 0 600 600 300 200 120 85 54 35 ]
1589,Queue Length: 6,Counters: [32 32 32 32 32 0 0 0 0 0 ],Thresholds: [0 0 600 600 300 200 120 85 54 35 ]
1590,Queue Length: 6,Counters: [33 33 33 33 33 0 0 0 0 0 ],Thresholds: [0 0 600 600 300 200 120 85 54 35 ]
1591,Queue Length: 6,Counters: [34 34 34 34 34 0 0 0 0 0 ],Thresholds: [0 0 600 600 300 200 120 85 54 35 ]
1592,Queue Length: 6,Counters: [35 35 35 35 35 0 0 0 0 0 ],Thresholds: [0 0 600 600 300 200 120 85 54 35 ]
1593,Queue Length: 6,Counters: [36 36 36 36 36 0 0 0 0 0 ],Thresholds: [0 0 600 600 300 200 120 85 54 35 ]
1594,Queue Length: 6,Counters: [37 37 37 37 37 0 0 0 0 0 ],Thresholds: [0 0 600 600 300 200 120 85 54 35 ]
1595,Queue Length: 6,Counters: [38 38 38 38 38 0 0 0 0 0 ],Thresholds: [0 0 600 600 300 200 120 85 54 35 ]
1596,Queue Length: 6,Counters: [39 39 39 39 39 0 0 0 0 0 ],Thresholds: [0 0 600 600 300 200 120 85 54 35 ]
1597,Queue Length: 6,Counters: [40 40 40 40 40 0 0 0 0 0 ],Thresholds: [0 0 600 600 300 200 120 85 54 35 ]
1598,Queue Length: 6,Counters: [41 41 41 41 41 0 0 0 0 0 ],Thresholds: [0 0 600 600 300 200 120 85 54 35 ]
1599,Queue Length: 5,Counters: [42 42 42 42 0 0 0 0 0 0 ],Thresholds: [0 0 600 600 300 200 120 85 54 35 ]
1600,Queue Length: 4,Counters: [43 43 43 0 0 0 0 0 0 0 ],Thresholds: [0 0 600 600 300 200 120 85 54 35 ]
1601,Queue Length: 3,Counters: [44 44 0 0 0 0 0 0 0 0 ],Thresholds: [0 0 600 600 300 200 120 85 54 35 ]
1602,Queue Length: 2,Counters: [45 0 0 0 0 0 0 0 0 0 ],Thresholds: [0 0 600 600 300 200 120 85 54 35 ]
1603,Queue Length: 1,Counters: [0 0 0 0 0 0 0 0 0 0 ],Thresholds: [0 0 600 600 300 200 120 85 54 35 ]
1604,Queue Length: 6,Counters: [1 1 1 1 1 0 0 0 0 0 ],Thresholds: [0 0 600 600 300 200 120 85 54 35 ]
1605,Queue Length: 6,Counters: [2 2 2 2 2 0 0 0 0 0 ],Thresholds: [0 0 600 600 300 200 120 85 54 35 ]
1606,Queue Length: 6,Counters: [3 3 3 3 3 0 0 0 0 0 ],Thresholds: [0 0 600 600 300 200 120 85 54 35 ]
1607,Queue Length: 6,Counters: [4 4 4 4 4 0 0 0 0 0 ],Thresholds: [0 0 600 600 300 200 120 85 54 35 ]
1608,Queue Length: 6,Counters: [5 5 5 5 5 0 0 0 0 0 ],Thresholds: [0 0 600 600 300 200 120 85 54 35 ]
1609,Queue Length: 6,Counters: [6 6 6 6 6 0 0 0 0 0 ],Thresholds: [0 0 600 600 300 200 120 85 54 35 ]
1610,Queue Length: 6,Counters: [7 7 7 7 7 0 0 0 0 0 ],Thresholds: [0 0 600 600 300 200 120 85 54 35 ]
1611,Queue Length: 6,Counters: [8 8 8 8 8 0 0 0 0 0 ],Thresholds: [0 0 600 600 300 200 120 85 54 35 ]
1612,Queue Length: 6,Counters: [9 9 9 9 9 0 0 0 0 0 ],Thresholds: [0 0 600 600 300 200 120 85 54 35 ]
1613,Queue Length: 6,Counters: [10 10 10 10 10 0 0 0 0 0 ],Thresholds: [0 0 600 600 300 200 120 85 54 35 ]
1614,Queue Length: 6,Counters: [11 11 11 11 11 0 0 0 0 0 ],Thresholds: [0 0 600 600 300 200 120 85 54 35 ]
1615,Queue Length: 6,Counters: [12 12 12 12 12 0 0 0 0 0 ],Thresholds: [0 0 600 600 300 200 120 85 54 35 ]
1616,Queue Length: 6,Counters: [13 13 13 13 13 0 0 0 0 0 ],Thresholds: [0 0 600 600 300 200 120 85 54 35 ]
1617,Queue Length: 6,Counters: [14 14 14 14 14 0 0 0 0 0 ],Thresholds: [0 0 600 600 300 200 120 85 54 35 ]
1618,Queue Length: 6,Counters: [15 15 15 15 15 0 0 0 0 0 ],Thresholds: [0 0 600 600 300 200 120 85 54 35 ]
1619,Queue Length: 6,Counters: [16 16 16 16 16 0 0 0 0 0 ],Thresholds: [0 0 600 600 300 200 120 85 54 35 ]
1620,Queue Length: 6,Counters: [17 17 17 17 17 0 0 0 0 0 ],Thresholds: [0 0 600 600 300 200 120 85 54 35 ]
1621,Queue Length: 6,Counters: [18 18 18 18 18 0 0 0 0 0 ],Thresholds: [0 0 600 600 300 200 120 85 54 35 ]
1622,Queue Length: 6,Counters: [19 19 19 19 19 0 0 0 0 0 ],Thresholds: [0 0 600 600 300 200 120 85 54 35 ]
1623,Queue Length: 6,Counters: [20 20 20 20 20 0 0 0 0 0 ],Thresholds: [0 0 600 600 300 200 120 85 54 35 ]
1624,Queue Length: 6,Counters: [21 21 21 21 21 0 0 0 0 0 ],Thresholds: [0 0 600 600 300 200 120 85 54 35 ]
1625,Queue Length: 6,Counters: [22 22 22 22 22 0 0 0 0 0 ],Thresholds: [0 0 600 600 300 200 120 85 54 35 ]
1626,Queue Length: 6,Counters: [23 23 23 23 23 0 0 0 0 0 ],Thresholds: [0 0 600 600 300 200 120 85 54 35 ]
1627,Queue Length: 6,Counters: [24 24 24 24 24 0 0 0 0 0 ],Thresholds: [0 0 600 600 300 200 120 85 54 35 ]
1628,Queue Length: 6,Counters: [25 25 25 25 25 0 0 0 0 0 ],Thresholds: [0 0 600 600 300 200 120 85 54 35 ]
1629,Queue Length: 6,Counters: [26 26 26 26 26 0 0 0 0 0 ],Thresholds: [0 0 600 600 300 200 120 85 54 35 ]
1630,Queue Length: 6,Counters: [27 27 27 27 27 0 0 0 0 0 ],Thresholds: [0 0 600 600 300 200 120 85 54 35 ]
1631,Queue Length: 6,Counters: [28 28 28 28 28 0 0 0 0 0 ],Thresholds: [0 0 600 600 300 200 120 85 54 35 ]
1632,Queue Length: 6,Counters: [29 29 29 29 29 0 0 0 0 0 ],Thresholds: [0 0 600 600 300 200 120 85 54 35 ]
1633,Queue Length: 6,Counters: [30 30 30 30 30 0 0 0 0 0 ],Thresholds: [0 0 600 600 300 200 120 85 54 35 ]
1634,Queue Length: 6,Counters: [31 31 31 31 31 0 0 0 0 0 ],Thresholds: [0 0 600 600 300 200 120 85 54 35 ]
1635,Queue Length: 6,Counters: [32 32 32 32 32 0 0 0 0 0 ],Thresholds: [0 0 600 600 300 200 120 85 54 35 ]
1636,Queue Length: 6,Counters: [33 33 33 33 33 0 0 0 0 0 ],Thresholds: [0 0 600 600 300 200 120 85 54 35 ]
1637,Queue Length: 6,Counters: [34 34 34 34 34 0 0 0 0 0 ],Thresholds: [0 0 600 600 300 200 120 85 54 35 ]
1638,Queue Length: 6,Counters: [35 35 35 35 35 0 0 0 0 0 ],Thresholds: [0 0 600 600 300 200 120 85 54 35 ]
1639,Queue Length: 6,Counters: [36 36 36 36 36 0 0 0 0 0 ],Thresholds: [0 0 600 600 300 200 120 85 54 35 ]
1640,Queue Length: 6,Counters: [37 37 37 37 37 0 0 0 0 0 ],Thresholds: [0 0 600 600 300 200 120 85 54 35 ]
1641,Queue Length: 6,Counters: [38 38 38 38 38 0 0 0 0 0 ],Thresholds: [0 0 600 600 300 200 120 85 54 35 ]
1642,Queue Length: 6,Counters: [39 39 39 39 39 0 0 0 0 0 ],Thresholds: [0 0 600 600 300 200 120 85 54 35 ]
1643,Queue Length: 6,Counters: [40 40 40 40 40 0 0 0 0 0 ],Thresholds: [0 0 600 600 300 200 120 85 54 35 ]
1644,Queue Length: 6,Counters: [41 41 41 41 41 0 0 0 0 0 ],Thresholds: [0 0 600 600 300 200 120 85 54 35 ]
1645,Queue Length: 6,Counters: [42 42 42 42 42 0 0 0 0 0 ],Thresholds: [0 0 600 600 300 200 120 85 54 35 ]
1646,Queue Length: 6,Counters: [43 43 43 43 43 0 0 0 0 0 ],Thresholds: [0 0 600 600 300 200 120 85 54 35 ]
1647,Queue Length: 6,Counters: [44 44 44 44 44 0 0 0 0 0 ],Thresholds: [0 0 600 600 300 200 120 85 54 35 ]
1648,Queue Length: 6,Counters: [45 45 45 45 45 0 0 0 0 0 ],Thresholds: [0 0 600 600 300 200 120 85 54 35 ]
1649,Queue Length: 6,Counters: [46 46 46 46 46 0 0 0 0 0 ],Thresholds: [0 0 600 600 300 200 120 85 54 35 ]
1650,Queue Length: 6,Counters: [47 47 47 47 47 0 0 0 0 0 ],Thresholds: [0 0 600 600 300 200 120 85 54 35 ]
1651,Queue Length: 6,Counters: [48 48 48 48 48 0 0 0 0 0 ],Thresholds: [0 0 600 600 300 200 120 85 54 35 ]
1652,Queue Length: 6,Counters: [49 49 49 49 49 0 0 0 0 0 ],Thresholds: [0 0 600 600 300 200 120 85 54 35 ]
1653,Queue Length: 6,Counters: [50 50 50 50 50 0 0 0 0 0 ],Thresholds: [0 0 600 600 300 200 120 85 54 35 ]
1654,Queue Length: 6,Counters: [51 51 51 51 51 0 0 0 0 0 ],Thresholds: [0 0 600 600 300 200 120 85 54 35 ]
1655,Queue Length: 6,Counters: [52 52 52 52 52 0 0 0 0 0 ],Thresholds: [0 0 600 600 300 200 120 85 54 35 ]
1656,Queue Length: 6,Counters: [53 53 53 53 53 0 0 0 0 0 ],Thresholds: [0 0 600 600 300 200 120 85 54 35 ]
1657,Queue Length: 6,Counters: [54 54 54 54 54 0 0 0 0 0 ],Thresholds: [0 0 600 600 300 200 120 85 54 35 ]
1658,Queue Length: 6,Counters: [55 55 55 55 55 0 0 0 0 0 ],Thresholds: [0 0 600 600 300 200 120 85 54 35 ]
1659,Queue Length: 6,Counters: [56 56 56 56 56 0 0 0 0 0 ],Thresholds: [0 0 600 600 300 200 120 85 54 35 ]
1660,Queue Length: 6,Counters: [57 57 57 57 57 0 0 0 0 0 ],Thresholds: [0 0 600 600 300 200 120 85 54 35 ]
1661,Queue Length: 6,Counters: [58 58 58 58 58 0 0 0 0 0 ],Thresholds: [0 0 600 600 300 200 120 85 54 35 ]
1662,Queue Length: 6,Counters: [59 59 59 59 59 0 0 0 0 0 ],Thresholds: [0 0 600 600 300 200 120 85 54 35 ]
1663,Queue Length: 6,Counters: [60 60 60 60 60 0 0 0 0 0 ],Thresholds: [0 0 600 600 300 200 120 85 54 35 ]
1664,Queue Length: 6,Counters: [61 61 61 61 61 0 0 0 0 0 ],Thresholds: [0 0 600 600 300 200 120 85 54 35 ]
1665,Queue Length: 6,Counters: [62 62 62 62 62 0 0 0 0 0 ],Thresholds: [0 0 600 600 300 200 120 85 54 35 ]
1666,Queue Length: 6,Counters: [63 63 63 63 63 0 0 0 0 0 ],Thresholds: [0 0 600 600 300 200 120 85 54 35 ]
1667,Queue Length: 6,Counters: [64 64 64 64 64 0 0 0 0 0 ],Thresholds: [0 0 600 600 300 200 120 85 54 35 ]
1668,Queue Length: 6,Counters: [65 65 65 65 65 0 0 0 0 0 ],Thresholds: [0 0 600 600 300 200 120 85 54 35 ]
1669,Queue Length: 6,Counters: [66 66 66 66 66 0 0 0 0 0 ],Thresholds: [0 0 600 600 300 200 120 85 54 35 ]
1670,Queue Length: 6,Counters: [67 67 67 67 67 0 0 0 0 0 ],Thresholds: [0 0 600 600 300 200 120 85 54 35 ]
1671,Queue Length: 6,Counters: [68 68 68 68 68 0 0 0 0 0 ],Thresholds: [0 0 600 600 300 200 120 85 54 35 ]
1672,Queue Length: 6,Counters: [69 69 69 69 69 0 0 0 0 0 ],Thresholds: [0 0 600 600 300 200 120 85 54 35 ]
1673,Queue Length: 6,Counters: [70 70 70 70 70 0 0 0 0 0 ],Thresholds: [0 0 600 600 300 200 120 85 54 35 ]
1674,Queue Length: 6,Counters: [71 71 71 71 71 0 0 0 0 0 ],Thresholds: [0 0 600 600 300 200 120 85 54 35 ]
1675,Queue Length: 6,Counters: [72 72 72 72 72 0 0 0 0 0 ],Thresholds: [0 0 600 600 300 200 120 85 54 35 ]
1676,Queue Length: 6,Counters: [73 73 73 73 73 0 0 0 0 0 ],Thresholds: [0 0 600 600 300 200 120 85 54 35 ]
1677,Queue Length: 6,Counters: [74 74 74 74 74 0 0 0 0 0 ],Thresholds: [0 0 600 600 300 200 120 85 54 35 ]
1678,Queue Length: 6,Counters: [75 75 75 75 75 0 0 0 0 0 ],Thresholds: [0 0 600 600 300 200 120 85 54 35 ]
1679,Queue Length: 6,Counters: [76 76 76 76 76 0 0 0 0 0 ],Thresholds: [0 0 600 600 300 200 120 85 54 35 ]
1680,Queue Length: 6,Counters: [77 77 77 77 77 0 0 0 0 0 ],Thresholds: [0 0 600 600 300 200 120 85 54 35 ]
1681,Queue Length: 6,Counters: [78 78 78 78 78 0 0 0 0 0 ],Thresholds: [0 0 600 600 300 200 120 85 54 35 ]
1682,Queue Length: 6,Counters: [79 79 79 79 79 0 0 0 0 0 ],Thresholds: [0 0 600 600 300 200 120 85 54 35 ]
1683,Queue Length: 6,Counters: [80 80 80 80 80 0 0 0 0 0 ],Thresholds: [0 0 600 600 300 200 120 85 54 35 ]
1684,Queue Length: 6,Counters: [81 81 81 81 81 0 0 0 0 0 ],Thresholds: [0 0 600 600 300 200 120 85 54 35 ]
1685,Queue Length: 6,Counters: [82 82 82 82 82 0 0 0 0 0 ],Thresholds: [0 0 600 600 300 200 120 85 54 35 ]
1686,Queue Length: 6,Counters: [83 83 83 83 83 0 0 0 0 0 ],Thresholds: [0 0 600 600 300 200 120 85 54 35 ]
1687,Queue Length: 6,Counters: [84 84 84 84 84 0 0 0 0 0 ],Thresholds: [0 0 600 600 300 200 120 85 54 35 ]
1688,Queue Length: 6,Counters: [85 85 85 85 85 0 0 0 0 0 ],Thresholds: [0 0 600 600 300 200 120 85 54 35 ]
1689,Queue Length: 6,Counters: [86 86 86 86 86 0 0 0 0 0 ],Thresholds: [0 0 600 600 300 200 120 85 54 35 ]
1690,Queue Length: 6,Counters: [87 87 87 87 87 0 0 0 0 0 ],Thresholds: [0 0 600 600 300 200 120 85 54 35 ]
1691,Queue Length: 6,Counters: [88 88 88 88 88 0 0 0 0 0 ],Thresholds: [0 0 600 600 300 200 120 85 54 35 ]
1692,Queue Length: 6,Counters: [89 89 89 89 89 0 0 0 0 0 ],Thresholds: [0 0 600 600 300 200 120 85 54 35 ]
1693,Queue Length: 6,Counters: [90 90 90 90 90 0 0 0 0 0 ],Thresholds: [0 0 600 600 300 200 120 85 54 35 ]
1694,Queue Length: 6,Counters: [91 91 91 91 91 0 0 0 0 0 ],Thresholds: [0 0 600 600 300 200 120 85 54 35 ]
1695,Queue Length: 6,Counters: [92 92 92 92 92 0 0 0 0 0 ],Thresholds: [0 0 600 600 300 200 120 85 54 35 ]
1696,Queue Length: 6,Counters: [93 93 93 93 93 0 0 0 0 0 ],Thresholds: [0 0 600 600 300 200 120 85 54 35 ]
1697,Queue Length: 6,Counters: [94 94 94 94 94 0 0 0 0 0 ],Thresholds: [0 0 600 600 300 200 120 85 54 35 ]
1698,Queue Length: 6,Counters: [95 95 95 95 95 0 0 0 0 0 ],Thresholds: [0 0 600 600 300 200 120 85 54 35 ]
1699,Queue Length: 6,Counters: [96 96 96 96 96 0 0 0 0 0 ],Thresholds: [0 0 600 600 300 200 120 85 54 35 ]
1700,Queue Length: 5,Counters: [97 97 97 97 0 0 0 0 0 0 ],Thresholds: [0 0 600 600 300 200 120 85 54 35 ]
1701,Queue Length: 4,Counters: [98 98 98 0 0 0 0 0 0 0 ],Thresholds: [0 0 600 600 300 200 120 85 54 35 ]
1702,Queue Length: 3,Counters: [99 99 0 0 0 0 0 0 0 0 ],Thresholds: [0 0 600 600 300 200 120 85 54 35 ]
1703,Queue Length: 2,Counters: [100 0 0 0 0 0 0 0 0 0 ],Thresholds: [0 0 600 600 300 200 120 85 54 35 ]
1704,Queue Length: 1,Counters: [0 0 0 0 0 0 0 0 0 0 ],Thresholds: [0 0 600 600 300 200 120 85 54 35 ]
1705,Queue Length: 6,Counters: [1 1 1 1 1 0 0 0 0 0 ],Thresholds: [0 0 600 600 300 200 120 85 54 35 ]
1706,Queue Length: 6,Counters: [2 2 2 2 2 0 0 0 0 0 ],Thresholds: [0 0 600 600 300 200 120 85 54 35 ]
1707,Queue Length: 5,Counters: [3 3 3 3 0 0 0 0 0 0 ],Thresholds: [0 0 600 600 300 200 120 85 54 35 ]
1708,Queue Length: 4,Counters: [4 4 4 0 0 0 0 0 0 0 ],Thresholds: [0 0 600 600 300 200 120 85 54 35 ]
1709,Queue Length: 3,Counters: [5 5 0 0 0 0 0 0 0 0 ],Thresholds: [0 0 600 600 300 200 120 85 54 35 ]
1710,Queue Length: 2,Counters: [6 0 0 0 0 0 0 0 0 0 ],Thresholds: [0 0 600 600 300 200 120 85 54 35 ]
1711,Queue Length: 1,Counters: [0 0 0 0 0 0 0 0 0 0 ],Thresholds: [0 0 600 600 300 200 120 85 54 35 ]
1712,Queue Length: 5,Counters: [1 1 1 1 0 0 0 0 0 0 ],Thresholds: [0 0 600 600 300 200 120 85 54 35 ]
1713,Queue Length: 6,Counters: [2 2 2 2 1 0 0 0 0 0 ],Thresholds: [0 0 600 600 300 200 120 85 54 35 ]
1714,Queue Length: 6,Counters: [3 3 3 3 2 0 0 0 0 0 ],Thresholds: [0 0 600 600 300 200 120 85 54 35 ]
1715,Queue Length: 6,Counters: [4 4 4 4 3 0 0 0 0 0 ],Thresholds: [0 0 600 600 300 200 120 85 54 35 ]
1716,Queue Length: 6,Counters: [5 5 5 5 4 0 0 0 0 0 ],Thresholds: [0 0 600 600 300 200 120 85 54 35 ]
1717,Queue Length: 6,Counters: [6 6 6 6 5 0 0 0 0 0 ],Thresholds: [0 0 600 600 300 200 120 85 54 35 ]
1718,Queue Length: 6,Counters: [7 7 7 7 6 0 0 0 0 0 ],Thresholds: [0 0 600 600 300 200 120 85 54 35 ]
1719,Queue Length: 6,Counters: [8 8 8 8 7 0 0 0 0 0 ],Thresholds: [0 0 600 600 300 200 120 85 54 35 ]
1720,Queue Length: 6,Counters: [9 9 9 9 8 0 0 0 0 0 ],Thresholds: [0 0 600 600 300 200 120 85 54 35 ]
1721,Queue Length: 6,Counters: [10 10 10 10 9 0 0 0 0 0 ],Thresholds: [0 0 600 600 300 200 120 85 54 35 ]
1722,Queue Length: 6,Counters: [11 11 11 11 10 0 0 0 0 0 ],Thresholds: [0 0 600 600 300 200 120 85 54 35 ]
1723,Queue Length: 6,Counters: [12 12 12 12 11 0 0 0 0 0 ],Thresholds: [0 0 600 600 300 200 120 85 54 35 ]
1724,Queue Length: 6,Counters: [13 13 13 13 12 0 0 0 0 0 ],Thresholds: [0 0 600 600 300 200 120 85 54 35 ]
1725,Queue Length: 5,Counters: [14 14 14 14 0 0 0 0 0 0 ],Thresholds: [0 0 600 600 300 200 120 85 54 35 ]
1726,Queue Length: 4,Counters: [15 15 15 0 0 0 0 0 0 0 ],Thresholds: [0 0 600 600 300 200 120 85 54 35 ]
1727,Queue Length: 3,Counters: [16 16 0 0 0 0 0 0 0 0 ],Thresholds: [0 0 600 600 300 200 120 85 54 35 ]
1728,Queue Length: 2,Counters: [17 0 0 0 0 0 0 0 0 0 ],Thresholds: [0 0 600 600 300 200 120 85 54 35 ]
1729,Queue Length: 1,Counters: [0 0 0 0 0 0 0 0 0 0 ],Thresholds: [0 0 600 600 300 200 120 85 54 35 ]
1730,Queue Length: 6,Counters: [1 1 1 1 1 0 0 0 0 0 ],Thresholds: [0 0 600 600 300 200 120 85 54 35 ]
1731,Queue Length: 6,Counters: [2 2 2 2 2 0 0 0 0 0 ],Thresholds: [0 0 600 600 300 200 120 85 54 35 ]
1732,Queue Length: 6,Counters: [3 3 3 3 3 0 0 0 0 0 ],Thresholds: [0 0 600 600 300 200 120 85 54 35 ]
1733,Queue Length: 6,Counters: [4 4 4 4 4 0 0 0 0 0 ],Thresholds: [0 0 600 600 300 200 120 85 54 35 ]
1734,Queue Length: 6,Counters: [5 5 5 5 5 0 0 0 0 0 ],Thresholds: [0 0 600 600 300 200 120 85 54 35 ]
1735,Queue Length: 6,Counters: [6 6 6 6 6 0 0 0 0 0 ],Thresholds: [0 0 600 600 300 200 120 85 54 35 ]
1736,Queue Length: 6,Counters: [7 7 7 7 7 0 0 0 0 0 ],Thresholds: [0 0 600 600 300 200 120 85 54 35 ]
1737,Queue Length: 6,Counters: [8 8 8 8 8 0 0 0 0 0 ],Thresholds: [0 0 600 600 300 200 120 85 54 35 ]
1738,Queue Length: 6,Counters: [9 9 9 9 9 0 0 0 0 0 ],Thresholds: [0 0 600 600 300 200 120 85 54 35 ]
1739,Queue Length: 6,Counters: [10 10 10 10 10 0 0 0 0 0 ],Thresholds: [0 0 600 600 300 200 120 85 54 35 ]
1740,Queue Length: 6,Counters: [11 11 11 11 11 0 0 0 0 0 ],Thresholds: [0 0 600 600 300 200 120 85 54 35 ]
1741,Queue Length: 5,Counters: [12 12 12 12 0 0 0 0 0 0 ],Thresholds: [0 0 600 600 300 200 120 85 54 35 ]
1742,Queue Length: 4,Counters: [13 13 13 0 0 0 0 0 0 0 ],Thresholds: [0 0 600 600 300 200 120 85 54 35 ]
1743,Queue Length: 3,Counters: [14 14 0 0 0 0 0 0 0 0 ],Thresholds: [0 0 600 600 300 200 120 85 54 35 ]
1744,Queue Length: 2,Counters: [15 0 0 0 0 0 0 0 0 0 ],Thresholds: [0 0 600 600 300 200 120 85 54 35 ]
1745,Queue Length: 2,Counters: [16 0 0 0 0 0 0 0 0 0 ],Thresholds: [0 0 600 600 300 200 120 85 54 35 ]
1746,Queue Length: 6,Counters: [17 1 1 1 1 0 0 0 0 0 ],Thresholds: [0 0 600 600 300 200 120 85 54 35 ]
1747,Queue Length: 6,Counters: [18 2 2 2 2 0 0 0 0 0 ],Thresholds: [0 0 600 600 300 200 120 85 54 35 ]
1748,Queue Length: 6,Counters: [19 3 3 3 3 0 0 0 0 0 ],Thresholds: [0 0 600 600 300 200 120 85 54 35 ]
1749,Queue Length: 6,Counters: [20 4 4 4 4 0 0 0 0 0 ],Thresholds: [0 0 600 600 300 200 120 85 54 35 ]
1750,Queue Length: 6,Counters: [21 5 5 5 5 0 0 0 0 0 ],Thresholds: [0 0 600 600 300 200 120 85 54 35 ]
1751,Queue Length: 6,Counters: [22 6 6 6 6 0 0 0 0 0 ],Thresholds: [0 0 600 600 300 200 120 85 54 35 ]
1752,Queue Length: 6,Counters: [23 7 7 7 7 0 0 0 0 0 ],Thresholds: [0 0 600 600 300 200 120 85 54 35 ]
1753,Queue Length: 6,Counters: [24 8 8 8 8 0 0 0 0 0 ],Thresholds: [0 0 600 600 300 200 120 85 54 35 ]
1754,Queue Length: 6,Counters: [25 9 9 9 9 0 0 0 0 0 ],Thresholds: [0 0 600 600 300 200 120 85 54 35 ]
1755,Queue Length: 6,Counters: [26 10 10 10 10 0 0 0 0 0 ],Thresholds: [0 0 600 600 300 200 120 85 54 35 ]
1756,Queue Length: 6,Counters: [27 11 11 11 11 0 0 0 0 0 ],Thresholds: [0 0 600 600 300 200 120 85 54 35 ]
1757,Queue Length: 6,Counters: [28 12 12 12 12 0 0 0 0 0 ],Thresholds: [0 0 600 600 300 200 120 85 54 35 ]
1758,Queue Length: 6,Counters: [29 13 13 13 13 0 0 0 0 0 ],Thresholds: [0 0 600 600 300 200 120 85 54 35 ]
1759,Queue Length: 6,Counters: [30 14 14 14 14 0 0 0 0 0 ],Thresholds: [0 0 600 600 300 200 120 85 54 35 ]
1760,Queue Length: 6,Counters: [31 15 15 15 15 0 0 0 0 0 ],Thresholds: [0 0 600 600 300 200 120 85 54 35 ]
1761,Queue Length: 6,Counters: [32 16 16 16 16 0 0 0 0 0 ],Thresholds: [0 0 600 600 300 200 120 85 54 35 ]
1762,Queue Length: 6,Counters: [33 17 17 17 17 0 0 0 0 0 ],Thresholds: [0 0 600 600 300 200 120 85 54 35 ]
1763,Queue Length: 6,Counters: [34 18 18 18 18 0 0 0 0 0 ],Thresholds: [0 0 600 600 300 200 120 85 54 35 ]
1764,Queue Length: 6,Counters: [35 19 19 19 19 0 0 0 0 0 ],Thresholds: [0 0 600 600 300 200 120 85 54 35 ]
1765,Queue Length: 6,Counters: [36 20 20 20 20 0 0 0 0 0 ],Thresholds: [0 0 600 600 300 200 120 85 54 35 ]
1766,Queue Length: 6,Counters: [37 21 21 21 21 0 0 0 0 0 ],Thresholds: [0 0 600 600 300 200 120 85 54 35 ]
1767,Queue Length: 6,Counters: [38 22 22 22 22 0 0 0 0 0 ],Thresholds: [0 0 600 600 300 200 120 85 54 35 ]
1768,Queue Length: 6,Counters: [39 23 23 23 23 0 0 0 0 0 ],Thresholds: [0 0 600 600 300 200 120 85 54 35 ]
1769,Queue Length: 6,Counters: [40 24 24 24 24 0 0 0 0 0 ],Thresholds: [0 0 600 600 300 200 120 85 54 35 ]
1770,Queue Length: 6,Counters: [41 25 25 25 25 0 0 0 0 0 ],Thresholds: [0 0 600 600 300 200 120 85 54 35 ]
1771,Queue Length: 6,Counters: [42 26 26 26 26 0 0 0 0 0 ],Thresholds: [0 0 600 600 300 200 120 85 54 35 ]
1772,Queue Length: 6,Counters: [43 27 27 27 27 0 0 0 0 0 ],Thresholds: [0 0 600 600 300 200 120 85 54 35 ]
1773,Queue Length: 6,Counters: [44 28 28 28 28 0 0 0 0 0 ],Thresholds: [0 0 600 600 300 200 120 85 54 35 ]
1774,Queue Length: 6,Counters: [45 29 29 29 29 0 0 0 0 0 ],Thresholds: [0 0 600 600 300 200 120 85 54 35 ]
1775,Queue Length: 6,Counters: [46 30 30 30 30 0 0 0 0 0 ],Thresholds: [0 0 600 600 300 200 120 85 54 35 ]
1776,Queue Length: 6,Counters: [47 31 31 31 31 0 0 0 0 0 ],Thresholds: [0 0 600 600 300 200 120 85 54 35 ]
1777,Queue Length: 6,Counters: [48 32 32 32 32 0 0 0 0 0 ],Thresholds: [0 0 600 600 300 200 120 85 54 35 ]
1778,Queue Length: 6,Counters: [49 33 33 33 33 0 0 0 0 0 ],Thresholds: [0 0 600 600 300 200 120 85 54 35 ]
1779,Queue Length: 6,Counters: [50 34 34 34 34 0 0 0 0 0 ],Thresholds: [0 0 600 600 300 200 120 85 54 35 ]
1780,Queue Length: 6,Counters: [51 35 35 35 35 0 0 0 0 0 ],Thresholds: [0 0 600 600 300 200 120 85 54 35 ]
1781,Queue Length: 6,Counters: [52 36 36 36 36 0 0 0 0 0 ],Thresholds: [0 0 600 600 300 200 120 85 54 35 ]
1782,Queue Length: 6,Counters: [53 37 37 37 37 0 0 0 0 0 ],Thresholds: [0 0 600 600 300 200 120 85 54 35 ]
1783,Queue Length: 6,Counters: [54 38 38 38 38 0 0 0 0 0 ],Thresholds: [0 0 600 600 300 200 120 85 54 35 ]
1784,Queue Length: 6,Counters: [55 39 39 39 39 0 0 0 0 0 ],Thresholds: [0 0 600 600 300 200 120 85 54 35 ]
1785,Queue Length: 6,Counters: [56 40 40 40 40 0 0 0 0 0 ],Thresholds: [0 0 600 600 300 200 120 85 54 35 ]
1786,Queue Length: 6,Counters: [57 41 41 41 41 0 0 0 0 0 ],Thresholds: [0 0 600 600 300 200 120 85 54 35 ]
1787,Queue Length: 6,Counters: [58 42 42 42 42 0 0 0 0 0 ],Thresholds: [0 0 600 600 300 200 120 85 54 35 ]
1788,Queue Length: 6,Counters: [59 43 43 43 43 0 0 0 0 0 ],Thresholds: [0 0 600 600 300 200 120 85 54 35 ]
1789,Queue Length: 6,Counters: [60 44 44 44 44 0 0 0 0 0 ],Thresholds: [0 0 600 600 300 200 120 85 54 35 ]
1790,Queue Length: 6,Counters: [61 45 45 45 45 0 0 0 0 0 ],Thresholds: [0 0 600 600 300 200 120 85 54 35 ]
1791,Queue Length: 6,Counters: [62 46 46 46 46 0 0 0 0 0 ],Thresholds: [0 0 600 600 300 200 120 85 54 35 ]
1792,Queue Length: 6,Counters: [63 47 47 47 47 0 0 0 0 0 ],Thresholds: [0 0 600 600 300 200 120 85 54 35 ]
1793,Queue Length: 6,Counters: [64 48 48 48 48 0 0 0 0 0 ],Thresholds: [0 0 600 600 300 200 120 85 54 35 ]
1794,Queue Length: 6,Counters: [65 49 49 49 49 0 0 0 0 0 ],Thresholds: [0 0 600 600 300 200 120 85 54 35 ]
1795,Queue Length: 6,Counters: [66 50 50 50 50 0 0 0 0 0 ],Thresholds: [0 0 600 600 300 200 120 85 54 35 ]
1796,Queue Length: 6,Counters: [67 51 51 51 51 0 0 0 0 0 ],Thresholds: [0 0 600 600 300 200 120 85 54 35 ]
1797,Queue Length: 5,Counters: [68 52 52 52 0 0 0 0 0 0 ],Thresholds: [0 0 600 600 300 200 120 85 54 35 ]
1798,Queue Length: 4,Counters: [69 53 53 0 0 0 0 0 0 0 ],Thresholds: [0 0 600 600 300 200 120 85 54 35 ]
1799,Queue Length: 3,Counters: [70 54 0 0 0 0 0 0 0 0 ],Thresholds: [0 0 600 600 300 200 120 85 54 35 ]
1800,Queue Length: 2,Counters: [71 0 0 0 0 0 0 0 0 0 ],Thresholds: [0 0 600 600 300 200 120 85 54 35 ]
1801,Queue Length: 2,Counters: [72 0 0 0 0 0 0 0 0 0 ],Thresholds: [0 0 600 600 300 200 120 85 54 35 ]
1802,Queue Length: 6,Counters: [73 1 1 1 1 0 0 0 0 0 ],Thresholds: [0 0 600 600 300 200 120 85 54 35 ]
1803,Queue Length: 6,Counters: [74 2 2 2 2 0 0 0 0 0 ],Thresholds: [0 0 600 600 300 200 120 85 54 35 ]
1804,Queue Length: 6,Counters: [75 3 3 3 3 0 0 0 0 0 ],Thresholds: [0 0 600 600 300 200 120 85 54 35 ]
1805,Queue Length: 6,Counters: [76 4 4 4 4 0 0 0 0 0 ],Thresholds: [0 0 600 600 300 200 120 85 54 35 ]
1806,Queue Length: 6,Counters: [77 5 5 5 5 0 0 0 0 0 ],Thresholds: [0 0 600 600 300 200 120 85 54 35 ]
1807,Queue Length: 6,Counters: [78 6 6 6 6 0 0 0 0 0 ],Thresholds: [0 0 600 600 300 200 120 85 54 35 ]
1808,Queue Length: 6,Counters: [79 7 7 7 7 0 0 0 0 0 ],Thresholds: [0 0 600 600 300 200 120 85 54 35 ]
1809,Queue Length: 6,Counters: [80 8 8 8 8 0 0 0 0 0 ],Thresholds: [0 0 600 600 300 200 120 85 54 35 ]
1810,Queue Length: 6,Counters: [81 9 9 9 9 0 0 0 0 0 ],Thresholds: [0 0 600 600 300 200 120 85 54 35 ]
1811,Queue Length: 5,Counters: [82 10 10 10 0 0 0 0 0 0 ],Thresholds: [0 0 600 600 300 200 120 85 54 35 ]
1812,Queue Length: 4,Counters: [83 11 11 0 0 0 0 0 0 0 ],Thresholds: [0 0 600 600 300 200 120 85 54 35 ]
1813,Queue Length: 3,Counters: [84 12 0 0 0 0 0 0 0 0 ],Thresholds: [0 0 600 600 300 200 120 85 54 35 ]
1814,Queue Length: 2,Counters: [85 0 0 0 0 0 0 0 0 0 ],Thresholds: [0 0 600 600 300 200 120 85 54 35 ]
1815,Queue Length: 3,Counters: [86 1 0 0 0 0 0 0 0 0 ],Thresholds: [0 0 600 600 300 200 120 85 54 35 ]
1816,Queue Length: 6,Counters: [87 2 1 1 1 0 0 0 0 0 ],Thresholds: [0 0 600 600 300 200 120 85 54 35 ]
1817,Queue Length: 6,Counters: [88 3 2 2 2 0 0 0 0 0 ],Thresholds: [0 0 600 600 300 200 120 85 54 35 ]
1818,Queue Length: 6,Counters: [89 4 3 3 3 0 0 0 0 0 ],Thresholds: [0 0 600 600 300 200 120 85 54 35 ]
1819,Queue Length: 6,Counters: [90 5 4 4 4 0 0 0 0 0 ],Thresholds: [0 0 600 600 300 200 120 85 54 35 ]
1820,Queue Length: 6,Counters: [91 6 5 5 5 0 0 0 0 0 ],Thresholds: [0 0 600 600 300 200 120 85 54 35 ]
1821,Queue Length: 6,Counters: [92 7 6 6 6 0 0 0 0 0 ],Thresholds: [0 0 600 600 300 200 120 85 54 35 ]
1822,Queue Length: 6,Counters: [93 8 7 7 7 0 0 0 0 0 ],Thresholds: [0 0 600 600 300 200 120 85 54 35 ]
1823,Queue Length: 6,Counters: [94 9 8 8 8 0 0 0 0 0 ],Thresholds: [0 0 600 600 300 200 120 85 54 35 ]
1824,Queue Length: 6,Counters: [95 10 9 9 9 0 0 0 0 0 ],Thresholds: [0 0 600 600 300 200 120 85 54 35 ]
1825,Queue Length: 6,Counters: [96 11 10 10 10 0 0 0 0 0 ],Thresholds: [0 0 600 600 300 200 120 85 54 35 ]
1826,Queue Length: 6,Counters: [97 12 11 11 11 0 0 0 0 0 ],Thresholds: [0 0 600 600 300 200 120 85 54 35 ]
1827,Queue Length: 5,Counters: [98 13 12 12 0 0 0 0 0 0 ],Thresholds: [0 0 600 600 300 200 120 85 54 35 ]
1828,Queue Length: 4,Counters: [99 14 13 0 0 0 0 0 0 0 ],Thresholds: [0 0 600 600 300 200 120 85 54 35 ]
1829,Queue Length: 3,Counters: [100 15 0 0 0 0 0 0 0 0 ],Thresholds: [0 0 600 600 300 200 120 85 54 35 ]
1830,Queue Length: 2,Counters: [101 0 0 0 0 0 0 0 0 0 ],Thresholds: [0 0 600 600 300 200 120 85 54 35 ]
1831,Queue Length: 2,Counters: [102 0 0 0 0 0 0 0 0 0 ],Thresholds: [0 0 600 600 300 200 120 85 54 35 ]
1832,Queue Length: 2,Counters: [103 0 0 0 0 0 0 0 0 0 ],Thresholds: [0 0 600 600 300 200 120 85 54 35 ]
1833,Queue Length: 6,Counters: [104 1 1 1 1 0 0 0 0 0 ],Thresholds: [0 0 600 600 300 200 120 85 54 35 ]
1834,Queue Length: 6,Counters: [105 2 2 2 2 0 0 0 0 0 ],Thresholds: [0 0 600 600 300 200 120 85 54 35 ]
1835,Queue Length: 6,Counters: [106 3 3 3 3 0 0 0 0 0 ],Thresholds: [0 0 600 600 300 200 120 85 54 35 ]
1836,Queue Length: 6,Counters: [107 4 4 4 4 0 0 0 0 0 ],Thresholds: [0 0 600 600 300 200 120 85 54 35 ]
1837,Queue Length: 6,Counters: [108 5 5 5 5 0 0 0 0 0 ],Thresholds: [0 0 600 600 300 200 120 85 54 35 ]
1838,Queue Length: 6,Counters: [109 6 6 6 6 0 0 0 0 0 ],Thresholds: [0 0 600 600 300 200 120 85 54 35 ]
1839,Queue Length: 6,Counters: [110 7 7 7 7 0 0 0 0 0 ],Thresholds: [0 0 600 600 300 200 120 85 54 35 ]
1840,Queue Length: 6,Counters: [111 8 8 8 8 0 0 0 0 0 ],Thresholds: [0 0 600 600 300 200 120 85 54 35 ]
1841,Queue Length: 6,Counters: [112 9 9 9 9 0 0 0 0 0 ],Thresholds: [0 0 600 600 300 200 120 85 54 35 ]
1842,Queue Length: 6,Counters: [113 10 10 10 10 0 0 0 0 0 ],Thresholds: [0 0 600 600 300 200 120 85 54 35 ]
1843,Queue Length: 6,Counters: [114 11 11 11 11 0 0 0 0 0 ],Thresholds: [0 0 600 600 300 200 120 85 54 35 ]
1844,Queue Length: 6,Counters: [115 12 12 12 12 0 0 0 0 0 ],Thresholds: [0 0 600 600 300 200 120 85 54 35 ]
1845,Queue Length: 6,Counters: [116 13 13 13 13 0 0 0 0 0 ],Thresholds: [0 0 600 600 300 200 120 85 54 35 ]
1846,Queue Length: 6,Counters: [117 14 14 14 14 0 0 0 0 0 ],Thresholds: [0 0 600 600 300 200 120 85 54 35 ]
1847,Queue Length: 6,Counters: [118 15 15 15 15 0 0 0 0 0 ],Thresholds: [0 0 600 600 300 200 120 85 54 35 ]
1848,Queue Length: 6,Counters: [119 16 16 16 16 0 0 0 0 0 ],Thresholds: [0 0 600 600 300 200 120 85 54 35 ]
1849,Queue Length: 6,Counters: [120 17 17 17 17 0 0 0 0 0 ],Thresholds: [0 0 600 600 300 200 120 85 54 35 ]
1850,Queue Length: 6,Counters: [121 18 18 18 18 0 0 0 0 0 ],Thresholds: [0 0 600 600 300 200 120 85 54 35 ]
1851,Queue Length: 6,Counters: [122 19 19 19 19 0 0 0 0 0 ],Thresholds: [0 0 600 600 300 200 120 85 54 35 ]
1852,Queue Length: 6,Counters: [123 20 20 20 20 0 0 0 0 0 ],Thresholds: [0 0 600 600 300 200 120 85 54 35 ]
1853,Queue Length: 6,Counters: [124 21 21 21 21 0 0 0 0 0 ],Thresholds: [0 0 600 600 300 200 120 85 54 35 ]
1854,Queue Length: 6,Counters: [125 22 22 22 22 0 0 0 0 0 ],Thresholds: [0 0 600 600 300 200 120 85 54 35 ]
1855,Queue Length: 6,Counters: [126 23 23 23 23 0 0 0 0 0 ],Thresholds: [0 0 600 600 300 200 120 85 54 35 ]
1856,Queue Length: 6,Counters: [127 24 24 24 24 0 0 0 0 0 ],Thresholds: [0 0 600 600 300 200 120 85 54 35 ]
1857,Queue Length: 6,Counters: [128 25 25 25 25 0 0 0 0 0 ],Thresholds: [0 0 600 600 300 200 120 85 54 35 ]
1858,Queue Length: 6,Counters: [129 26 26 26 26 0 0 0 0 0 ],Thresholds: [0 0 600 600 300 200 120 85 54 35 ]
1859,Queue Length: 6,Counters: [130 27 27 27 27 0 0 0 0 0 ],Thresholds: [0 0 600 600 300 200 120 85 54 35 ]
1860,Queue Length: 6,Counters: [131 28 28 28 28 0 0 0 0 0 ],Thresholds: [0 0 600 600 300 200 120 85 54 35 ]
1861,Queue Length: 6,Counters: [132 29 29 29 29 0 0 0 0 0 ],Thresholds: [0 0 600 600 300 200 120 85 54 35 ]
1862,Queue Length: 6,Counters: [133 30 30 30 30 0 0 0 0 0 ],Thresholds: [0 0 600 600 300 200 120 85 54 35 ]
1863,Queue Length: 6,Counters: [134 31 31 31 31 0 0 0 0 0 ],Thresholds: [0 0 600 600 300 200 120 85 54 35 ]
1864,Queue Length: 6,Counters: [135 32 32 32 32 0 0 0 0 0 ],Thresholds: [0 0 600 600 300 200 120 85 54 35 ]
1865,Queue Length: 6,Counters: [136 33 33 33 33 0 0 0 0 0 ],Thresholds: [0 0 600 600 300 200 120 85 54 35 ]
1866,Queue Length: 6,Counters: [137 34 34 34 34 0 0 0 0 0 ],Thresholds: [0 0 600 600 300 200 120 85 54 35 ]
1867,Queue Length: 6,Counters: [138 35 35 35 35 0 0 0 0 0 ],Thresholds: [0 0 600 600 300 200 120 85 54 35 ]
1868,Queue Length: 6,Counters: [139 36 36 36 36 0 0 0 0 0 ],Thresholds: [0 0 600 600 300 200 120 85 54 35 ]
1869,Queue Length: 6,Counters: [140 37 37 37 37 0 0 0 0 0 ],Thresholds: [0 0 600 600 300 200 120 85 54 35 ]
1870,Queue Length: 6,Counters: [141 38 38 38 38 0 0 0 0 0 ],Thresholds: [0 0 600 600 300 200 120 85 54 35 ]
1871,Queue Length: 6,Counters: [142 39 39 39 39 0 0 0 0 0 ],Thresholds: [0 0 600 600 300 200 120 85 54 35 ]
1872,Queue Length: 6,Counters: [143 40 40 40 40 0 0 0 0 0 ],Thresholds: [0 0 600 600 300 200 120 85 54 35 ]
1873,Queue Length: 6,Counters: [144 41 41 41 41 0 0 0 0 0 ],Thresholds: [0 0 600 600 300 200 120 85 54 35 ]
1874,Queue Length: 6,Counters: [145 42 42 42 42 0 0 0 0 0 ],Thresholds: [0 0 600 600 300 200 120 85 54 35 ]
1875,Queue Length: 6,Counters: [146 43 43 43 43 0 0 0 0 0 ],Thresholds: [0 0 600 600 300 200 120 85 54 35 ]
1876,Queue Length: 6,Counters: [147 44 44 44 44 0 0 0 0 0 ],Thresholds: [0 0 600 600 300 200 120 85 54 35 ]
1877,Queue Length: 6,Counters: [148 45 45 45 45 0 0 0 0 0 ],Thresholds: [0 0 600 600 300 200 120 85 54 35 ]
1878,Queue Length: 6,Counters: [149 46 46 46 46 0 0 0 0 0 ],Thresholds: [0 0 600 600 300 200 120 85 54 35 ]
1879,Queue Length: 6,Counters: [150 47 47 47 47 0 0 0 0 0 ],Thresholds: [0 0 600 600 300 200 120 85 54 35 ]
1880,Queue Length: 6,Counters: [151 48 48 48 48 0 0 0 0 0 ],Thresholds: [0 0 600 600 300 200 120 85 54 35 ]
1881,Queue Length: 6,Counters: [152 49 49 49 49 0 0 0 0 0 ],Thresholds: [0 0 600 600 300 200 120 85 54 35 ]
1882,Queue Length: 6,Counters: [153 50 50 50 50 0 0 0 0 0 ],Thresholds: [0 0 600 600 300 200 120 85 54 35 ]
1883,Queue Length: 6,Counters: [154 51 51 51 51 0 0 0 0 0 ],Thresholds: [0 0 600 600 300 200 120 85 54 35 ]
1884,Queue Length: 6,Counters: [155 52 52 52 52 0 0 0 0 0 ],Thresholds: [0 0 600 600 300 200 120 85 54 35 ]
1885,Queue Length: 6,Counters: [156 53 53 53 53 0 0 0 0 0 ],Thresholds: [0 0 600 600 300 200 120 85 54 35 ]
1886,Queue Length: 6,Counters: [157 54 54 54 54 0 0 0 0 0 ],Thresholds: [0 0 600 600 300 200 120 85 54 35 ]
1887,Queue Length: 6,Counters: [158 55 55 55 55 0 0 0 0 0 ],Thresholds: [0 0 600 600 300 200 120 85 54 35 ]
1888,Queue Length: 6,Counters: [159 56 56 56 56 0 0 0 0 0 ],Thresholds: [0 0 600 600 300 200 120 85 54 35 ]
1889,Queue Length: 6,Counters: [160 57 57 57 57 0 0 0 0 0 ],Thresholds: [0 0 600 600 300 200 120 85 54 35 ]
1890,Queue Length: 6,Counters: [161 58 58 58 58 0 0 0 0 0 ],Thresholds: [0 0 600 600 300 200 120 85 54 35 ]
1891,Queue Length: 6,Counters: [162 59 59 59 59 0 0 0 0 0 ],Thresholds: [0 0 600 600 300 200 120 85 54 35 ]
1892,Queue Length: 6,Counters: [163 60 60 60 60 0 0 0 0 0 ],Thresholds: [0 0 600 600 300 200 120 85 54 35 ]
1893,Queue Length: 6,Counters: [164 61 61 61 61 0 0 0 0 0 ],Thresholds: [0 0 600 600 300 200 120 85 54 35 ]
1894,Queue Length: 6,Counters: [165 62 62 62 62 0 0 0 0 0 ],Thresholds: [0 0 600 600 300 200 120 85 54 35 ]
1895,Queue Length: 6,Counters: [166 63 63 63 63 0 0 0 0 0 ],Thresholds: [0 0 600 600 300 200 120 85 54 35 ]
1896,Queue Length: 6,Counters: [167 64 64 64 64 0 0 0 0 0 ],Thresholds: [0 0 600 600 300 200 120 85 54 35 ]
1897,Queue Length: 6,Counters: [168 65 65 65 65 0 0 0 0 0 ],Thresholds: [0 0 600 600 300 200 120 85 54 35 ]
1898,Queue Length: 6,Counters: [169 66 66 66 66 0 0 0 0 0 ],Thresholds: [0 0 600 600 300 200 120 85 54 35 ]
1899,Queue Length: 6,Counters: [170 67 67 67 67 0 0 0 0 0 ],Thresholds: [0 0 600 600 300 200 120 85 54 35 ]
1900,Queue Length: 6,Counters: [171 68 68 68 68 0 0 0 0 0 ],Thresholds: [0 0 600 600 300 200 120 85 54 35 ]
1901,Queue Length: 6,Counters: [172 69 69 69 69 0 0 0 0 0 ],Thresholds: [0 0 600 600 300 200 120 85 54 35 ]
1902,Queue Length: 6,Counters: [173 70 70 70 70 0 0 0 0 0 ],Thresholds: [0 0 600 600 300 200 120 85 54 35 ]
1903,Queue Length: 6,Counters: [174 71 71 71 71 0 0 0 0 0 ],Thresholds: [0 0 600 600 300 200 120 85 54 35 ]
1904,Queue Length: 6,Counters: [175 72 72 72 72 0 0 0 0 0 ],Thresholds: [0 0 600 600 300 200 120 85 54 35 ]
1905,Queue Length: 6,Counters: [176 73 73 73 73 0 0 0 0 0 ],Thresholds: [0 0 600 600 300 200 120 85 54 35 ]
1906,Queue Length: 6,Counters: [177 74 74 74 74 0 0 0 0 0 ],Thresholds: [0 0 600 600 300 200 120 85 54 35 ]
1907,Queue Length: 6,Counters: [178 75 75 75 75 0 0 0 0 0 ],Thresholds: [0 0 600 600 300 200 120 85 54 35 ]
1908,Queue Length: 6,Counters: [179 76 76 76 76 0 0 0 0 0 ],Thresholds: [0 0 600 600 300 200 120 85 54 35 ]
1909,Queue Length: 6,Counters: [180 77 77 77 77 0 0 0 0 0 ],Thresholds: [0 0 600 600 300 200 120 85 54 35 ]
1910,Queue Length: 6,Counters: [181 78 78 78 78 0 0 0 0 0 ],Thresholds: [0 0 600 600 300 200 120 85 54 35 ]
1911,Queue Length: 6,Counters: [182 79 79 79 79 0 0 0 0 0 ],Thresholds: [0 0 600 600 300 200 120 85 54 35 ]
1912,Queue Length: 6,Counters: [183 80 80 80 80 0 0 0 0 0 ],Thresholds: [0 0 600 600 300 200 120 85 54 35 ]
1913,Queue Length: 6,Counters: [184 81 81 81 81 0 0 0 0 0 ],Thresholds: [0 0 600 600 300 200 120 85 54 35 ]
1914,Queue Length: 6,Counters: [185 82 82 82 82 0 0 0 0 0 ],Thresholds: [0 0 600 600 300 200 120 85 54 35 ]
1915,Queue Length: 6,Counters: [186 83 83 83 83 0 0 0 0 0 ],Thresholds: [0 0 600 600 300 200 120 85 54 35 ]
1916,Queue Length: 6,Counters: [187 84 84 84 84 0 0 0 0 0 ],Thresholds: [0 0 600 600 300 200 120 85 54 35 ]
1917,Queue Length: 6,Counters: [188 85 85 85 85 0 0 0 0 0 ],Thresholds: [0 0 600 600 300 200 120 85 54 35 ]
1918,Queue Length: 6,Counters: [189 86 86 86 86 0 0 0 0 0 ],Thresholds: [0 0 600 600 300 200 120 85 54 35 ]
1919,Queue Length: 6,Counters: [190 87 87 87 87 0 0 0 0 0 ],Thresholds: [0 0 600 600 300 200 120 85 54 35 ]
1920,Queue Length: 6,Counters: [191 88 88 88 88 0 0 0 0 0 ],Thresholds: [0 0 600 600 300 200 120 85 54 35 ]
1921,Queue Length: 6,Counters: [192 89 89 89 89 0 0 0 0 0 ],Thresholds: [0 0 600 600 300 200 120 85 54 35 ]
1922,Queue Length: 6,Counters: [193 90 90 90 90 0 0 0 0 0 ],Thresholds: [0 0 600 600 300 200 120 85 54 35 ]
1923,Queue Length: 6,Counters: [194 91 91 91 91 0 0 0 0 0 ],Thresholds: [0 0 600 600 300 200 120 85 54 35 ]
1924,Queue Length: 6,Counters: [195 92 92 92 92 0 0 0 0 0 ],Thresholds: [0 0 600 600 300 200 120 85 54 35 ]
1925,Queue Length: 6,Counters: [196 93 93 93 93 0 0 0 0 0 ],Thresholds: [0 0 600 600 300 200 120 85 54 35 ]
1926,Queue Length: 5,Counters: [197 94 94 94 0 0 0 0 0 0 ],Thresholds: [0 0 600 600 300 200 120 85 54 35 ]
1927,Queue Length: 4,Counters: [198 95 95 0 0 0 0 0 0 0 ],Thresholds: [0 0 600 600 300 200 120 85 54 35 ]
1928,Queue Length: 3,Counters: [199 96 0 0 0 0 0 0 0 0 ],Thresholds: [0 0 600 600 300 200 120 85 54 35 ]
1929,Queue Length: 2,Counters: [200 0 0 0 0 0 0 0 0 0 ],Thresholds: [0 0 600 600 300 200 120 85 54 35 ]
1930,Queue Length: 3,Counters: [201 1 0 0 0 0 0 0 0 0 ],Thresholds: [0 0 600 600 300 200 120 85 54 35 ]
1931,Queue Length: 6,Counters: [202 2 1 1 1 0 0 0 0 0 ],Thresholds: [0 0 600 600 300 200 120 85 54 35 ]
1932,Queue Length: 6,Counters: [203 3 2 2 2 0 0 0 0 0 ],Thresholds: [0 0 600 600 300 200 120 85 54 35 ]
1933,Queue Length: 6,Counters: [204 4 3 3 3 0 0 0 0 0 ],Thresholds: [0 0 600 600 300 200 120 85 54 35 ]
1934,Queue Length: 6,Counters: [205 5 4 4 4 0 0 0 0 0 ],Thresholds: [0 0 600 600 300 200 120 85 54 35 ]
1935,Queue Length: 6,Counters: [206 6 5 5 5 0 0 0 0 0 ],Thresholds: [0 0 600 600 300 200 120 85 54 35 ]
1936,Queue Length: 6,Counters: [207 7 6 6 6 0 0 0 0 0 ],Thresholds: [0 0 600 600 300 200 120 85 54 35 ]
1937,Queue Length: 6,Counters: [208 8 7 7 7 0 0 0 0 0 ],Thresholds: [0 0 600 600 300 200 120 85 54 35 ]
1938,Queue Length: 6,Counters: [209 9 8 8 8 0 0 0 0 0 ],Thresholds: [0 0 600 600 300 200 120 85 54 35 ]
1939,Queue Length: 6,Counters: [210 10 9 9 9 0 0 0 0 0 ],Thresholds: [0 0 600 600 300 200 120 85 54 35 ]
1940,Queue Length: 6,Counters: [211 11 10 10 10 0 0 0 0 0 ],Thresholds: [0 0 600 600 300 200 120 85 54 35 ]
1941,Queue Length: 6,Counters: [212 12 11 11 11 0 0 0 0 0 ],Thresholds: [0 0 600 600 300 200 120 85 54 35 ]
1942,Queue Length: 6,Counters: [213 13 12 12 12 0 0 0 0 0 ],Thresholds: [0 0 600 600 300 200 120 85 54 35 ]
1943,Queue Length: 6,Counters: [214 14 13 13 13 0 0 0 0 0 ],Thresholds: [0 0 600 600 300 200 120 85 54 35 ]
1944,Queue Length: 6,Counters: [215 15 14 14 14 0 0 0 0 0 ],Thresholds: [0 0 600 600 300 200 120 85 54 35 ]
1945,Queue Length: 6,Counters: [216 16 15 15 15 0 0 0 0 0 ],Thresholds: [0 0 600 600 300 200 120 85 54 35 ]
1946,Queue Length: 6,Counters: [217 17 16 16 16 0 0 0 0 0 ],Thresholds: [0 0 600 600 300 200 120 85 54 35 ]
1947,Queue Length: 6,Counters: [218 18 17 17 17 0 0 0 0 0 ],Thresholds: [0 0 600 600 300 200 120 85 54 35 ]
1948,Queue Length: 6,Counters: [219 19 18 18 18 0 0 0 0 0 ],Thresholds: [0 0 600 600 300 200 120 85 54 35 ]
1949,Queue Length: 6,Counters: [220 20 19 19 19 0 0 0 0 0 ],Thresholds: [0 0 600 600 300 200 120 85 54 35 ]
1950,Queue Length: 6,Counters: [221 21 20 20 20 0 0 0 0 0 ],Thresholds: [0 0 600 600 300 200 120 85 54 35 ]
1951,Queue Length: 6,Counters: [222 22 21 21 21 0 0 0 0 0 ],Thresholds: [0 0 600 600 300 200 120 85 54 35 ]
1952,Queue Length: 6,Counters: [223 23 22 22 22 0 0 0 0 0 ],Thresholds: [0 0 600 600 300 200 120 85 54 35 ]
1953,Queue Length: 6,Counters: [224 24 23 23 23 0 0 0 0 0 ],Thresholds: [0 0 600 600 300 200 120 85 54 35 ]
1954,Queue Length: 6,Counters: [225 25 24 24 24 0 0 0 0 0 ],Thresholds: [0 0 600 600 300 200 120 85 54 35 ]
1955,Queue Length: 6,Counters: [226 26 25 25 25 0 0 0 0 0 ],Thresholds: [0 0 600 600 300 200 120 85 54 35 ]
1956,Queue Length: 6,Counters: [227 27 26 26 26 0 0 0 0 0 ],Thresholds: [0 0 600 600 300 200 120 85 54 35 ]
1957,Queue Length: 6,Counters: [228 28 27 27 27 0 0 0 0 0 ],Thresholds: [0 0 600 600 300 200 120 85 54 35 ]
1958,Queue Length: 6,Counters: [229 29 28 28 28 0 0 0 0 0 ],Thresholds: [0 0 600 600 300 200 120 85 54 35 ]
1959,Queue Length: 6,Counters: [230 30 29 29 29 0 0 0 0 0 ],Thresholds: [0 0 600 600 300 200 120 85 54 35 ]
1960,Queue Length: 6,Counters: [231 31 30 30 30 0 0 0 0 0 ],Thresholds: [0 0 600 600 300 200 120 85 54 35 ]
1961,Queue Length: 6,Counters: [232 32 31 31 31 0 0 0 0 0 ],Thresholds: [0 0 600 600 300 200 120 85 54 35 ]
1962,Queue Length: 6,Counters: [233 33 32 32 32 0 0 0 0 0 ],Thresholds: [0 0 600 600 300 200 120 85 54 35 ]
1963,Queue Length: 6,Counters: [234 34 33 33 33 0 0 0 0 0 ],Thresholds: [0 0 600 600 300 200 120 85 54 35 ]
1964,Queue Length: 6,Counters: [235 35 34 34 34 0 0 0 0 0 ],Thresholds: [0 0 600 600 300 200 120 85 54 35 ]
1965,Queue Length: 6,Counters: [236 36 35 35 35 0 0 0 0 0 ],Thresholds: [0 0 600 600 300 200 120 85 54 35 ]
1966,Queue Length: 6,Counters: [237 37 36 36 36 0 0 0 0 0 ],Thresholds: [0 0 600 600 300 200 120 85 54 35 ]
1967,Queue Length: 6,Counters: [238 38 37 37 37 0 0 0 0 0 ],Thresholds: [0 0 600 600 300 200 120 85 54 35 ]
1968,Queue Length: 5,Counters: [239 39 38 38 0 0 0 0 0 0 ],Thresholds: [0 0 600 600 300 200 120 85 54 35 ]
1969,Queue Length: 4,Counters: [240 40 39 0 0 0 0 0 0 0 ],Thresholds: [0 0 600 600 300 200 120 85 54 35 ]
1970,Queue Length: 3,Counters: [241 41 0 0 0 0 0 0 0 0 ],Thresholds: [0 0 600 600 300 200 120 85 54 35 ]
1971,Queue Length: 2,Counters: [242 0 0 0 0 0 0 0 0 0 ],Thresholds: [0 0 600 600 300 200 120 85 54 35 ]
1972,Queue Length: 3,Counters: [243 1 0 0 0 0 0 0 0 0 ],Thresholds: [0 0 600 600 300 200 120 85 54 35 ]
1973,Queue Length: 6,Counters: [244 2 1 1 1 0 0 0 0 0 ],Thresholds: [0 0 600 600 300 200 120 85 54 35 ]
1974,Queue Length: 6,Counters: [245 3 2 2 2 0 0 0 0 0 ],Thresholds: [0 0 600 600 300 200 120 85 54 35 ]
1975,Queue Length: 6,Counters: [246 4 3 3 3 0 0 0 0 0 ],Thresholds: [0 0 600 600 300 200 120 85 54 35 ]
1976,Queue Length: 6,Counters: [247 5 4 4 4 0 0 0 0 0 ],Thresholds: [0 0 600 600 300 200 120 85 54 35 ]
1977,Queue Length: 6,Counters: [248 6 5 5 5 0 0 0 0 0 ],Thresholds: [0 0 600 600 300 200 120 85 54 35 ]
1978,Queue Length: 6,Counters: [249 7 6 6 6 0 0 0 0 0 ],Thresholds: [0 0 600 600 300 200 120 85 54 35 ]
1979,Queue Length: 6,Counters: [250 8 7 7 7 0 0 0 0 0 ],Thresholds: [0 0 600 600 300 200 120 85 54 35 ]
1980,Queue Length: 6,Counters: [251 9 8 8 8 0 0 0 0 0 ],Thresholds: [0 0 600 600 300 200 120 85 54 35 ]
1981,Queue Length: 6,Counters: [252 10 9 9 9 0 0 0 0 0 ],Thresholds: [0 0 600 600 300 200 120 85 54 35 ]
1982,Queue Length: 6,Counters: [253 11 10 10 10 0 0 0 0 0 ],Thresholds: [0 0 600 600 300 200 120 85 54 35 ]
1983,Queue Length: 6,Counters: [254 12 11 11 11 0 0 0 0 0 ],Thresholds: [0 0 600 600 300 200 120 85 54 35 ]
1984,Queue Length: 6,Counters: [255 13 12 12 12 0 0 0 0 0 ],Thresholds: [0 0 600 600 300 200 120 85 54 35 ]
1985,Queue Length: 6,Counters: [256 14 13 13 13 0 0 0 0 0 ],Thresholds: [0 0 600 600 300 200 120 85 54 35 ]
1986,Queue Length: 6,Counters: [257 15 14 14 14 0 0 0 0 0 ],Thresholds: [0 0 600 600 300 200 120 85 54 35 ]
1987,Queue Length: 6,Counters: [258 16 15 15 15 0 0 0 0 0 ],Thresholds: [0 0 600 600 300 200 120 85 54 35 ]
1988,Queue Length: 6,Counters: [259 17 16 16 16 0 0 0 0 0 ],Thresholds: [0 0 600 600 300 200 120 85 54 35 ]
1989,Queue Length: 6,Counters: [260 18 17 17 17 0 0 0 0 0 ],Thresholds: [0 0 600 600 300 200 120 85 54 35 ]
1990,Queue Length: 6,Counters: [261 19 18 18 18 0 0 0 0 0 ],Thresholds: [0 0 600 600 300 200 120 85 54 35 ]
1991,Queue Length: 6,Counters: [262 20 19 19 19 0 0 0 0 0 ],Thresholds: [0 0 600 600 300 200 120 85 54 35 ]
1992,Queue Length: 6,Counters: [263 21 20 20 20 0 0 0 0 0 ],Thresholds: [0 0 600 600 300 200 120 85 54 35 ]
1993,Queue Length: 6,Counters: [264 22 21 21 21 0 0 0 0 0 ],Thresholds: [0 0 600 600 300 200 120 85 54 35 ]
1994,Queue Length: 6,Counters: [265 23 22 22 22 0 0 0 0 0 ],Thresholds: [0 0 600 600 300 200 120 85 54 35 ]
1995,Queue Length: 6,Counters: [266 24 23 23 23 0 0 0 0 0 ],Thresholds: [0 0 600 600 300 200 120 85 54 35 ]
1996,Queue Length: 6,Counters: [267 25 24 24 24 0 0 0 0 0 ],Thresholds: [0 0 600 600 300 200 120 85 54 35 ]
1997,Queue Length: 6,Counters: [268 26 25 25 25 0 0 0 0 0 ],Thresholds: [0 0 600 600 300 200 120 85 54 35 ]
1998,Queue Length: 6,Counters: [269 27 26 26 26 0 0 0 0 0 ],Thresholds: [0 0 600 600 300 200 120 85 54 35 ]
1999,Queue Length: 6,Counters: [270 28 27 27 27 0 0 0 0 0 ],Thresholds: [0 0 600 600 300 200 120 85 54 35 ]
2000,Queue Length: 6,Counters: [271 29 28 28 28 0 0 0 0 0 ],Thresholds: [0 0 600 600 300 200 120 85 54 35 ]
2001,Queue Length: 6,Counters: [272 30 29 29 29 0 0 0 0 0 ],Thresholds: [0 0 600 600 300 200 120 85 54 35 ]
2002,Queue Length: 6,Counters: [273 31 30 30 30 0 0 0 0 0 ],Thresholds: [0 0 600 600 300 200 120 85 54 35 ]
2003,Queue Length: 6,Counters: [274 32 31 31 31 0 0 0 0 0 ],Thresholds: [0 0 600 600 300 200 120 85 54 35 ]
2004,Queue Length: 6,Counters: [275 33 32 32 32 0 0 0 0 0 ],Thresholds: [0 0 600 600 300 200 120 85 54 35 ]
2005,Queue Length: 6,Counters: [276 34 33 33 33 0 0 0 0 0 ],Thresholds: [0 0 600 600 300 200 120 85 54 35 ]
2006,Queue Length: 6,Counters: [277 35 34 34 34 0 0 0 0 0 ],Thresholds: [0 0 600 600 300 200 120 85 54 35 ]
2007,Queue Length: 6,Counters: [278 36 35 35 35 0 0 0 0 0 ],Thresholds: [0 0 600 600 300 200 120 85 54 35 ]
2008,Queue Length: 6,Counters: [279 37 36 36 36 0 0 0 0 0 ],Thresholds: [0 0 600 600 300 200 120 85 54 35 ]
2009,Queue Length: 6,Counters: [280 38 37 37 37 0 0 0 0 0 ],Thresholds: [0 0 600 600 300 200 120 85 54 35 ]
2010,Queue Length: 6,Counters: [281 39 38 38 38 0 0 0 0 0 ],Thresholds: [0 0 600 600 300 200 120 85 54 35 ]
2011,Queue Length: 6,Counters: [282 40 39 39 39 0 0 0 0 0 ],Thresholds: [0 0 600 600 300 200 120 85 54 35 ]
2012,Queue Length: 6,Counters: [283 41 40 40 40 0 0 0 0 0 ],Thresholds: [0 0 600 600 300 200 120 85 54 35 ]
2013,Queue Length: 6,Counters: [284 42 41 41 41 0 0 0 0 0 ],Thresholds: [0 0 600 600 300 200 120 85 54 35 ]
2014,Queue Length: 6,Counters: [285 43 42 42 42 0 0 0 0 0 ],Thresholds: [0 0 600 600 300 200 120 85 54 35 ]
2015,Queue Length: 6,Counters: [286 44 43 43 43 0 0 0 0 0 ],Thresholds: [0 0 600 600 300 200 120 85 54 35 ]
2016,Queue Length: 6,Counters: [287 45 44 44 44 0 0 0 0 0 ],Thresholds: [0 0 600 600 300 200 120 85 54 35 ]
2017,Queue Length: 6,Counters: [288 46 45 45 45 0 0 0 0 0 ],Thresholds: [0 0 600 600 300 200 120 85 54 35 ]
2018,Queue Length: 6,Counters: [289 47 46 46 46 0 0 0 0 0 ],Thresholds: [0 0 600 600 300 200 120 85 54 35 ]
2019,Queue Length: 6,Counters: [290 48 47 47 47 0 0 0 0 0 ],Thresholds: [0 0 600 600 300 200 120 85 54 35 ]
2020,Queue Length: 6,Counters: [291 49 48 48 48 0 0 0 0 0 ],Thresholds: [0 0 600 600 300 200 120 85 54 35 ]
2021,Queue Length: 6,Counters: [292 50 49 49 49 0 0 0 0 0 ],Thresholds: [0 0 600 600 300 200 120 85 54 35 ]
2022,Queue Length: 6,Counters: [293 51 50 50 50 0 0 0 0 0 ],Thresholds: [0 0 600 600 300 200 120 85 54 35 ]
2023,Queue Length: 6,Counters: [294 52 51 51 51 0 0 0 0 0 ],Thresholds: [0 0 600 600 300 200 120 85 54 35 ]
2024,Queue Length: 6,Counters: [295 53 52 52 52 0 0 0 0 0 ],Thresholds: [0 0 600 600 300 200 120 85 54 35 ]
2025,Queue Length: 6,Counters: [296 54 53 53 53 0 0 0 0 0 ],Thresholds: [0 0 600 600 300 200 120 85 54 35 ]
2026,Queue Length: 6,Counters: [297 55 54 54 54 0 0 0 0 0 ],Thresholds: [0 0 600 600 300 200 120 85 54 35 ]
2027,Queue Length: 6,Counters: [298 56 55 55 55 0 0 0 0 0 ],Thresholds: [0 0 600 600 300 200 120 85 54 35 ]
2028,Queue Length: 6,Counters: [299 57 56 56 56 0 0 0 0 0 ],Thresholds: [0 0 600 600 300 200 120 85 54 35 ]
2029,Queue Length: 6,Counters: [300 58 57 57 57 0 0 0 0 0 ],Thresholds: [0 0 600 600 300 200 120 85 54 35 ]
2030,Queue Length: 6,Counters: [301 59 58 58 58 0 0 0 0 0 ],Thresholds: [0 0 600 600 300 200 120 85 54 35 ]
2031,Queue Length: 6,Counters: [302 60 59 59 59 0 0 0 0 0 ],Thresholds: [0 0 600 600 300 200 120 85 54 35 ]
2032,Queue Length: 6,Counters: [303 61 60 60 60 0 0 0 0 0 ],Thresholds: [0 0 600 600 300 200 120 85 54 35 ]
2033,Queue Length: 6,Counters: [304 62 61 61 61 0 0 0 0 0 ],Thresholds: [0 0 600 600 300 200 120 85 54 35 ]
2034,Queue Length: 6,Counters: [305 63 62 62 62 0 0 0 0 0 ],Thresholds: [0 0 600 600 300 200 120 85 54 35 ]
2035,Queue Length: 6,Counters: [306 64 63 63 63 0 0 0 0 0 ],Thresholds: [0 0 600 600 300 200 120 85 54 35 ]
2036,Queue Length: 6,Counters: [307 65 64 64 64 0 0 0 0 0 ],Thresholds: [0 0 600 600 300 200 120 85 54 35 ]
2037,Queue Length: 6,Counters: [308 66 65 65 65 0 0 0 0 0 ],Thresholds: [0 0 600 600 300 200 120 85 54 35 ]
2038,Queue Length: 6,Counters: [309 67 66 66 66 0 0 0 0 0 ],Thresholds: [0 0 600 600 300 200 120 85 54 35 ]
2039,Queue Length: 6,Counters: [310 68 67 67 67 0 0 0 0 0 ],Thresholds: [0 0 600 600 300 200 120 85 54 35 ]
2040,Queue Length: 6,Counters: [311 69 68 68 68 0 0 0 0 0 ],Thresholds: [0 0 600 600 300 200 120 85 54 35 ]
2041,Queue Length: 6,Counters: [312 70 69 69 69 0 0 0 0 0 ],Thresholds: [0 0 600 600 300 200 120 85 54 35 ]
2042,Queue Length: 6,Counters: [313 71 70 70 70 0 0 0 0 0 ],Thresholds: [0 0 600 600 300 200 120 85 54 35 ]
2043,Queue Length: 6,Counters: [314 72 71 71 71 0 0 0 0 0 ],Thresholds: [0 0 600 600 300 200 120 85 54 35 ]
2044,Queue Length: 6,Counters: [315 73 72 72 72 0 0 0 0 0 ],Thresholds: [0 0 600 600 300 200 120 85 54 35 ]
2045,Queue Length: 6,Counters: [316 74 73 73 73 0 0 0 0 0 ],Thresholds: [0 0 600 600 300 200 120 85 54 35 ]
2046,Queue Length: 6,Counters: [317 75 74 74 74 0 0 0 0 0 ],Thresholds: [0 0 600 600 300 200 120 85 54 35 ]
2047,Queue Length: 6,Counters: [318 76 75 75 75 0 0 0 0 0 ],Thresholds: [0 0 600 600 300 200 120 85 54 35 ]
2048,Queue Length: 6,Counters: [319 77 76 76 76 0 0 0 0 0 ],Thresholds: [0 0 600 600 300 200 120 85 54 35 ]
2049,Queue Length: 6,Counters: [320 78 77 77 77 0 0 0 0 0 ],Thresholds: [0 0 600 600 300 200 120 85 54 35 ]
2050,Queue Length: 6,Counters: [321 79 78 78 78 0 0 0 0 0 ],Thresholds: [0 0 600 600 300 200 120 85 54 35 ]
2051,Queue Length: 6,Counters: [322 80 79 79 79 0 0 0 0 0 ],Thresholds: [0 0 600 600 300 200 120 85 54 35 ]
2052,Queue Length: 6,Counters: [323 81 80 80 80 0 0 0 0 0 ],Thresholds: [0 0 600 600 300 200 120 85 54 35 ]
2053,Queue Length: 6,Counters: [324 82 81 81 81 0 0 0 0 0 ],Thresholds: [0 0 600 600 300 200 120 85 54 35 ]
2054,Queue Length: 6,Counters: [325 83 82 82 82 0 0 0 0 0 ],Thresholds: [0 0 600 600 300 200 120 85 54 35 ]
2055,Queue Length: 5,Counters: [326 84 83 83 0 0 0 0 0 0 ],Thresholds: [0 0 600 600 300 200 120 85 54 35 ]
2056,Queue Length: 4,Counters: [327 85 84 0 0 0 0 0 0 0 ],Thresholds: [0 0 600 600 300 200 120 85 54 35 ]
2057,Queue Length: 3,Counters: [328 86 0 0 0 0 0 0 0 0 ],Thresholds: [0 0 600 600 300 200 120 85 54 35 ]
2058,Queue Length: 2,Counters: [329 0 0 0 0 0 0 0 0 0 ],Thresholds: [0 0 600 600 300 200 120 85 54 35 ]
2059,Queue Length: 3,Counters: [330 1 0 0 0 0 0 0 0 0 ],Thresholds: [0 0 600 600 300 200 120 85 54 35 ]
2060,Queue Length: 6,Counters: [331 2 1 1 1 0 0 0 0 0 ],Thresholds: [0 0 600 600 300 200 120 85 54 35 ]
2061,Queue Length: 6,Counters: [332 3 2 2 2 0 0 0 0 0 ],Thresholds: [0 0 600 600 300 200 120 85 54 35 ]
2062,Queue Length: 6,Counters: [333 4 3 3 3 0 0 0 0 0 ],Thresholds: [0 0 600 600 300 200 120 85 54 35 ]
2063,Queue Length: 6,Counters: [334 5 4 4 4 0 0 0 0 0 ],Thresholds: [0 0 600 600 300 200 120 85 54 35 ]
2064,Queue Length: 6,Counters: [335 6 5 5 5 0 0 0 0 0 ],Thresholds: [0 0 600 600 300 200 120 85 54 35 ]
2065,Queue Length: 6,Counters: [336 7 6 6 6 0 0 0 0 0 ],Thresholds: [0 0 600 600 300 200 120 85 54 35 ]
2066,Queue Length: 6,Counters: [337 8 7 7 7 0 0 0 0 0 ],Thresholds: [0 0 600 600 300 200 120 85 54 35 ]
2067,Queue Length: 6,Counters: [338 9 8 8 8 0 0 0 0 0 ],Thresholds: [0 0 600 600 300 200 120 85 54 35 ]
2068,Queue Length: 6,Counters: [339 10 9 9 9 0 0 0 0 0 ],Thresholds: [0 0 600 600 300 200 120 85 54 35 ]
2069,Queue Length: 6,Counters: [340 11 10 10 10 0 0 0 0 0 ],Thresholds: [0 0 600 600 300 200 120 85 54 35 ]
2070,Queue Length: 6,Counters: [341 12 11 11 11 0 0 0 0 0 ],Thresholds: [0 0 600 600 300 200 120 85 54 35 ]
2071,Queue Length: 6,Counters: [342 13 12 12 12 0 0 0 0 0 ],Thresholds: [0 0 600 600 300 200 120 85 54 35 ]
2072,Queue Length: 6,Counters: [343 14 13 13 13 0 0 0 0 0 ],Thresholds: [0 0 600 600 300 200 120 85 54 35 ]
2073,Queue Length: 6,Counters: [344 15 14 14 14 0 0 0 0 0 ],Thresholds: [0 0 600 600 300 200 120 85 54 35 ]
2074,Queue Length: 6,Counters: [345 16 15 15 15 0 0 0 0 0 ],Thresholds: [0 0 600 600 300 200 120 85 54 35 ]
2075,Queue Length: 6,Counters: [346 17 16 16 16 0 0 0 0 0 ],Thresholds: [0 0 600 600 300 200 120 85 54 35 ]
2076,Queue Length: 6,Counters: [347 18 17 17 17 0 0 0 0 0 ],Thresholds: [0 0 600 600 300 200 120 85 54 35 ]
2077,Queue Length: 6,Counters: [348 19 18 18 18 0 0 0 0 0 ],Thresholds: [0 0 600 600 300 200 120 85 54 35 ]
2078,Queue Length: 6,Counters: [349 20 19 19 19 0 0 0 0 0 ],Thresholds: [0 0 600 600 300 200 120 85 54 35 ]
2079,Queue Length: 5,Counters: [350 21 20 20 0 0 0 0 0 0 ],Thresholds: [0 0 600 600 300 200 120 85 54 35 ]
2080,Queue Length: 4,Counters: [351 22 21 0 0 0 0 0 0 0 ],Thresholds: [0 0 600 600 300 200 120 85 54 35 ]
2081,Queue Length: 3,Counters: [352 23 0 0 0 0 0 0 0 0 ],Thresholds: [0 0 600 600 300 200 120 85 54 35 ]
2082,Queue Length: 2,Counters: [353 0 0 0 0 0 0 0 0 0 ],Thresholds: [0 0 600 600 300 200 120 85 54 35 ]
2083,Queue Length: 3,Counters: [354 1 0 0 0 0 0 0 0 0 ],Thresholds: [0 0 600 600 300 200 120 85 54 35 ]
2084,Queue Length: 6,Counters: [355 2 1 1 1 0 0 0 0 0 ],Thresholds: [0 0 600 600 300 200 120 85 54 35 ]
2085,Queue Length: 6,Counters: [356 3 2 2 2 0 0 0 0 0 ],Thresholds: [0 0 600 600 300 200 120 85 54 35 ]
2086,Queue Length: 6,Counters: [357 4 3 3 3 0 0 0 0 0 ],Thresholds: [0 0 600 600 300 200 120 85 54 35 ]
2087,Queue Length: 6,Counters: [358 5 4 4 4 0 0 0 0 0 ],Thresholds: [0 0 600 600 300 200 120 85 54 35 ]
2088,Queue Length: 6,Counters: [359 6 5 5 5 0 0 0 0 0 ],Thresholds: [0 0 600 600 300 200 120 85 54 35 ]
2089,Queue Length: 6,Counters: [360 7 6 6 6 0 0 0 0 0 ],Thresholds: [0 0 600 600 300 200 120 85 54 35 ]
2090,Queue Length: 6,Counters: [361 8 7 7 7 0 0 0 0 0 ],Thresholds: [0 0 600 600 300 200 120 85 54 35 ]
2091,Queue Length: 6,Counters: [362 9 8 8 8 0 0 0 0 0 ],Thresholds: [0 0 600 600 300 200 120 85 54 35 ]
2092,Queue Length: 6,Counters: [363 10 9 9 9 0 0 0 0 0 ],Thresholds: [0 0 600 600 300 200 120 85 54 35 ]
2093,Queue Length: 6,Counters: [364 11 10 10 10 0 0 0 0 0 ],Thresholds: [0 0 600 600 300 200 120 85 54 35 ]
2094,Queue Length: 6,Counters: [365 12 11 11 11 0 0 0 0 0 ],Thresholds: [0 0 600 600 300 200 120 85 54 35 ]
2095,Queue Length: 6,Counters: [366 13 12 12 12 0 0 0 0 0 ],Thresholds: [0 0 600 600 300 200 120 85 54 35 ]
2096,Queue Length: 6,Counters: [367 14 13 13 13 0 0 0 0 0 ],Thresholds: [0 0 600 600 300 200 120 85 54 35 ]
2097,Queue Length: 6,Counters: [368 15 14 14 14 0 0 0 0 0 ],Thresholds: [0 0 600 600 300 200 120 85 54 35 ]
2098,Queue Length: 6,Counters: [369 16 15 15 15 0 0 0 0 0 ],Thresholds: [0 0 600 600 300 200 120 85 54 35 ]
2099,Queue Length: 6,Counters: [370 17 16 16 16 0 0 0 0 0 ],Thresholds: [0 0 600 600 300 200 120 85 54 35 ]
2100,Queue Length: 6,Counters: [371 18 17 17 17 0 0 0 0 0 ],Thresholds: [0 0 600 600 300 200 120 85 54 35 ]
2101,Queue Length: 6,Counters: [372 19 18 18 18 0 0 0 0 0 ],Thresholds: [0 0 600 600 300 200 120 85 54 35 ]
2102,Queue Length: 6,Counters: [373 20 19 19 19 0 0 0 0 0 ],Thresholds: [0 0 600 600 300 200 120 85 54 35 ]
2103,Queue Length: 6,Counters: [374 21 20 20 20 0 0 0 0 0 ],Thresholds: [0 0 600 600 300 200 120 85 54 35 ]
2104,Queue Length: 6,Counters: [375 22 21 21 21 0 0 0 0 0 ],Thresholds: [0 0 600 600 300 200 120 85 54 35 ]
2105,Queue Length: 6,Counters: [376 23 22 22 22 0 0 0 0 0 ],Thresholds: [0 0 600 600 300 200 120 85 54 35 ]
2106,Queue Length: 6,Counters: [377 24 23 23 23 0 0 0 0 0 ],Thresholds: [0 0 600 600 300 200 120 85 54 35 ]
2107,Queue Length: 6,Counters: [378 25 24 24 24 0 0 0 0 0 ],Thresholds: [0 0 600 600 300 200 120 85 54 35 ]
2108,Queue Length: 6,Counters: [379 26 25 25 25 0 0 0 0 0 ],Thresholds: [0 0 600 600 300 200 120 85 54 35 ]
2109,Queue Length: 6,Counters: [380 27 26 26 26 0 0 0 0 0 ],Thresholds: [0 0 600 600 300 200 120 85 54 35 ]
2110,Queue Length: 6,Counters: [381 28 27 27 27 0 0 0 0 0 ],Thresholds: [0 0 600 600 300 200 120 85 54 35 ]
2111,Queue Length: 6,Counters: [382 29 28 28 28 0 0 0 0 0 ],Thresholds: [0 0 600 600 300 200 120 85 54 35 ]
2112,Queue Length: 6,Counters: [383 30 29 29 29 0 0 0 0 0 ],Thresholds: [0 0 600 600 300 200 120 85 54 35 ]
2113,Queue Length: 6,Counters: [384 31 30 30 30 0 0 0 0 0 ],Thresholds: [0 0 600 600 300 200 120 85 54 35 ]
2114,Queue Length: 6,Counters: [385 32 31 31 31 0 0 0 0 0 ],Thresholds: [0 0 600 600 300 200 120 85 54 35 ]
2115,Queue Length: 6,Counters: [386 33 32 32 32 0 0 0 0 0 ],Thresholds: [0 0 600 600 300 200 120 85 54 35 ]
2116,Queue Length: 6,Counters: [387 34 33 33 33 0 0 0 0 0 ],Thresholds: [0 0 600 600 300 200 120 85 54 35 ]
2117,Queue Length: 6,Counters: [388 35 34 34 34 0 0 0 0 0 ],Thresholds: [0 0 600 600 300 200 120 85 54 35 ]
2118,Queue Length: 6,Counters: [389 36 35 35 35 0 0 0 0 0 ],Thresholds: [0 0 600 600 300 200 120 85 54 35 ]
2119,Queue Length: 6,Counters: [390 37 36 36 36 0 0 0 0 0 ],Thresholds: [0 0 600 600 300 200 120 85 54 35 ]
2120,Queue Length: 6,Counters: [391 38 37 37 37 0 0 0 0 0 ],Thresholds: [0 0 600 600 300 200 120 85 54 35 ]
2121,Queue Length: 6,Counters: [392 39 38 38 38 0 0 0 0 0 ],Thresholds: [0 0 600 600 300 200 120 85 54 35 ]
2122,Queue Length: 6,Counters: [393 40 39 39 39 0 0 0 0 0 ],Thresholds: [0 0 600 600 300 200 120 85 54 35 ]
2123,Queue Length: 6,Counters: [394 41 40 40 40 0 0 0 0 0 ],Thresholds: [0 0 600 600 300 200 120 85 54 35 ]
2124,Queue Length: 6,Counters: [395 42 41 41 41 0 0 0 0 0 ],Thresholds: [0 0 600 600 300 200 120 85 54 35 ]
2125,Queue Length: 6,Counters: [396 43 42 42 42 0 0 0 0 0 ],Thresholds: [0 0 600 600 300 200 120 85 54 35 ]
2126,Queue Length: 6,Counters: [397 44 43 43 43 0 0 0 0 0 ],Thresholds: [0 0 600 600 300 200 120 85 54 35 ]
2127,Queue Length: 6,Counters: [398 45 44 44 44 0 0 0 0 0 ],Thresholds: [0 0 600 600 300 200 120 85 54 35 ]
2128,Queue Length: 6,Counters: [399 46 45 45 45 0 0 0 0 0 ],Thresholds: [0 0 600 600 300 200 120 85 54 35 ]
2129,Queue Length: 6,Counters: [400 47 46 46 46 0 0 0 0 0 ],Thresholds: [0 0 600 600 300 200 120 85 54 35 ]
2130,Queue Length: 7,Counters: [401 48 47 47 47 1 0 0 0 0 ],Thresholds: [0 0 600 600 300 200 120 85 54 35 ]
2131,Queue Length: 6,Counters: [402 49 48 48 48 0 0 0 0 0 ],Thresholds: [0 0 600 600 300 200 120 85 54 35 ]
2132,Queue Length: 6,Counters: [403 50 49 49 49 0 0 0 0 0 ],Thresholds: [0 0 600 600 300 200 120 85 54 35 ]
2133,Queue Length: 6,Counters: [404 51 50 50 50 0 0 0 0 0 ],Thresholds: [0 0 600 600 300 200 120 85 54 35 ]
2134,Queue Length: 6,Counters: [405 52 51 51 51 0 0 0 0 0 ],Thresholds: [0 0 600 600 300 200 120 85 54 35 ]
2135,Queue Length: 6,Counters: [406 53 52 52 52 0 0 0 0 0 ],Thresholds: [0 0 600 600 300 200 120 85 54 35 ]
2136,Queue Length: 7,Counters: [407 54 53 53 53 1 0 0 0 0 ],Thresholds: [0 0 600 600 300 200 120 85 54 35 ]
2137,Queue Length: 6,Counters: [408 55 54 54 54 0 0 0 0 0 ],Thresholds: [0 0 600 600 300 200 120 85 54 35 ]
2138,Queue Length: 5,Counters: [409 56 55 55 0 0 0 0 0 0 ],Thresholds: [0 0 600 600 300 200 120 85 54 35 ]
2139,Queue Length: 4,Counters: [410 57 56 0 0 0 0 0 0 0 ],Thresholds: [0 0 600 600 300 200 120 85 54 35 ]
2140,Queue Length: 3,Counters: [411 58 0 0 0 0 0 0 0 0 ],Thresholds: [0 0 600 600 300 200 120 85 54 35 ]
2141,Queue Length: 2,Counters: [412 0 0 0 0 0 0 0 0 0 ],Thresholds: [0 0 600 600 300 200 120 85 54 35 ]
2142,Queue Length: 4,Counters: [413 1 1 0 0 0 0 0 0 0 ],Thresholds: [0 0 600 600 300 200 120 85 54 35 ]
2143,Queue Length: 6,Counters: [414 2 2 1 1 0 0 0 0 0 ],Thresholds: [0 0 600 600 300 200 120 85 54 35 ]
2144,Queue Length: 6,Counters: [415 3 3 2 2 0 0 0 0 0 ],Thresholds: [0 0 600 600 300 200 120 85 54 35 ]
2145,Queue Length: 6,Counters: [416 4 4 3 3 0 0 0 0 0 ],Thresholds: [0 0 600 600 300 200 120 85 54 35 ]
2146,Queue Length: 6,Counters: [417 5 5 4 4 0 0 0 0 0 ],Thresholds: [0 0 600 600 300 200 120 85 54 35 ]
2147,Queue Length: 6,Counters: [418 6 6 5 5 0 0 0 0 0 ],Thresholds: [0 0 600 600 300 200 120 85 54 35 ]
2148,Queue Length: 6,Counters: [419 7 7 6 6 0 0 0 0 0 ],Thresholds: [0 0 600 600 300 200 120 85 54 35 ]
2149,Queue Length: 6,Counters: [420 8 8 7 7 0 0 0 0 0 ],Thresholds: [0 0 600 600 300 200 120 85 54 35 ]
2150,Queue Length: 6,Counters: [421 9 9 8 8 0 0 0 0 0 ],Thresholds: [0 0 600 600 300 200 120 85 54 35 ]
2151,Queue Length: 6,Counters: [422 10 10 9 9 0 0 0 0 0 ],Thresholds: [0 0 600 600 300 200 120 85 54 35 ]
2152,Queue Length: 6,Counters: [423 11 11 10 10 0 0 0 0 0 ],Thresholds: [0 0 600 600 300 200 120 85 54 35 ]
2153,Queue Length: 6,Counters: [424 12 12 11 11 0 0 0 0 0 ],Thresholds: [0 0 600 600 300 200 120 85 54 35 ]
2154,Queue Length: 6,Counters: [425 13 13 12 12 0 0 0 0 0 ],Thresholds: [0 0 600 600 300 200 120 85 54 35 ]
2155,Queue Length: 6,Counters: [426 14 14 13 13 0 0 0 0 0 ],Thresholds: [0 0 600 600 300 200 120 85 54 35 ]
2156,Queue Length: 6,Counters: [427 15 15 14 14 0 0 0 0 0 ],Thresholds: [0 0 600 600 300 200 120 85 54 35 ]
2157,Queue Length: 6,Counters: [428 16 16 15 15 0 0 0 0 0 ],Thresholds: [0 0 600 600 300 200 120 85 54 35 ]
2158,Queue Length: 6,Counters: [429 17 17 16 16 0 0 0 0 0 ],Thresholds: [0 0 600 600 300 200 120 85 54 35 ]
2159,Queue Length: 6,Counters: [430 18 18 17 17 0 0 0 0 0 ],Thresholds: [0 0 600 600 300 200 120 85 54 35 ]
2160,Queue Length: 6,Counters: [431 19 19 18 18 0 0 0 0 0 ],Thresholds: [0 0 600 600 300 200 120 85 54 35 ]
2161,Queue Length: 6,Counters: [432 20 20 19 19 0 0 0 0 0 ],Thresholds: [0 0 600 600 300 200 120 85 54 35 ]
2162,Queue Length: 6,Counters: [433 21 21 20 20 0 0 0 0 0 ],Thresholds: [0 0 600 600 300 200 120 85 54 35 ]
2163,Queue Length: 6,Counters: [434 22 22 21 21 0 0 0 0 0 ],Thresholds: [0 0 600 600 300 200 120 85 54 35 ]
2164,Queue Length: 7,Counters: [435 23 23 22 22 1 0 0 0 0 ],Thresholds: [0 0 600 600 300 200 120 85 54 35 ]
2165,Queue Length: 6,Counters: [436 24 24 23 23 0 0 0 0 0 ],Thresholds: [0 0 600 600 300 200 120 85 54 35 ]
2166,Queue Length: 6,Counters: [437 25 25 24 24 0 0 0 0 0 ],Thresholds: [0 0 600 600 300 200 120 85 54 35 ]
2167,Queue Length: 6,Counters: [438 26 26 25 25 0 0 0 0 0 ],Thresholds: [0 0 600 600 300 200 120 85 54 35 ]
2168,Queue Length: 5,Counters: [439 27 27 26 0 0 0 0 0 0 ],Thresholds: [0 0 600 600 300 200 120 85 54 35 ]
2169,Queue Length: 4,Counters: [440 28 28 0 0 0 0 0 0 0 ],Thresholds: [0 0 600 600 300 200 120 85 54 35 ]
2170,Queue Length: 3,Counters: [441 29 0 0 0 0 0 0 0 0 ],Thresholds: [0 0 600 600 300 200 120 85 54 35 ]
2171,Queue Length: 2,Counters: [442 0 0 0 0 0 0 0 0 0 ],Thresholds: [0 0 600 600 300 200 120 85 54 35 ]
2172,Queue Length: 3,Counters: [443 1 0 0 0 0 0 0 0 0 ],Thresholds: [0 0 600 600 300 200 120 85 54 35 ]
2173,Queue Length: 5,Counters: [444 2 1 1 0 0 0 0 0 0 ],Thresholds: [0 0 600 600 300 200 120 85 54 35 ]
2174,Queue Length: 4,Counters: [445 3 2 0 0 0 0 0 0 0 ],Thresholds: [0 0 600 600 300 200 120 85 54 35 ]
2175,Queue Length: 3,Counters: [446 4 0 0 0 0 0 0 0 0 ],Thresholds: [0 0 600 600 300 200 120 85 54 35 ]
2176,Queue Length: 2,Counters: [447 0 0 0 0 0 0 0 0 0 ],Thresholds: [0 0 600 600 300 200 120 85 54 35 ]
2177,Queue Length: 5,Counters: [448 1 1 1 0 0 0 0 0 0 ],Thresholds: [0 0 600 600 300 200 120 85 54 35 ]
2178,Queue Length: 6,Counters: [449 2 2 2 1 0 0 0 0 0 ],Thresholds: [0 0 600 600 300 200 120 85 54 35 ]
2179,Queue Length: 7,Counters: [450 3 3 3 2 1 0 0 0 0 ],Thresholds: [0 0 600 600 300 200 120 85 54 35 ]
2180,Queue Length: 6,Counters: [451 4 4 4 3 0 0 0 0 0 ],Thresholds: [0 0 600 600 300 200 120 85 54 35 ]
2181,Queue Length: 6,Counters: [452 5 5 5 4 0 0 0 0 0 ],Thresholds: [0 0 600 600 300 200 120 85 54 35 ]
2182,Queue Length: 6,Counters: [453 6 6 6 5 0 0 0 0 0 ],Thresholds: [0 0 600 600 300 200 120 85 54 35 ]
2183,Queue Length: 6,Counters: [454 7 7 7 6 0 0 0 0 0 ],Thresholds: [0 0 600 600 300 200 120 85 54 35 ]
2184,Queue Length: 5,Counters: [455 8 8 8 0 0 0 0 0 0 ],Thresholds: [0 0 600 600 300 200 120 85 54 35 ]
2185,Queue Length: 4,Counters: [456 9 9 0 0 0 0 0 0 0 ],Thresholds: [0 0 600 600 300 200 120 85 54 35 ]
2186,Queue Length: 3,Counters: [457 10 0 0 0 0 0 0 0 0 ],Thresholds: [0 0 600 600 300 200 120 85 54 35 ]
2187,Queue Length: 2,Counters: [458 0 0 0 0 0 0 0 0 0 ],Thresholds: [0 0 600 600 300 200 120 85 54 35 ]
2188,Queue Length: 4,Counters: [459 1 1 0 0 0 0 0 0 0 ],Thresholds: [0 0 600 600 300 200 120 85 54 35 ]
2189,Queue Length: 6,Counters: [460 2 2 1 1 0 0 0 0 0 ],Thresholds: [0 0 600 600 300 200 120 85 54 35 ]
2190,Queue Length: 7,Counters: [461 3 3 2 2 1 0 0 0 0 ],Thresholds: [0 0 600 600 300 200 120 85 54 35 ]
2191,Queue Length: 6,Counters: [462 4 4 3 3 0 0 0 0 0 ],Thresholds: [0 0 600 600 300 200 120 85 54 35 ]
2192,Queue Length: 6,Counters: [463 5 5 4 4 0 0 0 0 0 ],Thresholds: [0 0 600 600 300 200 120 85 54 35 ]
2193,Queue Length: 6,Counters: [464 6 6 5 5 0 0 0 0 0 ],Thresholds: [0 0 600 600 300 200 120 85 54 35 ]
2194,Queue Length: 7,Counters: [465 7 7 6 6 1 0 0 0 0 ],Thresholds: [0 0 600 600 300 200 120 85 54 35 ]
2195,Queue Length: 7,Counters: [466 8 8 7 7 2 0 0 0 0 ],Thresholds: [0 0 600 600 300 200 120 85 54 35 ]
2196,Queue Length: 7,Counters: [467 9 9 8 8 3 0 0 0 0 ],Thresholds: [0 0 600 600 300 200 120 85 54 35 ]
2197,Queue Length: 6,Counters: [468 10 10 9 9 0 0 0 0 0 ],Thresholds: [0 0 600 600 300 200 120 85 54 35 ]
2198,Queue Length: 6,Counters: [469 11 11 10 10 0 0 0 0 0 ],Thresholds: [0 0 600 600 300 200 120 85 54 35 ]
2199,Queue Length: 6,Counters: [470 12 12 11 11 0 0 0 0 0 ],Thresholds: [0 0 600 600 300 200 120 85 54 35 ]
2200,Queue Length: 6,Counters: [471 13 13 12 12 0 0 0 0 0 ],Thresholds: [0 0 600 600 300 200 120 85 54 35 ]
2201,Queue Length: 7,Counters: [472 14 14 13 13 1 0 0 0 0 ],Thresholds: [0 0 600 600 300 200 120 85 54 35 ]
2202,Queue Length: 7,Counters: [473 15 15 14 14 2 0 0 0 0 ],Thresholds: [0 0 600 600 300 200 120 85 54 35 ]
2203,Queue Length: 7,Counters: [474 16 16 15 15 3 0 0 0 0 ],Thresholds: [0 0 600 600 300 200 120 85 54 35 ]
2204,Queue Length: 7,Counters: [475 17 17 16 16 4 0 0 0 0 ],Thresholds: [0 0 600 600 300 200 120 85 54 35 ]
2205,Queue Length: 7,Counters: [476 18 18 17 17 5 0 0 0 0 ],Thresholds: [0 0 600 600 300 200 120 85 54 35 ]
2206,Queue Length: 7,Counters: [477 19 19 18 18 6 0 0 0 0 ],Thresholds: [0 0 600 600 300 200 120 85 54 35 ]
2207,Queue Length: 6,Counters: [478 20 20 19 19 0 0 0 0 0 ],Thresholds: [0 0 600 600 300 200 120 85 54 35 ]
2208,Queue Length: 6,Counters: [479 21 21 20 20 0 0 0 0 0 ],Thresholds: [0 0 600 600 300 200 120 85 54 35 ]
2209,Queue Length: 6,Counters: [480 22 22 21 21 0 0 0 0 0 ],Thresholds: [0 0 600 600 300 200 120 85 54 35 ]
2210,Queue Length: 6,Counters: [481 23 23 22 22 0 0 0 0 0 ],Thresholds: [0 0 600 600 300 200 120 85 54 35 ]
2211,Queue Length: 6,Counters: [482 24 24 23 23 0 0 0 0 0 ],Thresholds: [0 0 600 600 300 200 120 85 54 35 ]
2212,Queue Length: 6,Counters: [483 25 25 24 24 0 0 0 0 0 ],Thresholds: [0 0 600 600 300 200 120 85 54 35 ]
2213,Queue Length: 6,Counters: [484 26 26 25 25 0 0 0 0 0 ],Thresholds: [0 0 600 600 300 200 120 85 54 35 ]
2214,Queue Length: 6,Counters: [485 27 27 26 26 0 0 0 0 0 ],Thresholds: [0 0 600 600 300 200 120 85 54 35 ]
2215,Queue Length: 7,Counters: [486 28 28 27 27 1 0 0 0 0 ],Thresholds: [0 0 600 600 300 200 120 85 54 35 ]
2216,Queue Length: 6,Counters: [487 29 29 28 28 0 0 0 0 0 ],Thresholds: [0 0 600 600 300 200 120 85 54 35 ]
2217,Queue Length: 6,Counters: [488 30 30 29 29 0 0 0 0 0 ],Thresholds: [0 0 600 600 300 200 120 85 54 35 ]
2218,Queue Length: 7,Counters: [489 31 31 30 30 1 0 0 0 0 ],Thresholds: [0 0 600 600 300 200 120 85 54 35 ]
2219,Queue Length: 6,Counters: [490 32 32 31 31 0 0 0 0 0 ],Thresholds: [0 0 600 600 300 200 120 85 54 35 ]
2220,Queue Length: 6,Counters: [491 33 33 32 32 0 0 0 0 0 ],Thresholds: [0 0 600 600 300 200 120 85 54 35 ]
2221,Queue Length: 6,Counters: [492 34 34 33 33 0 0 0 0 0 ],Thresholds: [0 0 600 600 300 200 120 85 54 35 ]
2222,Queue Length: 7,Counters: [493 35 35 34 34 1 0 0 0 0 ],Thresholds: [0 0 600 600 300 200 120 85 54 35 ]
2223,Queue Length: 6,Counters: [494 36 36 35 35 0 0 0 0 0 ],Thresholds: [0 0 600 600 300 200 120 85 54 35 ]
2224,Queue Length: 6,Counters: [495 37 37 36 36 0 0 0 0 0 ],Thresholds: [0 0 600 600 300 200 120 85 54 35 ]
2225,Queue Length: 6,Counters: [496 38 38 37 37 0 0 0 0 0 ],Thresholds: [0 0 600 600 300 200 120 85 54 35 ]
2226,Queue Length: 7,Counters: [497 39 39 38 38 1 0 0 0 0 ],Thresholds: [0 0 600 600 300 200 120 85 54 35 ]
2227,Queue Length: 6,Counters: [498 40 40 39 39 0 0 0 0 0 ],Thresholds: [0 0 600 600 300 200 120 85 54 35 ]
2228,Queue Length: 7,Counters: [499 41 41 40 40 1 0 0 0 0 ],Thresholds: [0 0 600 600 300 200 120 85 54 35 ]
2229,Queue Length: 7,Counters: [500 42 42 41 41 2 0 0 0 0 ],Thresholds: [0 0 600 600 300 200 120 85 54 35 ]
2230,Queue Length: 6,Counters: [501 43 43 42 42 0 0 0 0 0 ],Thresholds: [0 0 600 600 300 200 120 85 54 35 ]
2231,Queue Length: 6,Counters: [502 44 44 43 43 0 0 0 0 0 ],Thresholds: [0 0 600 600 300 200 120 85 54 35 ]
2232,Queue Length: 7,Counters: [503 45 45 44 44 1 0 0 0 0 ],Thresholds: [0 0 600 600 300 200 120 85 54 35 ]
2233,Queue Length: 6,Counters: [504 46 46 45 45 0 0 0 0 0 ],Thresholds: [0 0 600 600 300 200 120 85 54 35 ]
2234,Queue Length: 7,Counters: [505 47 47 46 46 1 0 0 0 0 ],Thresholds: [0 0 600 600 300 200 120 85 54 35 ]
2235,Queue Length: 7,Counters: [506 48 48 47 47 2 0 0 0 0 ],Thresholds: [0 0 600 600 300 200 120 85 54 35 ]
2236,Queue Length: 6,Counters: [507 49 49 48 48 0 0 0 0 0 ],Thresholds: [0 0 600 600 300 200 120 85 54 35 ]
2237,Queue Length: 7,Counters: [508 50 50 49 49 1 0 0 0 0 ],Thresholds: [0 0 600 600 300 200 120 85 54 35 ]
2238,Queue Length: 6,Counters: [509 51 51 50 50 0 0 0 0 0 ],Thresholds: [0 0 600 600 300 200 120 85 54 35 ]
2239,Queue Length: 6,Counters: [510 52 52 51 51 0 0 0 0 0 ],Thresholds: [0 0 600 600 300 200 120 85 54 35 ]
2240,Queue Length: 6,Counters: [511 53 53 52 52 0 0 0 0 0 ],Thresholds: [0 0 600 600 300 200 120 85 54 35 ]
2241,Queue Length: 6,Counters: [512 54 54 53 53 0 0 0 0 0 ],Thresholds: [0 0 600 600 300 200 120 85 54 35 ]
2242,Queue Length: 6,Counters: [513 55 55 54 54 0 0 0 0 0 ],Thresholds: [0 0 600 600 300 200 120 85 54 35 ]
2243,Queue Length: 7,Counters: [514 56 56 55 55 1 0 0 0 0 ],Thresholds: [0 0 600 600 300 200 120 85 54 35 ]
2244,Queue Length: 7,Counters: [515 57 57 56 56 2 0 0 0 0 ],Thresholds: [0 0 600 600 300 200 120 85 54 35 ]
2245,Queue Length: 7,Counters: [516 58 58 57 57 3 0 0 0 0 ],Thresholds: [0 0 600 600 300 200 120 85 54 35 ]
2246,Queue Length: 7,Counters: [517 59 59 58 58 4 0 0 0 0 ],Thresholds: [0 0 600 600 300 200 120 85 54 35 ]
2247,Queue Length: 6,Counters: [518 60 60 59 59 0 0 0 0 0 ],Thresholds: [0 0 600 600 300 200 120 85 54 35 ]
2248,Queue Length: 7,Counters: [519 61 61 60 60 1 0 0 0 0 ],Thresholds: [0 0 600 600 300 200 120 85 54 35 ]
2249,Queue Length: 7,Counters: [520 62 62 61 61 2 0 0 0 0 ],Thresholds: [0 0 600 600 300 200 120 85 54 35 ]
2250,Queue Length: 6,Counters: [521 63 63 62 62 0 0 0 0 0 ],Thresholds: [0 0 600 600 300 200 120 85 54 35 ]
2251,Queue Length: 6,Counters: [522 64 64 63 63 0 0 0 0 0 ],Thresholds: [0 0 600 600 300 200 120 85 54 35 ]
2252,Queue Length: 6,Counters: [523 65 65 64 64 0 0 0 0 0 ],Thresholds: [0 0 600 600 300 200 120 85 54 35 ]
2253,Queue Length: 7,Counters: [524 66 66 65 65 1 0 0 0 0 ],Thresholds: [0 0 600 600 300 200 120 85 54 35 ]
2254,Queue Length: 7,Counters: [525 67 67 66 66 2 0 0 0 0 ],Thresholds: [0 0 600 600 300 200 120 85 54 35 ]
2255,Queue Length: 7,Counters: [526 68 68 67 67 3 0 0 0 0 ],Thresholds: [0 0 600 600 300 200 120 85 54 35 ]
2256,Queue Length: 6,Counters: [527 69 69 68 68 0 0 0 0 0 ],Thresholds: [0 0 600 600 300 200 120 85 54 35 ]
2257,Queue Length: 7,Counters: [528 70 70 69 69 1 0 0 0 0 ],Thresholds: [0 0 600 600 300 200 120 85 54 35 ]
2258,Queue Length: 6,Counters: [529 71 71 70 70 0 0 0 0 0 ],Thresholds: [0 0 600 600 300 200 120 85 54 35 ]
2259,Queue Length: 6,Counters: [530 72 72 71 71 0 0 0 0 0 ],Thresholds: [0 0 600 600 300 200 120 85 54 35 ]
2260,Queue Length: 7,Counters: [531 73 73 72 72 1 0 0 0 0 ],Thresholds: [0 0 600 600 300 200 120 85 54 35 ]
2261,Queue Length: 7,Counters: [532 74 74 73 73 2 0 0 0 0 ],Thresholds: [0 0 600 600 300 200 120 85 54 35 ]
2262,Queue Length: 7,Counters: [533 75 75 74 74 3 0 0 0 0 ],Thresholds: [0 0 600 600 300 200 120 85 54 35 ]
2263,Queue Length: 7,Counters: [534 76 76 75 75 4 0 0 0 0 ],Thresholds: [0 0 600 600 300 200 120 85 54 35 ]
2264,Queue Length: 6,Counters: [535 77 77 76 76 0 0 0 0 0 ],Thresholds: [0 0 600 600 300 200 120 85 54 35 ]
2265,Queue Length: 7,Counters: [536 78 78 77 77 1 0 0 0 0 ],Thresholds: [0 0 600 600 300 200 120 85 54 35 ]
2266,Queue Length: 7,Counters: [537 79 79 78 78 2 0 0 0 0 ],Thresholds: [0 0 600 600 300 200 120 85 54 35 ]
2267,Queue Length: 7,Counters: [538 80 80 79 79 3 0 0 0 0 ],Thresholds: [0 0 600 600 300 200 120 85 54 35 ]
2268,Queue Length: 7,Counters: [539 81 81 80 80 4 0 0 0 0 ],Thresholds: [0 0 600 600 300 200 120 85 54 35 ]
2269,Queue Length: 6,Counters: [540 82 82 81 81 0 0 0 0 0 ],Thresholds: [0 0 600 600 300 200 120 85 54 35 ]
2270,Queue Length: 7,Counters: [541 83 83 82 82 1 0 0 0 0 ],Thresholds: [0 0 600 600 300 200 120 85 54 35 ]
2271,Queue Length: 7,Counters: [542 84 84 83 83 2 0 0 0 0 ],Thresholds: [0 0 600 600 300 200 120 85 54 35 ]
2272,Queue Length: 7,Counters: [543 85 85 84 84 3 0 0 0 0 ],Thresholds: [0 0 600 600 300 200 120 85 54 35 ]
2273,Queue Length: 6,Counters: [544 86 86 85 85 0 0 0 0 0 ],Thresholds: [0 0 600 600 300 200 120 85 54 35 ]
2274,Queue Length: 7,Counters: [545 87 87 86 86 1 0 0 0 0 ],Thresholds: [0 0 600 600 300 200 120 85 54 35 ]
2275,Queue Length: 6,Counters: [546 88 88 87 87 0 0 0 0 0 ],Thresholds: [0 0 600 600 300 200 120 85 54 35 ]
2276,Queue Length: 6,Counters: [547 89 89 88 88 0 0 0 0 0 ],Thresholds: [0 0 600 600 300 200 120 85 54 35 ]
2277,Queue Length: 5,Counters: [548 90 90 89 0 0 0 0 0 0 ],Thresholds: [0 0 600 600 300 200 120 85 54 35 ]
2278,Queue Length: 4,Counters: [549 91 91 0 0 0 0 0 0 0 ],Thresholds: [0 0 600 600 300 200 120 85 54 35 ]
2279,Queue Length: 3,Counters: [550 92 0 0 0 0 0 0 0 0 ],Thresholds: [0 0 600 600 300 200 120 85 54 35 ]
2280,Queue Length: 2,Counters: [551 0 0 0 0 0 0 0 0 0 ],Thresholds: [0 0 600 600 300 200 120 85 54 35 ]
2281,Queue Length: 4,Counters: [552 1 1 0 0 0 0 0 0 0 ],Thresholds: [0 0 600 600 300 200 120 85 54 35 ]
2282,Queue Length: 7,Counters: [553 2 2 1 1 1 0 0 0 0 ],Thresholds: [0 0 600 600 300 200 120 85 54 35 ]
2283,Queue Length: 6,Counters: [554 3 3 2 2 0 0 0 0 0 ],Thresholds: [0 0 600 600 300 200 120 85 54 35 ]
2284,Queue Length: 7,Counters: [555 4 4 3 3 1 0 0 0 0 ],Thresholds: [0 0 600 600 300 200 120 85 54 35 ]
2285,Queue Length: 6,Counters: [556 5 5 4 4 0 0 0 0 0 ],Thresholds: [0 0 600 600 300 200 120 85 54 35 ]
2286,Queue Length: 7,Counters: [557 6 6 5 5 1 0 0 0 0 ],Thresholds: [0 0 600 600 300 200 120 85 54 35 ]
2287,Queue Length: 7,Counters: [558 7 7 6 6 2 0 0 0 0 ],Thresholds: [0 0 600 600 300 200 120 85 54 35 ]
2288,Queue Length: 6,Counters: [559 8 8 7 7 0 0 0 0 0 ],Thresholds: [0 0 600 600 300 200 120 85 54 35 ]
2289,Queue Length: 6,Counters: [560 9 9 8 8 0 0 0 0 0 ],Thresholds: [0 0 600 600 300 200 120 85 54 35 ]
2290,Queue Length: 7,Counters: [561 10 10 9 9 1 0 0 0 0 ],Thresholds: [0 0 600 600 300 200 120 85 54 35 ]
2291,Queue Length: 7,Counters: [562 11 11 10 10 2 0 0 0 0 ],Thresholds: [0 0 600 600 300 200 120 85 54 35 ]
2292,Queue Length: 7,Counters: [563 12 12 11 11 3 0 0 0 0 ],Thresholds: [0 0 600 600 300 200 120 85 54 35 ]
2293,Queue Length: 7,Counters: [564 13 13 12 12 4 0 0 0 0 ],Thresholds: [0 0 600 600 300 200 120 85 54 35 ]
2294,Queue Length: 6,Counters: [565 14 14 13 13 0 0 0 0 0 ],Thresholds: [0 0 600 600 300 200 120 85 54 35 ]
2295,Queue Length: 6,Counters: [566 15 15 14 14 0 0 0 0 0 ],Thresholds: [0 0 600 600 300 200 120 85 54 35 ]
2296,Queue Length: 6,Counters: [567 16 16 15 15 0 0 0 0 0 ],Thresholds: [0 0 600 600 300 200 120 85 54 35 ]
2297,Queue Length: 6,Counters: [568 17 17 16 16 0 0 0 0 0 ],Thresholds: [0 0 600 600 300 200 120 85 54 35 ]
2298,Queue Length: 6,Counters: [569 18 18 17 17 0 0 0 0 0 ],Thresholds: [0 0 600 600 300 200 120 85 54 35 ]
2299,Queue Length: 6,Counters: [570 19 19 18 18 0 0 0 0 0 ],Thresholds: [0 0 600 600 300 200 120 85 54 35 ]
2300,Queue Length: 6,Counters: [571 20 20 19 19 0 0 0 0 0 ],Thresholds: [0 0 600 600 300 200 120 85 54 35 ]
2301,Queue Length: 5,Counters: [572 21 21 20 0 0 0 0 0 0 ],Thresholds: [0 0 600 600 300 200 120 85 54 35 ]
2302,Queue Length: 6,Counters: [573 22 22 21 1 0 0 0 0 0 ],Thresholds: [0 0 600 600 300 200 120 85 54 35 ]
2303,Queue Length: 6,Counters: [574 23 23 22 2 0 0 0 0 0 ],Thresholds: [0 0 600 600 300 200 120 85 54 35 ]
2304,Queue Length: 6,Counters: [575 24 24 23 3 0 0 0 0 0 ],Thresholds: [0 0 600 600 300 200 120 85 54 35 ]
2305,Queue Length: 6,Counters: [576 25 25 24 4 0 0 0 0 0 ],Thresholds: [0 0 600 600 300 200 120 85 54 35 ]
2306,Queue Length: 6,Counters: [577 26 26 25 5 0 0 0 0 0 ],Thresholds: [0 0 600 600 300 200 120 85 54 35 ]
2307,Queue Length: 6,Counters: [578 27 27 26 6 0 0 0 0 0 ],Thresholds: [0 0 600 600 300 200 120 85 54 35 ]
2308,Queue Length: 6,Counters: [579 28 28 27 7 0 0 0 0 0 ],Thresholds: [0 0 600 600 300 200 120 85 54 35 ]
2309,Queue Length: 5,Counters: [580 29 29 28 0 0 0 0 0 0 ],Thresholds: [0 0 600 600 300 200 120 85 54 35 ]
2310,Queue Length: 4,Counters: [581 30 30 0 0 0 0 0 0 0 ],Thresholds: [0 0 600 600 300 200 120 85 54 35 ]
2311,Queue Length: 3,Counters: [582 31 0 0 0 0 0 0 0 0 ],Thresholds: [0 0 600 600 300 200 120 85 54 35 ]
2312,Queue Length: 2,Counters: [583 0 0 0 0 0 0 0 0 0 ],Thresholds: [0 0 600 600 300 200 120 85 54 35 ]
2313,Queue Length: 1,Counters: [0 0 0 0 0 0 0 0 0 0 ],Thresholds: [0 0 600 600 300 200 120 85 54 35 ]
2314,Queue Length: 4,Counters: [1 1 1 0 0 0 0 0 0 0 ],Thresholds: [0 0 600 600 300 200 120 85 54 35 ]
2315,Queue Length: 3,Counters: [2 2 0 0 0 0 0 0 0 0 ],Thresholds: [0 0 600 600 300 200 120 85 54 35 ]
2316,Queue Length: 2,Counters: [3 0 0 0 0 0 0 0 0 0 ],Thresholds: [0 0 600 600 300 200 120 85 54 35 ]
2317,Queue Length: 1,Counters: [0 0 0 0 0 0 0 0 0 0 ],Thresholds: [0 0 600 600 300 200 120 85 54 35 ]
2318,Queue Length: 5,Counters: [1 1 1 1 0 0 0 0 0 0 ],Thresholds: [0 0 600 600 300 200 120 85 54 35 ]
2319,Queue Length: 6,Counters: [2 2 2 2 1 0 0 0 0 0 ],Thresholds: [0 0 600 600 300 200 120 85 54 35 ]
2320,Queue Length: 6,Counters: [3 3 3 3 2 0 0 0 0 0 ],Thresholds: [0 0 600 600 300 200 120 85 54 35 ]
2321,Queue Length: 6,Counters: [4 4 4 4 3 0 0 0 0 0 ],Thresholds: [0 0 600 600 300 200 120 85 54 35 ]
2322,Queue Length: 6,Counters: [5 5 5 5 4 0 0 0 0 0 ],Thresholds: [0 0 600 600 300 200 120 85 54 35 ]
2323,Queue Length: 6,Counters: [6 6 6 6 5 0 0 0 0 0 ],Thresholds: [0 0 600 600 300 200 120 85 54 35 ]
2324,Queue Length: 6,Counters: [7 7 7 7 6 0 0 0 0 0 ],Thresholds: [0 0 600 600 300 200 120 85 54 35 ]
2325,Queue Length: 6,Counters: [8 8 8 8 7 0 0 0 0 0 ],Thresholds: [0 0 600 600 300 200 120 85 54 35 ]
2326,Queue Length: 6,Counters: [9 9 9 9 8 0 0 0 0 0 ],Thresholds: [0 0 600 600 300 200 120 85 54 35 ]
2327,Queue Length: 6,Counters: [10 10 10 10 9 0 0 0 0 0 ],Thresholds: [0 0 600 600 300 200 120 85 54 35 ]
2328,Queue Length: 6,Counters: [11 11 11 11 10 0 0 0 0 0 ],Thresholds: [0 0 600 600 300 200 120 85 54 35 ]
2329,Queue Length: 6,Counters: [12 12 12 12 11 0 0 0 0 0 ],Thresholds: [0 0 600 600 300 200 120 85 54 35 ]
2330,Queue Length: 6,Counters: [13 13 13 13 12 0 0 0 0 0 ],Thresholds: [0 0 600 600 300 200 120 85 54 35 ]
2331,Queue Length: 5,Counters: [14 14 14 14 0 0 0 0 0 0 ],Thresholds: [0 0 600 600 300 200 120 85 54 35 ]
2332,Queue Length: 6,Counters: [15 15 15 15 1 0 0 0 0 0 ],Thresholds: [0 0 600 600 300 200 120 85 54 35 ]
2333,Queue Length: 6,Counters: [16 16 16 16 2 0 0 0 0 0 ],Thresholds: [0 0 600 600 300 200 120 85 54 35 ]
2334,Queue Length: 6,Counters: [17 17 17 17 3 0 0 0 0 0 ],Thresholds: [0 0 600 600 300 200 120 85 54 35 ]
2335,Queue Length: 5,Counters: [18 18 18 18 0 0 0 0 0 0 ],Thresholds: [0 0 600 600 300 200 120 85 54 35 ]
2336,Queue Length: 4,Counters: [19 19 19 0 0 0 0 0 0 0 ],Thresholds: [0 0 600 600 300 200 120 85 54 35 ]
2337,Queue Length: 3,Counters: [20 20 0 0 0 0 0 0 0 0 ],Thresholds: [0 0 600 600 300 200 120 85 54 35 ]
2338,Queue Length: 2,Counters: [21 0 0 0 0 0 0 0 0 0 ],Thresholds: [0 0 600 600 300 200 120 85 54 35 ]
2339,Queue Length: 1,Counters: [0 0 0 0 0 0 0 0 0 0 ],Thresholds: [0 0 600 600 300 200 120 85 54 35 ]
2340,Queue Length: 4,Counters: [1 1 1 0 0 0 0 0 0 0 ],Thresholds: [0 0 600 600 300 200 120 85 54 35 ]
2341,Queue Length: 6,Counters: [2 2 2 1 1 0 0 0 0 0 ],Thresholds: [0 0 600 600 300 200 120 85 54 35 ]
2342,Queue Length: 6,Counters: [3 3 3 2 2 0 0 0 0 0 ],Thresholds: [0 0 600 600 300 200 120 85 54 35 ]
2343,Queue Length: 6,Counters: [4 4 4 3 3 0 0 0 0 0 ],Thresholds: [0 0 600 600 300 200 120 85 54 35 ]
2344,Queue Length: 6,Counters: [5 5 5 4 4 0 0 0 0 0 ],Thresholds: [0 0 600 600 300 200 120 85 54 35 ]
2345,Queue Length: 6,Counters: [6 6 6 5 5 0 0 0 0 0 ],Thresholds: [0 0 600 600 300 200 120 85 54 35 ]
2346,Queue Length: 6,Counters: [7 7 7 6 6 0 0 0 0 0 ],Thresholds: [0 0 600 600 300 200 120 85 54 35 ]
2347,Queue Length: 6,Counters: [8 8 8 7 7 0 0 0 0 0 ],Thresholds: [0 0 600 600 300 200 120 85 54 35 ]
2348,Queue Length: 6,Counters: [9 9 9 8 8 0 0 0 0 0 ],Thresholds: [0 0 600 600 300 200 120 85 54 35 ]
2349,Queue Length: 6,Counters: [10 10 10 9 9 0 0 0 0 0 ],Thresholds: [0 0 600 600 300 200 120 85 54 35 ]
2350,Queue Length: 6,Counters: [11 11 11 10 10 0 0 0 0 0 ],Thresholds: [0 0 600 600 300 200 120 85 54 35 ]
2351,Queue Length: 6,Counters: [12 12 12 11 11 0 0 0 0 0 ],Thresholds: [0 0 600 600 300 200 120 85 54 35 ]
2352,Queue Length: 6,Counters: [13 13 13 12 12 0 0 0 0 0 ],Thresholds: [0 0 600 600 300 200 120 85 54 35 ]
2353,Queue Length: 6,Counters: [14 14 14 13 13 0 0 0 0 0 ],Thresholds: [0 0 600 600 300 200 120 85 54 35 ]
2354,Queue Length: 6,Counters: [15 15 15 14 14 0 0 0 0 0 ],Thresholds: [0 0 600 600 300 200 120 85 54 35 ]
2355,Queue Length: 6,Counters: [16 16 16 15 15 0 0 0 0 0 ],Thresholds: [0 0 600 600 300 200 120 85 54 35 ]
2356,Queue Length: 6,Counters: [17 17 17 16 16 0 0 0 0 0 ],Thresholds: [0 0 600 600 300 200 120 85 54 35 ]
2357,Queue Length: 6,Counters: [18 18 18 17 17 0 0 0 0 0 ],Thresholds: [0 0 600 600 300 200 120 85 54 35 ]
2358,Queue Length: 6,Counters: [19 19 19 18 18 0 0 0 0 0 ],Thresholds: [0 0 600 600 300 200 120 85 54 35 ]
2359,Queue Length: 6,Counters: [20 20 20 19 19 0 0 0 0 0 ],Thresholds: [0 0 600 600 300 200 120 85 54 35 ]
2360,Queue Length: 6,Counters: [21 21 21 20 20 0 0 0 0 0 ],Thresholds: [0 0 600 600 300 200 120 85 54 35 ]
2361,Queue Length: 6,Counters: [22 22 22 21 21 0 0 0 0 0 ],Thresholds: [0 0 600 600 300 200 120 85 54 35 ]
2362,Queue Length: 6,Counters: [23 23 23 22 22 0 0 0 0 0 ],Thresholds: [0 0 600 600 300 200 120 85 54 35 ]
2363,Queue Length: 6,Counters: [24 24 24 23 23 0 0 0 0 0 ],Thresholds: [0 0 600 600 300 200 120 85 54 35 ]
2364,Queue Length: 6,Counters: [25 25 25 24 24 0 0 0 0 0 ],Thresholds: [0 0 600 600 300 200 120 85 54 35 ]
2365,Queue Length: 5,Counters: [26 26 26 25 0 0 0 0 0 0 ],Thresholds: [0 0 600 600 300 200 120 85 54 35 ]
2366,Queue Length: 6,Counters: [27 27 27 26 1 0 0 0 0 0 ],Thresholds: [0 0 600 600 300 200 120 85 54 35 ]
2367,Queue Length: 6,Counters: [28 28 28 27 2 0 0 0 0 0 ],Thresholds: [0 0 600 600 300 200 120 85 54 35 ]
2368,Queue Length: 6,Counters: [29 29 29 28 3 0 0 0 0 0 ],Thresholds: [0 0 600 600 300 200 120 85 54 35 ]
2369,Queue Length: 6,Counters: [30 30 30 29 4 0 0 0 0 0 ],Thresholds: [0 0 600 600 300 200 120 85 54 35 ]
2370,Queue Length: 6,Counters: [31 31 31 30 5 0 0 0 0 0 ],Thresholds: [0 0 600 600 300 200 120 85 54 35 ]
2371,Queue Length: 5,Counters: [32 32 32 31 0 0 0 0 0 0 ],Thresholds: [0 0 600 600 300 200 120 85 54 35 ]
2372,Queue Length: 6,Counters: [33 33 33 32 1 0 0 0 0 0 ],Thresholds: [0 0 600 600 300 200 120 85 54 35 ]
2373,Queue Length: 6,Counters: [34 34 34 33 2 0 0 0 0 0 ],Thresholds: [0 0 600 600 300 200 120 85 54 35 ]
2374,Queue Length: 6,Counters: [35 35 35 34 3 0 0 0 0 0 ],Thresholds: [0 0 600 600 300 200 120 85 54 35 ]
2375,Queue Length: 6,Counters: [36 36 36 35 4 0 0 0 0 0 ],Thresholds: [0 0 600 600 300 200 120 85 54 35 ]
2376,Queue Length: 5,Counters: [37 37 37 36 0 0 0 0 0 0 ],Thresholds: [0 0 600 600 300 200 120 85 54 35 ]
2377,Queue Length: 4,Counters: [38 38 38 0 0 0 0 0 0 0 ],Thresholds: [0 0 600 600 300 200 120 85 54 35 ]
2378,Queue Length: 3,Counters: [39 39 0 0 0 0 0 0 0 0 ],Thresholds: [0 0 600 600 300 200 120 85 54 35 ]
2379,Queue Length: 2,Counters: [40 0 0 0 0 0 0 0 0 0 ],Thresholds: [0 0 600 600 300 200 120 85 54 35 ]
2380,Queue Length: 1,Counters: [0 0 0 0 0 0 0 0 0 0 ],Thresholds: [0 0 600 600 300 200 120 85 54 35 ]
2381,Queue Length: 4,Counters: [1 1 1 0 0 0 0 0 0 0 ],Thresholds: [0 0 600 600 300 200 120 85 54 35 ]
2382,Queue Length: 6,Counters: [2 2 2 1 1 0 0 0 0 0 ],Thresholds: [0 0 600 600 300 200 120 85 54 35 ]
2383,Queue Length: 6,Counters: [3 3 3 2 2 0 0 0 0 0 ],Thresholds: [0 0 600 600 300 200 120 85 54 35 ]
2384,Queue Length: 6,Counters: [4 4 4 3 3 0 0 0 0 0 ],Thresholds: [0 0 600 600 300 200 120 85 54 35 ]
2385,Queue Length: 6,Counters: [5 5 5 4 4 0 0 0 0 0 ],Thresholds: [0 0 600 600 300 200 120 85 54 35 ]
2386,Queue Length: 6,Counters: [6 6 6 5 5 0 0 0 0 0 ],Thresholds: [0 0 600 600 300 200 120 85 54 35 ]
2387,Queue Length: 6,Counters: [7 7 7 6 6 0 0 0 0 0 ],Thresholds: [0 0 600 600 300 200 120 85 54 35 ]
2388,Queue Length: 6,Counters: [8 8 8 7 7 0 0 0 0 0 ],Thresholds: [0 0 600 600 300 200 120 85 54 35 ]
2389,Queue Length: 6,Counters: [9 9 9 8 8 0 0 0 0 0 ],Thresholds: [0 0 600 600 300 200 120 85 54 35 ]
2390,Queue Length: 6,Counters: [10 10 10 9 9 0 0 0 0 0 ],Thresholds: [0 0 600 600 300 200 120 85 54 35 ]
2391,Queue Length: 6,Counters: [11 11 11 10 10 0 0 0 0 0 ],Thresholds: [0 0 600 600 300 200 120 85 54 35 ]
2392,Queue Length: 6,Counters: [12 12 12 11 11 0 0 0 0 0 ],Thresholds: [0 0 600 600 300 200 120 85 54 35 ]
2393,Queue Length: 6,Counters: [13 13 13 12 12 0 0 0 0 0 ],Thresholds: [0 0 600 600 300 200 120 85 54 35 ]
2394,Queue Length: 6,Counters: [14 14 14 13 13 0 0 0 0 0 ],Thresholds: [0 0 600 600 300 200 120 85 54 35 ]
2395,Queue Length: 6,Counters: [15 15 15 14 14 0 0 0 0 0 ],Thresholds: [0 0 600 600 300 200 120 85 54 35 ]
2396,Queue Length: 6,Counters: [16 16 16 15 15 0 0 0 0 0 ],Thresholds: [0 0 600 600 300 200 120 85 54 35 ]
2397,Queue Length: 6,Counters: [17 17 17 16 16 0 0 0 0 0 ],Thresholds: [0 0 600 600 300 200 120 85 54 35 ]
2398,Queue Length: 6,Counters: [18 18 18 17 17 0 0 0 0 0 ],Thresholds: [0 0 600 600 300 200 120 85 54 35 ]
2399,Queue Length: 6,Counters: [19 19 19 18 18 0 0 0 0 0 ],Thresholds: [0 0 600 600 300 200 120 85 54 35 ]
2400,Queue Length: 6,Counters: [20 20 20 19 19 0 0 0 0 0 ],Thresholds: [0 0 600 600 300 200 120 85 54 35 ]
2401,Queue Length: 6,Counters: [21 21 21 20 20 0 0 0 0 0 ],Thresholds: [0 0 600 600 300 200 120 85 54 35 ]
2402,Queue Length: 6,Counters: [22 22 22 21 21 0 0 0 0 0 ],Thresholds: [0 0 600 600 300 200 120 85 54 35 ]
2403,Queue Length: 6,Counters: [23 23 23 22 22 0 0 0 0 0 ],Thresholds: [0 0 600 600 300 200 120 85 54 35 ]
2404,Queue Length: 6,Counters: [24 24 24 23 23 0 0 0 0 0 ],Thresholds: [0 0 600 600 300 200 120 85 54 35 ]
2405,Queue Length: 6,Counters: [25 25 25 24 24 0 0 0 0 0 ],Thresholds: [0 0 600 600 300 200 120 85 54 35 ]
2406,Queue Length: 6,Counters: [26 26 26 25 25 0 0 0 0 0 ],Thresholds: [0 0 600 600 300 200 120 85 54 35 ]
2407,Queue Length: 6,Counters: [27 27 27 26 26 0 0 0 0 0 ],Thresholds: [0 0 600 600 300 200 120 85 54 35 ]
2408,Queue Length: 6,Counters: [28 28 28 27 27 0 0 0 0 0 ],Thresholds: [0 0 600 600 300 200 120 85 54 35 ]
2409,Queue Length: 6,Counters: [29 29 29 28 28 0 0 0 0 0 ],Thresholds: [0 0 600 600 300 200 120 85 54 35 ]
2410,Queue Length: 6,Counters: [30 30 30 29 29 0 0 0 0 0 ],Thresholds: [0 0 600 600 300 200 120 85 54 35 ]
2411,Queue Length: 6,Counters: [31 31 31 30 30 0 0 0 0 0 ],Thresholds: [0 0 600 600 300 200 120 85 54 35 ]
2412,Queue Length: 6,Counters: [32 32 32 31 31 0 0 0 0 0 ],Thresholds: [0 0 600 600 300 200 120 85 54 35 ]
2413,Queue Length: 6,Counters: [33 33 33 32 32 0 0 0 0 0 ],Thresholds: [0 0 600 600 300 200 120 85 54 35 ]
2414,Queue Length: 6,Counters: [34 34 34 33 33 0 0 0 0 0 ],Thresholds: [0 0 600 600 300 200 120 85 54 35 ]
2415,Queue Length: 6,Counters: [35 35 35 34 34 0 0 0 0 0 ],Thresholds: [0 0 600 600 300 200 120 85 54 35 ]
2416,Queue Length: 6,Counters: [36 36 36 35 35 0 0 0 0 0 ],Thresholds: [0 0 600 600 300 200 120 85 54 35 ]
2417,Queue Length: 6,Counters: [37 37 37 36 36 0 0 0 0 0 ],Thresholds: [0 0 600 600 300 200 120 85 54 35 ]
2418,Queue Length: 6,Counters: [38 38 38 37 37 0 0 0 0 0 ],Thresholds: [0 0 600 600 300 200 120 85 54 35 ]
2419,Queue Length: 6,Counters: [39 39 39 38 38 0 0 0 0 0 ],Thresholds: [0 0 600 600 300 200 120 85 54 35 ]
2420,Queue Length: 6,Counters: [40 40 40 39 39 0 0 0 0 0 ],Thresholds: [0 0 600 600 300 200 120 85 54 35 ]
2421,Queue Length: 6,Counters: [41 41 41 40 40 0 0 0 0 0 ],Thresholds: [0 0 600 600 300 200 120 85 54 35 ]
2422,Queue Length: 6,Counters: [42 42 42 41 41 0 0 0 0 0 ],Thresholds: [0 0 600 600 300 200 120 85 54 35 ]
2423,Queue Length: 6,Counters: [43 43 43 42 42 0 0 0 0 0 ],Thresholds: [0 0 600 600 300 200 120 85 54 35 ]
2424,Queue Length: 6,Counters: [44 44 44 43 43 0 0 0 0 0 ],Thresholds: [0 0 600 600 300 200 120 85 54 35 ]
2425,Queue Length: 6,Counters: [45 45 45 44 44 0 0 0 0 0 ],Thresholds: [0 0 600 600 300 200 120 85 54 35 ]
2426,Queue Length: 6,Counters: [46 46 46 45 45 0 0 0 0 0 ],Thresholds: [0 0 600 600 300 200 120 85 54 35 ]
2427,Queue Length: 6,Counters: [47 47 47 46 46 0 0 0 0 0 ],Thresholds: [0 0 600 600 300 200 120 85 54 35 ]
2428,Queue Length: 6,Counters: [48 48 48 47 47 0 0 0 0 0 ],Thresholds: [0 0 600 600 300 200 120 85 54 35 ]
2429,Queue Length: 6,Counters: [49 49 49 48 48 0 0 0 0 0 ],Thresholds: [0 0 600 600 300 200 120 85 54 35 ]
2430,Queue Length: 6,Counters: [50 50 50 49 49 0 0 0 0 0 ],Thresholds: [0 0 600 600 300 200 120 85 54 35 ]
2431,Queue Length: 6,Counters: [51 51 51 50 50 0 0 0 0 0 ],Thresholds: [0 0 600 600 300 200 120 85 54 35 ]
2432,Queue Length: 6,Counters: [52 52 52 51 51 0 0 0 0 0 ],Thresholds: [0 0 600 600 300 200 120 85 54 35 ]
2433,Queue Length: 6,Counters: [53 53 53 52 52 0 0 0 0 0 ],Thresholds: [0 0 600 600 300 200 120 85 54 35 ]
2434,Queue Length: 6,Counters: [54 54 54 53 53 0 0 0 0 0 ],Thresholds: [0 0 600 600 300 200 120 85 54 35 ]
2435,Queue Length: 6,Counters: [55 55 55 54 54 0 0 0 0 0 ],Thresholds: [0 0 600 600 300 200 120 85 54 35 ]
2436,Queue Length: 6,Counters: [56 56 56 55 55 0 0 0 0 0 ],Thresholds: [0 0 600 600 300 200 120 85 54 35 ]
2437,Queue Length: 6,Counters: [57 57 57 56 56 0 0 0 0 0 ],Thresholds: [0 0 600 600 300 200 120 85 54 35 ]
2438,Queue Length: 6,Counters: [58 58 58 57 57 0 0 0 0 0 ],Thresholds: [0 0 600 600 300 200 120 85 54 35 ]
2439,Queue Length: 6,Counters: [59 59 59 58 58 0 0 0 0 0 ],Thresholds: [0 0 600 600 300 200 120 85 54 35 ]
2440,Queue Length: 6,Counters: [60 60 60 59 59 0 0 0 0 0 ],Thresholds: [0 0 600 600 300 200 120 85 54 35 ]
2441,Queue Length: 5,Counters: [61 61 61 60 0 0 0 0 0 0 ],Thresholds: [0 0 600 600 300 200 120 85 54 35 ]
2442,Queue Length: 6,Counters: [62 62 62 61 1 0 0 0 0 0 ],Thresholds: [0 0 600 600 300 200 120 85 54 35 ]
2443,Queue Length: 6,Counters: [63 63 63 62 2 0 0 0 0 0 ],Thresholds: [0 0 600 600 300 200 120 85 54 35 ]
2444,Queue Length: 6,Counters: [64 64 64 63 3 0 0 0 0 0 ],Thresholds: [0 0 600 600 300 200 120 85 54 35 ]
2445,Queue Length: 6,Counters: [65 65 65 64 4 0 0 0 0 0 ],Thresholds: [0 0 600 600 300 200 120 85 54 35 ]
2446,Queue Length: 6,Counters: [66 66 66 65 5 0 0 0 0 0 ],Thresholds: [0 0 600 600 300 200 120 85 54 35 ]
2447,Queue Length: 6,Counters: [67 67 67 66 6 0 0 0 0 0 ],Thresholds: [0 0 600 600 300 200 120 85 54 35 ]
2448,Queue Length: 6,Counters: [68 68 68 67 7 0 0 0 0 0 ],Thresholds: [0 0 600 600 300 200 120 85 54 35 ]
2449,Queue Length: 6,Counters: [69 69 69 68 8 0 0 0 0 0 ],Thresholds: [0 0 600 600 300 200 120 85 54 35 ]
2450,Queue Length: 6,Counters: [70 70 70 69 9 0 0 0 0 0 ],Thresholds: [0 0 600 600 300 200 120 85 54 35 ]
2451,Queue Length: 6,Counters: [71 71 71 70 10 0 0 0 0 0 ],Thresholds: [0 0 600 600 300 200 120 85 54 35 ]
2452,Queue Length: 6,Counters: [72 72 72 71 11 0 0 0 0 0 ],Thresholds: [0 0 600 600 300 200 120 85 54 35 ]
2453,Queue Length: 6,Counters: [73 73 73 72 12 0 0 0 0 0 ],Thresholds: [0 0 600 600 300 200 120 85 54 35 ]
2454,Queue Length: 6,Counters: [74 74 74 73 13 0 0 0 0 0 ],Thresholds: [0 0 600 600 300 200 120 85 54 35 ]
2455,Queue Length: 6,Counters: [75 75 75 74 14 0 0 0 0 0 ],Thresholds: [0 0 600 600 300 200 120 85 54 35 ]
2456,Queue Length: 6,Counters: [76 76 76 75 15 0 0 0 0 0 ],Thresholds: [0 0 600 600 300 200 120 85 54 35 ]
2457,Queue Length: 6,Counters: [77 77 77 76 16 0 0 0 0 0 ],Thresholds: [0 0 600 600 300 200 120 85 54 35 ]
2458,Queue Length: 6,Counters: [78 78 78 77 17 0 0 0 0 0 ],Thresholds: [0 0 600 600 300 200 120 85 54 35 ]
2459,Queue Length: 6,Counters: [79 79 79 78 18 0 0 0 0 0 ],Thresholds: [0 0 600 600 300 200 120 85 54 35 ]
2460,Queue Length: 6,Counters: [80 80 80 79 19 0 0 0 0 0 ],Thresholds: [0 0 600 600 300 200 120 85 54 35 ]
2461,Queue Length: 6,Counters: [81 81 81 80 20 0 0 0 0 0 ],Thresholds: [0 0 600 600 300 200 120 85 54 35 ]
2462,Queue Length: 6,Counters: [82 82 82 81 21 0 0 0 0 0 ],Thresholds: [0 0 600 600 300 200 120 85 54 35 ]
2463,Queue Length: 6,Counters: [83 83 83 82 22 0 0 0 0 0 ],Thresholds: [0 0 600 600 300 200 120 85 54 35 ]
2464,Queue Length: 6,Counters: [84 84 84 83 23 0 0 0 0 0 ],Thresholds: [0 0 600 600 300 200 120 85 54 35 ]
2465,Queue Length: 6,Counters: [85 85 85 84 24 0 0 0 0 0 ],Thresholds: [0 0 600 600 300 200 120 85 54 35 ]
2466,Queue Length: 6,Counters: [86 86 86 85 25 0 0 0 0 0 ],Thresholds: [0 0 600 600 300 200 120 85 54 35 ]
2467,Queue Length: 6,Counters: [87 87 87 86 26 0 0 0 0 0 ],Thresholds: [0 0 600 600 300 200 120 85 54 35 ]
2468,Queue Length: 6,Counters: [88 88 88 87 27 0 0 0 0 0 ],Thresholds: [0 0 600 600 300 200 120 85 54 35 ]
2469,Queue Length: 6,Counters: [89 89 89 88 28 0 0 0 0 0 ],Thresholds: [0 0 600 600 300 200 120 85 54 35 ]
2470,Queue Length: 6,Counters: [90 90 90 89 29 0 0 0 0 0 ],Thresholds: [0 0 600 600 300 200 120 85 54 35 ]
2471,Queue Length: 6,Counters: [91 91 91 90 30 0 0 0 0 0 ],Thresholds: [0 0 600 600 300 200 120 85 54 35 ]
2472,Queue Length: 6,Counters: [92 92 92 91 31 0 0 0 0 0 ],Thresholds: [0 0 600 600 300 200 120 85 54 35 ]
2473,Queue Length: 6,Counters: [93 93 93 92 32 0 0 0 0 0 ],Thresholds: [0 0 600 600 300 200 120 85 54 35 ]
2474,Queue Length: 6,Counters: [94 94 94 93 33 0 0 0 0 0 ],Thresholds: [0 0 600 600 300 200 120 85 54 35 ]
2475,Queue Length: 6,Counters: [95 95 95 94 34 0 0 0 0 0 ],Thresholds: [0 0 600 600 300 200 120 85 54 35 ]
2476,Queue Length: 6,Counters: [96 96 96 95 35 0 0 0 0 0 ],Thresholds: [0 0 600 600 300 200 120 85 54 35 ]
2477,Queue Length: 6,Counters: [97 97 97 96 36 0 0 0 0 0 ],Thresholds: [0 0 600 600 300 200 120 85 54 35 ]
2478,Queue Length: 6,Counters: [98 98 98 97 37 0 0 0 0 0 ],Thresholds: [0 0 600 600 300 200 120 85 54 35 ]
2479,Queue Length: 6,Counters: [99 99 99 98 38 0 0 0 0 0 ],Thresholds: [0 0 600 600 300 200 120 85 54 35 ]
2480,Queue Length: 6,Counters: [100 100 100 99 39 0 0 0 0 0 ],Thresholds: [0 0 600 600 300 200 120 85 54 35 ]
2481,Queue Length: 6,Counters: [101 101 101 100 40 0 0 0 0 0 ],Thresholds: [0 0 600 600 300 200 120 85 54 35 ]
2482,Queue Length: 6,Counters: [102 102 102 101 41 0 0 0 0 0 ],Thresholds: [0 0 600 600 300 200 120 85 54 35 ]
2483,Queue Length: 6,Counters: [103 103 103 102 42 0 0 0 0 0 ],Thresholds: [0 0 600 600 300 200 120 85 54 35 ]
2484,Queue Length: 6,Counters: [104 104 104 103 43 0 0 0 0 0 ],Thresholds: [0 0 600 600 300 200 120 85 54 35 ]
2485,Queue Length: 6,Counters: [105 105 105 104 44 0 0 0 0 0 ],Thresholds: [0 0 600 600 300 200 120 85 54 35 ]
2486,Queue Length: 6,Counters: [106 106 106 105 45 0 0 0 0 0 ],Thresholds: [0 0 600 600 300 200 120 85 54 35 ]
2487,Queue Length: 6,Counters: [107 107 107 106 46 0 0 0 0 0 ],Thresholds: [0 0 600 600 300 200 120 85 54 35 ]
2488,Queue Length: 6,Counters: [108 108 108 107 47 0 0 0 0 0 ],Thresholds: [0 0 600 600 300 200 120 85 54 35 ]
2489,Queue Length: 6,Counters: [109 109 109 108 48 0 0 0 0 0 ],Thresholds: [0 0 600 600 300 200 120 85 54 35 ]
2490,Queue Length: 6,Counters: [110 110 110 109 49 0 0 0 0 0 ],Thresholds: [0 0 600 600 300 200 120 85 54 35 ]
2491,Queue Length: 6,Counters: [111 111 111 110 50 0 0 0 0 0 ],Thresholds: [0 0 600 600 300 200 120 85 54 35 ]
2492,Queue Length: 6,Counters: [112 112 112 111 51 0 0 0 0 0 ],Thresholds: [0 0 600 600 300 200 120 85 54 35 ]
2493,Queue Length: 6,Counters: [113 113 113 112 52 0 0 0 0 0 ],Thresholds: [0 0 600 600 300 200 120 85 54 35 ]
2494,Queue Length: 6,Counters: [114 114 114 113 53 0 0 0 0 0 ],Thresholds: [0 0 600 600 300 200 120 85 54 35 ]
2495,Queue Length: 6,Counters: [115 115 115 114 54 0 0 0 0 0 ],Thresholds: [0 0 600 600 300 200 120 85 54 35 ]
2496,Queue Length: 6,Counters: [116 116 116 115 55 0 0 0 0 0 ],Thresholds: [0 0 600 600 300 200 120 85 54 35 ]
2497,Queue Length: 6,Counters: [117 117 117 116 56 0 0 0 0 0 ],Thresholds: [0 0 600 600 300 200 120 85 54 35 ]
2498,Queue Length: 6,Counters: [118 118 118 117 57 0 0 0 0 0 ],Thresholds: [0 0 600 600 300 200 120 85 54 35 ]
2499,Queue Length: 6,Counters: [119 119 119 118 58 0 0 0 0 0 ],Thresholds: [0 0 600 600 300 200 120 85 54 35 ]
2500,Queue Length: 6,Counters: [120 120 120 119 59 0 0 0 0 0 ],Thresholds: [0 0 600 600 300 200 120 85 54 35 ]
2501,Queue Length: 6,Counters: [121 121 121 120 60 0 0 0 0 0 ],Thresholds: [0 0 600 600 300 200 120 85 54 35 ]
2502,Queue Length: 6,Counters: [122 122 122 121 61 0 0 0 0 0 ],Thresholds: [0 0 600 600 300 200 120 85 54 35 ]
2503,Queue Length: 6,Counters: [123 123 123 122 62 0 0 0 0 0 ],Thresholds: [0 0 600 600 300 200 120 85 54 35 ]
2504,Queue Length: 6,Counters: [124 124 124 123 63 0 0 0 0 0 ],Thresholds: [0 0 600 600 300 200 120 85 54 35 ]
2505,Queue Length: 6,Counters: [125 125 125 124 64 0 0 0 0 0 ],Thresholds: [0 0 600 600 300 200 120 85 54 35 ]
2506,Queue Length: 6,Counters: [126 126 126 125 65 0 0 0 0 0 ],Thresholds: [0 0 600 600 300 200 120 85 54 35 ]
2507,Queue Length: 6,Counters: [127 127 127 126 66 0 0 0 0 0 ],Thresholds: [0 0 600 600 300 200 120 85 54 35 ]
2508,Queue Length: 6,Counters: [128 128 128 127 67 0 0 0 0 0 ],Thresholds: [0 0 600 600 300 200 120 85 54 35 ]
2509,Queue Length: 6,Counters: [129 129 129 128 68 0 0 0 0 0 ],Thresholds: [0 0 600 600 300 200 120 85 54 35 ]
2510,Queue Length: 6,Counters: [130 130 130 129 69 0 0 0 0 0 ],Thresholds: [0 0 600 600 300 200 120 85 54 35 ]
2511,Queue Length: 6,Counters: [131 131 131 130 70 0 0 0 0 0 ],Thresholds: [0 0 600 600 300 200 120 85 54 35 ]
2512,Queue Length: 6,Counters: [132 132 132 131 71 0 0 0 0 0 ],Thresholds: [0 0 600 600 300 200 120 85 54 35 ]
2513,Queue Length: 6,Counters: [133 133 133 132 72 0 0 0 0 0 ],Thresholds: [0 0 600 600 300 200 120 85 54 35 ]
2514,Queue Length: 6,Counters: [134 134 134 133 73 0 0 0 0 0 ],Thresholds: [0 0 600 600 300 200 120 85 54 35 ]
2515,Queue Length: 6,Counters: [135 135 135 134 74 0 0 0 0 0 ],Thresholds: [0 0 600 600 300 200 120 85 54 35 ]
2516,Queue Length: 6,Counters: [136 136 136 135 75 0 0 0 0 0 ],Thresholds: [0 0 600 600 300 200 120 85 54 35 ]
2517,Queue Length: 6,Counters: [137 137 137 136 76 0 0 0 0 0 ],Thresholds: [0 0 600 600 300 200 120 85 54 35 ]
2518,Queue Length: 6,Counters: [138 138 138 137 77 0 0 0 0 0 ],Thresholds: [0 0 600 600 300 200 120 85 54 35 ]
2519,Queue Length: 6,Counters: [139 139 139 138 78 0 0 0 0 0 ],Thresholds: [0 0 600 600 300 200 120 85 54 35 ]
2520,Queue Length: 6,Counters: [140 140 140 139 79 0 0 0 0 0 ],Thresholds: [0 0 600 600 300 200 120 85 54 35 ]
2521,Queue Length: 6,Counters: [141 141 141 140 80 0 0 0 0 0 ],Thresholds: [0 0 600 600 300 200 120 85 54 35 ]
2522,Queue Length: 6,Counters: [142 142 142 141 81 0 0 0 0 0 ],Thresholds: [0 0 600 600 300 200 120 85 54 35 ]
2523,Queue Length: 6,Counters: [143 143 143 142 82 0 0 0 0 0 ],Thresholds: [0 0 600 600 300 200 120 85 54 35 ]
2524,Queue Length: 6,Counters: [144 144 144 143 83 0 0 0 0 0 ],Thresholds: [0 0 600 600 300 200 120 85 54 35 ]
2525,Queue Length: 6,Counters: [145 145 145 144 84 0 0 0 0 0 ],Thresholds: [0 0 600 600 300 200 120 85 54 35 ]
2526,Queue Length: 6,Counters: [146 146 146 145 85 0 0 0 0 0 ],Thresholds: [0 0 600 600 300 200 120 85 54 35 ]
2527,Queue Length: 6,Counters: [147 147 147 146 86 0 0 0 0 0 ],Thresholds: [0 0 600 600 300 200 120 85 54 35 ]
2528,Queue Length: 5,Counters: [148 148 148 147 0 0 0 0 0 0 ],Thresholds: [0 0 600 600 300 200 120 85 54 35 ]
2529,Queue Length: 4,Counters: [149 149 149 0 0 0 0 0 0 0 ],Thresholds: [0 0 600 600 300 200 120 85 54 35 ]
2530,Queue Length: 3,Counters: [150 150 0 0 0 0 0 0 0 0 ],Thresholds: [0 0 600 600 300 200 120 85 54 35 ]
2531,Queue Length: 2,Counters: [151 0 0 0 0 0 0 0 0 0 ],Thresholds: [0 0 600 600 300 200 120 85 54 35 ]
2532,Queue Length: 1,Counters: [0 0 0 0 0 0 0 0 0 0 ],Thresholds: [0 0 600 600 300 200 120 85 54 35 ]
2533,Queue Length: 5,Counters: [1 1 1 1 0 0 0 0 0 0 ],Thresholds: [0 0 600 600 300 200 120 85 54 35 ]
2534,Queue Length: 6,Counters: [2 2 2 2 1 0 0 0 0 0 ],Thresholds: [0 0 600 600 300 200 120 85 54 35 ]
2535,Queue Length: 6,Counters: [3 3 3 3 2 0 0 0 0 0 ],Thresholds: [0 0 600 600 300 200 120 85 54 35 ]
2536,Queue Length: 6,Counters: [4 4 4 4 3 0 0 0 0 0 ],Thresholds: [0 0 600 600 300 200 120 85 54 35 ]
2537,Queue Length: 6,Counters: [5 5 5 5 4 0 0 0 0 0 ],Thresholds: [0 0 600 600 300 200 120 85 54 35 ]
2538,Queue Length: 6,Counters: [6 6 6 6 5 0 0 0 0 0 ],Thresholds: [0 0 600 600 300 200 120 85 54 35 ]
2539,Queue Length: 6,Counters: [7 7 7 7 6 0 0 0 0 0 ],Thresholds: [0 0 600 600 300 200 120 85 54 35 ]
2540,Queue Length: 6,Counters: [8 8 8 8 7 0 0 0 0 0 ],Thresholds: [0 0 600 600 300 200 120 85 54 35 ]
2541,Queue Length: 6,Counters: [9 9 9 9 8 0 0 0 0 0 ],Thresholds: [0 0 600 600 300 200 120 85 54 35 ]
2542,Queue Length: 6,Counters: [10 10 10 10 9 0 0 0 0 0 ],Thresholds: [0 0 600 600 300 200 120 85 54 35 ]
2543,Queue Length: 6,Counters: [11 11 11 11 10 0 0 0 0 0 ],Thresholds: [0 0 600 600 300 200 120 85 54 35 ]
2544,Queue Length: 6,Counters: [12 12 12 12 11 0 0 0 0 0 ],Thresholds: [0 0 600 600 300 200 120 85 54 35 ]
2545,Queue Length: 6,Counters: [13 13 13 13 12 0 0 0 0 0 ],Thresholds: [0 0 600 600 300 200 120 85 54 35 ]
2546,Queue Length: 6,Counters: [14 14 14 14 13 0 0 0 0 0 ],Thresholds: [0 0 600 600 300 200 120 85 54 35 ]
2547,Queue Length: 6,Counters: [15 15 15 15 14 0 0 0 0 0 ],Thresholds: [0 0 600 600 300 200 120 85 54 35 ]
2548,Queue Length: 6,Counters: [16 16 16 16 15 0 0 0 0 0 ],Thresholds: [0 0 600 600 300 200 120 85 54 35 ]
2549,Queue Length: 6,Counters: [17 17 17 17 16 0 0 0 0 0 ],Thresholds: [0 0 600 600 300 200 120 85 54 35 ]
2550,Queue Length: 6,Counters: [18 18 18 18 17 0 0 0 0 0 ],Thresholds: [0 0 600 600 300 200 120 85 54 35 ]
2551,Queue Length: 5,Counters: [19 19 19 19 0 0 0 0 0 0 ],Thresholds: [0 0 600 600 300 200 120 85 54 35 ]
2552,Queue Length: 4,Counters: [20 20 20 0 0 0 0 0 0 0 ],Thresholds: [0 0 600 600 300 200 120 85 54 35 ]
2553,Queue Length: 3,Counters: [21 21 0 0 0 0 0 0 0 0 ],Thresholds: [0 0 600 600 300 200 120 85 54 35 ]
2554,Queue Length: 2,Counters: [22 0 0 0 0 0 0 0 0 0 ],Thresholds: [0 0 600 600 300 200 120 85 54 35 ]
2555,Queue Length: 1,Counters: [0 0 0 0 0 0 0 0 0 0 ],Thresholds: [0 0 600 600 300 200 120 85 54 35 ]
2556,Queue Length: 5,Counters: [1 1 1 1 0 0 0 0 0 0 ],Thresholds: [0 0 600 600 300 200 120 85 54 35 ]
2557,Queue Length: 6,Counters: [2 2 2 2 1 0 0 0 0 0 ],Thresholds: [0 0 600 600 300 200 120 85 54 35 ]
2558,Queue Length: 6,Counters: [3 3 3 3 2 0 0 0 0 0 ],Thresholds: [0 0 600 600 300 200 120 85 54 35 ]
2559,Queue Length: 6,Counters: [4 4 4 4 3 0 0 0 0 0 ],Thresholds: [0 0 600 600 300 200 120 85 54 35 ]
2560,Queue Length: 6,Counters: [5 5 5 5 4 0 0 0 0 0 ],Thresholds: [0 0 600 600 300 200 120 85 54 35 ]
2561,Queue Length: 6,Counters: [6 6 6 6 5 0 0 0 0 0 ],Thresholds: [0 0 600 600 300 200 120 85 54 35 ]
2562,Queue Length: 6,Counters: [7 7 7 7 6 0 0 0 0 0 ],Thresholds: [0 0 600 600 300 200 120 85 54 35 ]
2563,Queue Length: 6,Counters: [8 8 8 8 7 0 0 0 0 0 ],Thresholds: [0 0 600 600 300 200 120 85 54 35 ]
2564,Queue Length: 6,Counters: [9 9 9 9 8 0 0 0 0 0 ],Thresholds: [0 0 600 600 300 200 120 85 54 35 ]
2565,Queue Length: 6,Counters: [10 10 10 10 9 0 0 0 0 0 ],Thresholds: [0 0 600 600 300 200 120 85 54 35 ]
2566,Queue Length: 6,Counters: [11 11 11 11 10 0 0 0 0 0 ],Thresholds: [0 0 600 600 300 200 120 85 54 35 ]
2567,Queue Length: 6,Counters: [12 12 12 12 11 0 0 0 0 0 ],Thresholds: [0 0 600 600 300 200 120 85 54 35 ]
2568,Queue Length: 6,Counters: [13 13 13 13 12 0 0 0 0 0 ],Thresholds: [0 0 600 600 300 200 120 85 54 35 ]
2569,Queue Length: 6,Counters: [14 14 14 14 13 0 0 0 0 0 ],Thresholds: [0 0 600 600 300 200 120 85 54 35 ]
2570,Queue Length: 6,Counters: [15 15 15 15 14 0 0 0 0 0 ],Thresholds: [0 0 600 600 300 200 120 85 54 35 ]
2571,Queue Length: 6,Counters: [16 16 16 16 15 0 0 0 0 0 ],Thresholds: [0 0 600 600 300 200 120 85 54 35 ]
2572,Queue Length: 6,Counters: [17 17 17 17 16 0 0 0 0 0 ],Thresholds: [0 0 600 600 300 200 120 85 54 35 ]
2573,Queue Length: 6,Counters: [18 18 18 18 17 0 0 0 0 0 ],Thresholds: [0 0 600 600 300 200 120 85 54 35 ]
2574,Queue Length: 6,Counters: [19 19 19 19 18 0 0 0 0 0 ],Thresholds: [0 0 600 600 300 200 120 85 54 35 ]
2575,Queue Length: 6,Counters: [20 20 20 20 19 0 0 0 0 0 ],Thresholds: [0 0 600 600 300 200 120 85 54 35 ]
2576,Queue Length: 6,Counters: [21 21 21 21 20 0 0 0 0 0 ],Thresholds: [0 0 600 600 300 200 120 85 54 35 ]
2577,Queue Length: 6,Counters: [22 22 22 22 21 0 0 0 0 0 ],Thresholds: [0 0 600 600 300 200 120 85 54 35 ]
2578,Queue Length: 5,Counters: [23 23 23 23 0 0 0 0 0 0 ],Thresholds: [0 0 600 600 300 200 120 85 54 35 ]
2579,Queue Length: 4,Counters: [24 24 24 0 0 0 0 0 0 0 ],Thresholds: [0 0 600 600 300 200 120 85 54 35 ]
2580,Queue Length: 3,Counters: [25 25 0 0 0 0 0 0 0 0 ],Thresholds: [0 0 600 600 300 200 120 85 54 35 ]
2581,Queue Length: 2,Counters: [26 0 0 0 0 0 0 0 0 0 ],Thresholds: [0 0 600 600 300 200 120 85 54 35 ]
2582,Queue Length: 1,Counters: [0 0 0 0 0 0 0 0 0 0 ],Thresholds: [0 0 600 600 300 200 120 85 54 35 ]
2583,Queue Length: 6,Counters: [1 1 1 1 1 0 0 0 0 0 ],Thresholds: [0 0 600 600 300 200 120 85 54 35 ]
2584,Queue Length: 6,Counters: [2 2 2 2 2 0 0 0 0 0 ],Thresholds: [0 0 600 600 300 200 120 85 54 35 ]
2585,Queue Length: 6,Counters: [3 3 3 3 3 0 0 0 0 0 ],Thresholds: [0 0 600 600 300 200 120 85 54 35 ]
2586,Queue Length: 6,Counters: [4 4 4 4 4 0 0 0 0 0 ],Thresholds: [0 0 600 600 300 200 120 85 54 35 ]
2587,Queue Length: 6,Counters: [5 5 5 5 5 0 0 0 0 0 ],Thresholds: [0 0 600 600 300 200 120 85 54 35 ]
2588,Queue Length: 6,Counters: [6 6 6 6 6 0 0 0 0 0 ],Thresholds: [0 0 600 600 300 200 120 85 54 35 ]
2589,Queue Length: 6,Counters: [7 7 7 7 7 0 0 0 0 0 ],Thresholds: [0 0 600 600 300 200 120 85 54 35 ]
2590,Queue Length: 6,Counters: [8 8 8 8 8 0 0 0 0 0 ],Thresholds: [0 0 600 600 300 200 120 85 54 35 ]
2591,Queue Length: 6,Counters: [9 9 9 9 9 0 0 0 0 0 ],Thresholds: [0 0 600 600 300 200 120 85 54 35 ]
2592,Queue Length: 6,Counters: [10 10 10 10 10 0 0 0 0 0 ],Thresholds: [0 0 600 600 300 200 120 85 54 35 ]
2593,Queue Length: 6,Counters: [11 11 11 11 11 0 0 0 0 0 ],Thresholds: [0 0 600 600 300 200 120 85 54 35 ]
2594,Queue Length: 6,Counters: [12 12 12 12 12 0 0 0 0 0 ],Thresholds: [0 0 600 600 300 200 120 85 54 35 ]
2595,Queue Length: 6,Counters: [13 13 13 13 13 0 0 0 0 0 ],Thresholds: [0 0 600 600 300 200 120 85 54 35 ]
2596,Queue Length: 6,Counters: [14 14 14 14 14 0 0 0 0 0 ],Thresholds: [0 0 600 600 300 200 120 85 54 35 ]
2597,Queue Length: 6,Counters: [15 15 15 15 15 0 0 0 0 0 ],Thresholds: [0 0 600 600 300 200 120 85 54 35 ]
2598,Queue Length: 6,Counters: [16 16 16 16 16 0 0 0 0 0 ],Thresholds: [0 0 600 600 300 200 120 85 54 35 ]
2599,Queue Length: 6,Counters: [17 17 17 17 17 0 0 0 0 0 ],Thresholds: [0 0 600 600 300 200 120 85 54 35 ]
2600,Queue Length: 6,Counters: [18 18 18 18 18 0 0 0 0 0 ],Thresholds: [0 0 600 600 300 200 120 85 54 35 ]
2601,Queue Length: 6,Counters: [19 19 19 19 19 0 0 0 0 0 ],Thresholds: [0 0 600 600 300 200 120 85 54 35 ]
2602,Queue Length: 6,Counters: [20 20 20 20 20 0 0 0 0 0 ],Thresholds: [0 0 600 600 300 200 120 85 54 35 ]
2603,Queue Length: 6,Counters: [21 21 21 21 21 0 0 0 0 0 ],Thresholds: [0 0 600 600 300 200 120 85 54 35 ]
2604,Queue Length: 6,Counters: [22 22 22 22 22 0 0 0 0 0 ],Thresholds: [0 0 600 600 300 200 120 85 54 35 ]
2605,Queue Length: 6,Counters: [23 23 23 23 23 0 0 0 0 0 ],Thresholds: [0 0 600 600 300 200 120 85 54 35 ]
2606,Queue Length: 6,Counters: [24 24 24 24 24 0 0 0 0 0 ],Thresholds: [0 0 600 600 300 200 120 85 54 35 ]
2607,Queue Length: 6,Counters: [25 25 25 25 25 0 0 0 0 0 ],Thresholds: [0 0 600 600 300 200 120 85 54 35 ]
2608,Queue Length: 5,Counters: [26 26 26 26 0 0 0 0 0 0 ],Thresholds: [0 0 600 600 300 200 120 85 54 35 ]
2609,Queue Length: 4,Counters: [27 27 27 0 0 0 0 0 0 0 ],Thresholds: [0 0 600 600 300 200 120 85 54 35 ]
2610,Queue Length: 3,Counters: [28 28 0 0 0 0 0 0 0 0 ],Thresholds: [0 0 600 600 300 200 120 85 54 35 ]
2611,Queue Length: 2,Counters: [29 0 0 0 0 0 0 0 0 0 ],Thresholds: [0 0 600 600 300 200 120 85 54 35 ]
2612,Queue Length: 1,Counters: [0 0 0 0 0 0 0 0 0 0 ],Thresholds: [0 0 600 600 300 200 120 85 54 35 ]
2613,Queue Length: 6,Counters: [1 1 1 1 1 0 0 0 0 0 ],Thresholds: [0 0 600 600 300 200 120 85 54 35 ]
2614,Queue Length: 6,Counters: [2 2 2 2 2 0 0 0 0 0 ],Thresholds: [0 0 600 600 300 200 120 85 54 35 ]
2615,Queue Length: 6,Counters: [3 3 3 3 3 0 0 0 0 0 ],Thresholds: [0 0 600 600 300 200 120 85 54 35 ]
2616,Queue Length: 6,Counters: [4 4 4 4 4 0 0 0 0 0 ],Thresholds: [0 0 600 600 300 200 120 85 54 35 ]
2617,Queue Length: 6,Counters: [5 5 5 5 5 0 0 0 0 0 ],Thresholds: [0 0 600 600 300 200 120 85 54 35 ]
2618,Queue Length: 6,Counters: [6 6 6 6 6 0 0 0 0 0 ],Thresholds: [0 0 600 600 300 200 120 85 54 35 ]
2619,Queue Length: 6,Counters: [7 7 7 7 7 0 0 0 0 0 ],Thresholds: [0 0 600 600 300 200 120 85 54 35 ]
2620,Queue Length: 6,Counters: [8 8 8 8 8 0 0 0 0 0 ],Thresholds: [0 0 600 600 300 200 120 85 54 35 ]
2621,Queue Length: 6,Counters: [9 9 9 9 9 0 0 0 0 0 ],Thresholds: [0 0 600 600 300 200 120 85 54 35 ]
2622,Queue Length: 6,Counters: [10 10 10 10 10 0 0 0 0 0 ],Thresholds: [0 0 600 600 300 200 120 85 54 35 ]
2623,Queue Length: 6,Counters: [11 11 11 11 11 0 0 0 0 0 ],Thresholds: [0 0 600 600 300 200 120 85 54 35 ]
2624,Queue Length: 6,Counters: [12 12 12 12 12 0 0 0 0 0 ],Thresholds: [0 0 600 600 300 200 120 85 54 35 ]
2625,Queue Length: 6,Counters: [13 13 13 13 13 0 0 0 0 0 ],Thresholds: [0 0 600 600 300 200 120 85 54 35 ]
2626,Queue Length: 6,Counters: [14 14 14 14 14 0 0 0 0 0 ],Thresholds: [0 0 600 600 300 200 120 85 54 35 ]
2627,Queue Length: 6,Counters: [15 15 15 15 15 0 0 0 0 0 ],Thresholds: [0 0 600 600 300 200 120 85 54 35 ]
2628,Queue Length: 6,Counters: [16 16 16 16 16 0 0 0 0 0 ],Thresholds: [0 0 600 600 300 200 120 85 54 35 ]
2629,Queue Length: 6,Counters: [17 17 17 17 17 0 0 0 0 0 ],Thresholds: [0 0 600 600 300 200 120 85 54 35 ]
2630,Queue Length: 6,Counters: [18 18 18 18 18 0 0 0 0 0 ],Thresholds: [0 0 600 600 300 200 120 85 54 35 ]
2631,Queue Length: 6,Counters: [19 19 19 19 19 0 0 0 0 0 ],Thresholds: [0 0 600 600 300 200 120 85 54 35 ]
2632,Queue Length: 6,Counters: [20 20 20 20 20 0 0 0 0 0 ],Thresholds: [0 0 600 600 300 200 120 85 54 35 ]
2633,Queue Length: 6,Counters: [21 21 21 21 21 0 0 0 0 0 ],Thresholds: [0 0 600 600 300 200 120 85 54 35 ]
2634,Queue Length: 6,Counters: [22 22 22 22 22 0 0 0 0 0 ],Thresholds: [0 0 600 600 300 200 120 85 54 35 ]
2635,Queue Length: 6,Counters: [23 23 23 23 23 0 0 0 0 0 ],Thresholds: [0 0 600 600 300 200 120 85 54 35 ]
2636,Queue Length: 6,Counters: [24 24 24 24 24 0 0 0 0 0 ],Thresholds: [0 0 600 600 300 200 120 85 54 35 ]
2637,Queue Length: 6,Counters: [25 25 25 25 25 0 0 0 0 0 ],Thresholds: [0 0 600 600 300 200 120 85 54 35 ]
2638,Queue Length: 6,Counters: [26 26 26 26 26 0 0 0 0 0 ],Thresholds: [0 0 600 600 300 200 120 85 54 35 ]
2639,Queue Length: 6,Counters: [27 27 27 27 27 0 0 0 0 0 ],Thresholds: [0 0 600 600 300 200 120 85 54 35 ]
2640,Queue Length: 6,Counters: [28 28 28 28 28 0 0 0 0 0 ],Thresholds: [0 0 600 600 300 200 120 85 54 35 ]
2641,Queue Length: 6,Counters: [29 29 29 29 29 0 0 0 0 0 ],Thresholds: [0 0 600 600 300 200 120 85 54 35 ]
2642,Queue Length: 6,Counters: [30 30 30 30 30 0 0 0 0 0 ],Thresholds: [0 0 600 600 300 200 120 85 54 35 ]
2643,Queue Length: 6,Counters: [31 31 31 31 31 0 0 0 0 0 ],Thresholds: [0 0 600 600 300 200 120 85 54 35 ]
2644,Queue Length: 6,Counters: [32 32 32 32 32 0 0 0 0 0 ],Thresholds: [0 0 600 600 300 200 120 85 54 35 ]
2645,Queue Length: 6,Counters: [33 33 33 33 33 0 0 0 0 0 ],Thresholds: [0 0 600 600 300 200 120 85 54 35 ]
2646,Queue Length: 6,Counters: [34 34 34 34 34 0 0 0 0 0 ],Thresholds: [0 0 600 600 300 200 120 85 54 35 ]
2647,Queue Length: 6,Counters: [35 35 35 35 35 0 0 0 0 0 ],Thresholds: [0 0 600 600 300 200 120 85 54 35 ]
2648,Queue Length: 6,Counters: [36 36 36 36 36 0 0 0 0 0 ],Thresholds: [0 0 600 600 300 200 120 85 54 35 ]
2649,Queue Length: 6,Counters: [37 37 37 37 37 0 0 0 0 0 ],Thresholds: [0 0 600 600 300 200 120 85 54 35 ]
2650,Queue Length: 6,Counters: [38 38 38 38 38 0 0 0 0 0 ],Thresholds: [0 0 600 600 300 200 120 85 54 35 ]
2651,Queue Length: 6,Counters: [39 39 39 39 39 0 0 0 0 0 ],Thresholds: [0 0 600 600 300 200 120 85 54 35 ]
2652,Queue Length: 6,Counters: [40 40 40 40 40 0 0 0 0 0 ],Thresholds: [0 0 600 600 300 200 120 85 54 35 ]
2653,Queue Length: 6,Counters: [41 41 41 41 41 0 0 0 0 0 ],Thresholds: [0 0 600 600 300 200 120 85 54 35 ]
2654,Queue Length: 6,Counters: [42 42 42 42 42 0 0 0 0 0 ],Thresholds: [0 0 600 600 300 200 120 85 54 35 ]
2655,Queue Length: 6,Counters: [43 43 43 43 43 0 0 0 0 0 ],Thresholds: [0 0 600 600 300 200 120 85 54 35 ]
2656,Queue Length: 6,Counters: [44 44 44 44 44 0 0 0 0 0 ],Thresholds: [0 0 600 600 300 200 120 85 54 35 ]
2657,Queue Length: 6,Counters: [45 45 45 45 45 0 0 0 0 0 ],Thresholds: [0 0 600 600 300 200 120 85 54 35 ]
2658,Queue Length: 5,Counters: [46 46 46 46 0 0 0 0 0 0 ],Thresholds: [0 0 600 600 300 200 120 85 54 35 ]
2659,Queue Length: 4,Counters: [47 47 47 0 0 0 0 0 0 0 ],Thresholds: [0 0 600 600 300 200 120 85 54 35 ]
2660,Queue Length: 3,Counters: [48 48 0 0 0 0 0 0 0 0 ],Thresholds: [0 0 600 600 300 200 120 85 54 35 ]
2661,Queue Length: 2,Counters: [49 0 0 0 0 0 0 0 0 0 ],Thresholds: [0 0 600 600 300 200 120 85 54 35 ]
2662,Queue Length: 1,Counters: [0 0 0 0 0 0 0 0 0 0 ],Thresholds: [0 0 600 600 300 200 120 85 54 35 ]
2663,Queue Length: 6,Counters: [1 1 1 1 1 0 0 0 0 0 ],Thresholds: [0 0 600 600 300 200 120 85 54 35 ]
2664,Queue Length: 6,Counters: [2 2 2 2 2 0 0 0 0 0 ],Thresholds: [0 0 600 600 300 200 120 85 54 35 ]
2665,Queue Length: 6,Counters: [3 3 3 3 3 0 0 0 0 0 ],Thresholds: [0 0 600 600 300 200 120 85 54 35 ]
2666,Queue Length: 6,Counters: [4 4 4 4 4 0 0 0 0 0 ],Thresholds: [0 0 600 600 300 200 120 85 54 35 ]
2667,Queue Length: 6,Counters: [5 5 5 5 5 0 0 0 0 0 ],Thresholds: [0 0 600 600 300 200 120 85 54 35 ]
2668,Queue Length: 6,Counters: [6 6 6 6 6 0 0 0 0 0 ],Thresholds: [0 0 600 600 300 200 120 85 54 35 ]
2669,Queue Length: 6,Counters: [7 7 7 7 7 0 0 0 0 0 ],Thresholds: [0 0 600 600 300 200 120 85 54 35 ]
2670,Queue Length: 6,Counters: [8 8 8 8 8 0 0 0 0 0 ],Thresholds: [0 0 600 600 300 200 120 85 54 35 ]
2671,Queue Length: 6,Counters: [9 9 9 9 9 0 0 0 0 0 ],Thresholds: [0 0 600 600 300 200 120 85 54 35 ]
2672,Queue Length: 6,Counters: [10 10 10 10 10 0 0 0 0 0 ],Thresholds: [0 0 600 600 300 200 120 85 54 35 ]
2673,Queue Length: 6,Counters: [11 11 11 11 11 0 0 0 0 0 ],Thresholds: [0 0 600 600 300 200 120 85 54 35 ]
2674,Queue Length: 6,Counters: [12 12 12 12 12 0 0 0 0 0 ],Thresholds: [0 0 600 600 300 200 120 85 54 35 ]
2675,Queue Length: 6,Counters: [13 13 13 13 13 0 0 0 0 0 ],Thresholds: [0 0 600 600 300 200 120 85 54 35 ]
2676,Queue Length: 6,Counters: [14 14 14 14 14 0 0 0 0 0 ],Thresholds: [0 0 600 600 300 200 120 85 54 35 ]
2677,Queue Length: 6,Counters: [15 15 15 15 15 0 0 0 0 0 ],Thresholds: [0 0 600 600 300 200 120 85 54 35 ]
2678,Queue Length: 6,Counters: [16 16 16 16 16 0 0 0 0 0 ],Thresholds: [0 0 600 600 300 200 120 85 54 35 ]
2679,Queue Length: 6,Counters: [17 17 17 17 17 0 0 0 0 0 ],Thresholds: [0 0 600 600 300 200 120 85 54 35 ]
2680,Queue Length: 6,Counters: [18 18 18 18 18 0 0 0 0 0 ],Thresholds: [0 0 600 600 300 200 120 85 54 35 ]
2681,Queue Length: 6,Counters: [19 19 19 19 19 0 0 0 0 0 ],Thresholds: [0 0 600 600 300 200 120 85 54 35 ]
2682,Queue Length: 6,Counters: [20 20 20 20 20 0 0 0 0 0 ],Thresholds: [0 0 600 600 300 200 120 85 54 35 ]
2683,Queue Length: 6,Counters: [21 21 21 21 21 0 0 0 0 0 ],Thresholds: [0 0 600 600 300 200 120 85 54 35 ]
2684,Queue Length: 6,Counters: [22 22 22 22 22 0 0 0 0 0 ],Thresholds: [0 0 600 600 300 200 120 85 54 35 ]
2685,Queue Length: 6,Counters: [23 23 23 23 23 0 0 0 0 0 ],Thresholds: [0 0 600 600 300 200 120 85 54 35 ]
2686,Queue Length: 6,Counters: [24 24 24 24 24 0 0 0 0 0 ],Thresholds: [0 0 600 600 300 200 120 85 54 35 ]
2687,Queue Length: 6,Counters: [25 25 25 25 25 0 0 0 0 0 ],Thresholds: [0 0 600 600 300 200 120 85 54 35 ]
2688,Queue Length: 5,Counters: [26 26 26 26 0 0 0 0 0 0 ],Thresholds: [0 0 600 600 300 200 120 85 54 35 ]
2689,Queue Length: 4,Counters: [27 27 27 0 0 0 0 0 0 0 ],Thresholds: [0 0 600 600 300 200 120 85 54 35 ]
2690,Queue Length: 3,Counters: [28 28 0 0 0 0 0 0 0 0 ],Thresholds: [0 0 600 600 300 200 120 85 54 35 ]
2691,Queue Length: 2,Counters: [29 0 0 0 0 0 0 0 0 0 ],Thresholds: [0 0 600 600 300 200 120 85 54 35 ]
2692,Queue Length: 1,Counters: [0 0 0 0 0 0 0 0 0 0 ],Thresholds: [0 0 600 600 300 200 120 85 54 35 ]
2693,Queue Length: 6,Counters: [1 1 1 1 1 0 0 0 0 0 ],Thresholds: [0 0 600 600 300 200 120 85 54 35 ]
2694,Queue Length: 6,Counters: [2 2 2 2 2 0 0 0 0 0 ],Thresholds: [0 0 600 600 300 200 120 85 54 35 ]
2695,Queue Length: 6,Counters: [3 3 3 3 3 0 0 0 0 0 ],Thresholds: [0 0 600 600 300 200 120 85 54 35 ]
2696,Queue Length: 6,Counters: [4 4 4 4 4 0 0 0 0 0 ],Thresholds: [0 0 600 600 300 200 120 85 54 35 ]
2697,Queue Length: 6,Counters: [5 5 5 5 5 0 0 0 0 0 ],Thresholds: [0 0 600 600 300 200 120 85 54 35 ]
2698,Queue Length: 6,Counters: [6 6 6 6 6 0 0 0 0 0 ],Thresholds: [0 0 600 600 300 200 120 85 54 35 ]
2699,Queue Length: 6,Counters: [7 7 7 7 7 0 0 0 0 0 ],Thresholds: [0 0 600 600 300 200 120 85 54 35 ]
2700,Queue Length: 6,Counters: [8 8 8 8 8 0 0 0 0 0 ],Thresholds: [0 0 600 600 300 200 120 85 54 35 ]
2701,Queue Length: 6,Counters: [9 9 9 9 9 0 0 0 0 0 ],Thresholds: [0 0 600 600 300 200 120 85 54 35 ]
2702,Queue Length: 5,Counters: [10 10 10 10 0 0 0 0 0 0 ],Thresholds: [0 0 600 600 300 200 120 85 54 35 ]
2703,Queue Length: 4,Counters: [11 11 11 0 0 0 0 0 0 0 ],Thresholds: [0 0 600 600 300 200 120 85 54 35 ]
2704,Queue Length: 3,Counters: [12 12 0 0 0 0 0 0 0 0 ],Thresholds: [0 0 600 600 300 200 120 85 54 35 ]
2705,Queue Length: 2,Counters: [13 0 0 0 0 0 0 0 0 0 ],Thresholds: [0 0 600 600 300 200 120 85 54 35 ]
2706,Queue Length: 1,Counters: [0 0 0 0 0 0 0 0 0 0 ],Thresholds: [0 0 600 600 300 200 120 85 54 35 ]
2707,Queue Length: 2,Counters: [1 0 0 0 0 0 0 0 0 0 ],Thresholds: [0 0 600 600 300 200 120 85 54 35 ]
2708,Queue Length: 6,Counters: [2 1 1 1 1 0 0 0 0 0 ],Thresholds: [0 0 600 600 300 200 120 85 54 35 ]
2709,Queue Length: 6,Counters: [3 2 2 2 2 0 0 0 0 0 ],Thresholds: [0 0 600 600 300 200 120 85 54 35 ]
2710,Queue Length: 6,Counters: [4 3 3 3 3 0 0 0 0 0 ],Thresholds: [0 0 600 600 300 200 120 85 54 35 ]
2711,Queue Length: 6,Counters: [5 4 4 4 4 0 0 0 0 0 ],Thresholds: [0 0 600 600 300 200 120 85 54 35 ]
2712,Queue Length: 6,Counters: [6 5 5 5 5 0 0 0 0 0 ],Thresholds: [0 0 600 600 300 200 120 85 54 35 ]
2713,Queue Length: 6,Counters: [7 6 6 6 6 0 0 0 0 0 ],Thresholds: [0 0 600 600 300 200 120 85 54 35 ]
2714,Queue Length: 6,Counters: [8 7 7 7 7 0 0 0 0 0 ],Thresholds: [0 0 600 600 300 200 120 85 54 35 ]
2715,Queue Length: 6,Counters: [9 8 8 8 8 0 0 0 0 0 ],Thresholds: [0 0 600 600 300 200 120 85 54 35 ]
2716,Queue Length: 6,Counters: [10 9 9 9 9 0 0 0 0 0 ],Thresholds: [0 0 600 600 300 200 120 85 54 35 ]
2717,Queue Length: 6,Counters: [11 10 10 10 10 0 0 0 0 0 ],Thresholds: [0 0 600 600 300 200 120 85 54 35 ]
2718,Queue Length: 6,Counters: [12 11 11 11 11 0 0 0 0 0 ],Thresholds: [0 0 600 600 300 200 120 85 54 35 ]
2719,Queue Length: 6,Counters: [13 12 12 12 12 0 0 0 0 0 ],Thresholds: [0 0 600 600 300 200 120 85 54 35 ]
2720,Queue Length: 6,Counters: [14 13 13 13 13 0 0 0 0 0 ],Thresholds: [0 0 600 600 300 200 120 85 54 35 ]
2721,Queue Length: 6,Counters: [15 14 14 14 14 0 0 0 0 0 ],Thresholds: [0 0 600 600 300 200 120 85 54 35 ]
2722,Queue Length: 6,Counters: [16 15 15 15 15 0 0 0 0 0 ],Thresholds: [0 0 600 600 300 200 120 85 54 35 ]
2723,Queue Length: 6,Counters: [17 16 16 16 16 0 0 0 0 0 ],Thresholds: [0 0 600 600 300 200 120 85 54 35 ]
2724,Queue Length: 6,Counters: [18 17 17 17 17 0 0 0 0 0 ],Thresholds: [0 0 600 600 300 200 120 85 54 35 ]
2725,Queue Length: 6,Counters: [19 18 18 18 18 0 0 0 0 0 ],Thresholds: [0 0 600 600 300 200 120 85 54 35 ]
2726,Queue Length: 6,Counters: [20 19 19 19 19 0 0 0 0 0 ],Thresholds: [0 0 600 600 300 200 120 85 54 35 ]
2727,Queue Length: 6,Counters: [21 20 20 20 20 0 0 0 0 0 ],Thresholds: [0 0 600 600 300 200 120 85 54 35 ]
2728,Queue Length: 6,Counters: [22 21 21 21 21 0 0 0 0 0 ],Thresholds: [0 0 600 600 300 200 120 85 54 35 ]
2729,Queue Length: 6,Counters: [23 22 22 22 22 0 0 0 0 0 ],Thresholds: [0 0 600 600 300 200 120 85 54 35 ]
2730,Queue Length: 6,Counters: [24 23 23 23 23 0 0 0 0 0 ],Thresholds: [0 0 600 600 300 200 120 85 54 35 ]
2731,Queue Length: 6,Counters: [25 24 24 24 24 0 0 0 0 0 ],Thresholds: [0 0 600 600 300 200 120 85 54 35 ]
2732,Queue Length: 6,Counters: [26 25 25 25 25 0 0 0 0 0 ],Thresholds: [0 0 600 600 300 200 120 85 54 35 ]
2733,Queue Length: 6,Counters: [27 26 26 26 26 0 0 0 0 0 ],Thresholds: [0 0 600 600 300 200 120 85 54 35 ]
2734,Queue Length: 6,Counters: [28 27 27 27 27 0 0 0 0 0 ],Thresholds: [0 0 600 600 300 200 120 85 54 35 ]
2735,Queue Length: 6,Counters: [29 28 28 28 28 0 0 0 0 0 ],Thresholds: [0 0 600 600 300 200 120 85 54 35 ]
2736,Queue Length: 6,Counters: [30 29 29 29 29 0 0 0 0 0 ],Thresholds: [0 0 600 600 300 200 120 85 54 35 ]
2737,Queue Length: 6,Counters: [31 30 30 30 30 0 0 0 0 0 ],Thresholds: [0 0 600 600 300 200 120 85 54 35 ]
2738,Queue Length: 6,Counters: [32 31 31 31 31 0 0 0 0 0 ],Thresholds: [0 0 600 600 300 200 120 85 54 35 ]
2739,Queue Length: 6,Counters: [33 32 32 32 32 0 0 0 0 0 ],Thresholds: [0 0 600 600 300 200 120 85 54 35 ]
2740,Queue Length: 6,Counters: [34 33 33 33 33 0 0 0 0 0 ],Thresholds: [0 0 600 600 300 200 120 85 54 35 ]
2741,Queue Length: 6,Counters: [35 34 34 34 34 0 0 0 0 0 ],Thresholds: [0 0 600 600 300 200 120 85 54 35 ]
2742,Queue Length: 6,Counters: [36 35 35 35 35 0 0 0 0 0 ],Thresholds: [0 0 600 600 300 200 120 85 54 35 ]
2743,Queue Length: 6,Counters: [37 36 36 36 36 0 0 0 0 0 ],Thresholds: [0 0 600 600 300 200 120 85 54 35 ]
2744,Queue Length: 5,Counters: [38 37 37 37 0 0 0 0 0 0 ],Thresholds: [0 0 600 600 300 200 120 85 54 35 ]
2745,Queue Length: 4,Counters: [39 38 38 0 0 0 0 0 0 0 ],Thresholds: [0 0 600 600 300 200 120 85 54 35 ]
2746,Queue Length: 3,Counters: [40 39 0 0 0 0 0 0 0 0 ],Thresholds: [0 0 600 600 300 200 120 85 54 35 ]
2747,Queue Length: 2,Counters: [41 0 0 0 0 0 0 0 0 0 ],Thresholds: [0 0 600 600 300 200 120 85 54 35 ]
2748,Queue Length: 1,Counters: [0 0 0 0 0 0 0 0 0 0 ],Thresholds: [0 0 600 600 300 200 120 85 54 35 ]
2749,Queue Length: 6,Counters: [1 1 1 1 1 0 0 0 0 0 ],Thresholds: [0 0 600 600 300 200 120 85 54 35 ]
2750,Queue Length: 6,Counters: [2 2 2 2 2 0 0 0 0 0 ],Thresholds: [0 0 600 600 300 200 120 85 54 35 ]
2751,Queue Length: 6,Counters: [3 3 3 3 3 0 0 0 0 0 ],Thresholds: [0 0 600 600 300 200 120 85 54 35 ]
2752,Queue Length: 6,Counters: [4 4 4 4 4 0 0 0 0 0 ],Thresholds: [0 0 600 600 300 200 120 85 54 35 ]
2753,Queue Length: 6,Counters: [5 5 5 5 5 0 0 0 0 0 ],Thresholds: [0 0 600 600 300 200 120 85 54 35 ]
2754,Queue Length: 6,Counters: [6 6 6 6 6 0 0 0 0 0 ],Thresholds: [0 0 600 600 300 200 120 85 54 35 ]
2755,Queue Length: 6,Counters: [7 7 7 7 7 0 0 0 0 0 ],Thresholds: [0 0 600 600 300 200 120 85 54 35 ]
2756,Queue Length: 6,Counters: [8 8 8 8 8 0 0 0 0 0 ],Thresholds: [0 0 600 600 300 200 120 85 54 35 ]
2757,Queue Length: 6,Counters: [9 9 9 9 9 0 0 0 0 0 ],Thresholds: [0 0 600 600 300 200 120 85 54 35 ]
2758,Queue Length: 6,Counters: [10 10 10 10 10 0 0 0 0 0 ],Thresholds: [0 0 600 600 300 200 120 85 54 35 ]
2759,Queue Length: 6,Counters: [11 11 11 11 11 0 0 0 0 0 ],Thresholds: [0 0 600 600 300 200 120 85 54 35 ]
2760,Queue Length: 6,Counters: [12 12 12 12 12 0 0 0 0 0 ],Thresholds: [0 0 600 600 300 200 120 85 54 35 ]
2761,Queue Length: 6,Counters: [13 13 13 13 13 0 0 0 0 0 ],Thresholds: [0 0 600 600 300 200 120 85 54 35 ]
2762,Queue Length: 6,Counters: [14 14 14 14 14 0 0 0 0 0 ],Thresholds: [0 0 600 600 300 200 120 85 54 35 ]
2763,Queue Length: 6,Counters: [15 15 15 15 15 0 0 0 0 0 ],Thresholds: [0 0 600 600 300 200 120 85 54 35 ]
2764,Queue Length: 6,Counters: [16 16 16 16 16 0 0 0 0 0 ],Thresholds: [0 0 600 600 300 200 120 85 54 35 ]
2765,Queue Length: 6,Counters: [17 17 17 17 17 0 0 0 0 0 ],Thresholds: [0 0 600 600 300 200 120 85 54 35 ]
2766,Queue Length: 6,Counters: [18 18 18 18 18 0 0 0 0 0 ],Thresholds: [0 0 600 600 300 200 120 85 54 35 ]
2767,Queue Length: 6,Counters: [19 19 19 19 19 0 0 0 0 0 ],Thresholds: [0 0 600 600 300 200 120 85 54 35 ]
2768,Queue Length: 6,Counters: [20 20 20 20 20 0 0 0 0 0 ],Thresholds: [0 0 600 600 300 200 120 85 54 35 ]
2769,Queue Length: 6,Counters: [21 21 21 21 21 0 0 0 0 0 ],Thresholds: [0 0 600 600 300 200 120 85 54 35 ]
2770,Queue Length: 6,Counters: [22 22 22 22 22 0 0 0 0 0 ],Thresholds: [0 0 600 600 300 200 120 85 54 35 ]
2771,Queue Length: 6,Counters: [23 23 23 23 23 0 0 0 0 0 ],Thresholds: [0 0 600 600 300 200 120 85 54 35 ]
2772,Queue Length: 6,Counters: [24 24 24 24 24 0 0 0 0 0 ],Thresholds: [0 0 600 600 300 200 120 85 54 35 ]
2773,Queue Length: 6,Counters: [25 25 25 25 25 0 0 0 0 0 ],Thresholds: [0 0 600 600 300 200 120 85 54 35 ]
2774,Queue Length: 6,Counters: [26 26 26 26 26 0 0 0 0 0 ],Thresholds: [0 0 600 600 300 200 120 85 54 35 ]
2775,Queue Length: 6,Counters: [27 27 27 27 27 0 0 0 0 0 ],Thresholds: [0 0 600 600 300 200 120 85 54 35 ]
2776,Queue Length: 6,Counters: [28 28 28 28 28 0 0 0 0 0 ],Thresholds: [0 0 600 600 300 200 120 85 54 35 ]
2777,Queue Length: 6,Counters: [29 29 29 29 29 0 0 0 0 0 ],Thresholds: [0 0 600 600 300 200 120 85 54 35 ]
2778,Queue Length: 6,Counters: [30 30 30 30 30 0 0 0 0 0 ],Thresholds: [0 0 600 600 300 200 120 85 54 35 ]
2779,Queue Length: 6,Counters: [31 31 31 31 31 0 0 0 0 0 ],Thresholds: [0 0 600 600 300 200 120 85 54 35 ]
2780,Queue Length: 6,Counters: [32 32 32 32 32 0 0 0 0 0 ],Thresholds: [0 0 600 600 300 200 120 85 54 35 ]
2781,Queue Length: 6,Counters: [33 33 33 33 33 0 0 0 0 0 ],Thresholds: [0 0 600 600 300 200 120 85 54 35 ]
2782,Queue Length: 6,Counters: [34 34 34 34 34 0 0 0 0 0 ],Thresholds: [0 0 600 600 300 200 120 85 54 35 ]
2783,Queue Length: 6,Counters: [35 35 35 35 35 0 0 0 0 0 ],Thresholds: [0 0 600 600 300 200 120 85 54 35 ]
2784,Queue Length: 6,Counters: [36 36 36 36 36 0 0 0 0 0 ],Thresholds: [0 0 600 600 300 200 120 85 54 35 ]
2785,Queue Length: 6,Counters: [37 37 37 37 37 0 0 0 0 0 ],Thresholds: [0 0 600 600 300 200 120 85 54 35 ]
2786,Queue Length: 6,Counters: [38 38 38 38 38 0 0 0 0 0 ],Thresholds: [0 0 600 600 300 200 120 85 54 35 ]
2787,Queue Length: 6,Counters: [39 39 39 39 39 0 0 0 0 0 ],Thresholds: [0 0 600 600 300 200 120 85 54 35 ]
2788,Queue Length: 6,Counters: [40 40 40 40 40 0 0 0 0 0 ],Thresholds: [0 0 600 600 300 200 120 85 54 35 ]
2789,Queue Length: 6,Counters: [41 41 41 41 41 0 0 0 0 0 ],Thresholds: [0 0 600 600 300 200 120 85 54 35 ]
2790,Queue Length: 6,Counters: [42 42 42 42 42 0 0 0 0 0 ],Thresholds: [0 0 600 600 300 200 120 85 54 35 ]
2791,Queue Length: 6,Counters: [43 43 43 43 43 0 0 0 0 0 ],Thresholds: [0 0 600 600 300 200 120 85 54 35 ]
2792,Queue Length: 6,Counters: [44 44 44 44 44 0 0 0 0 0 ],Thresholds: [0 0 600 600 300 200 120 85 54 35 ]
2793,Queue Length: 6,Counters: [45 45 45 45 45 0 0 0 0 0 ],Thresholds: [0 0 600 600 300 200 120 85 54 35 ]
2794,Queue Length: 6,Counters: [46 46 46 46 46 0 0 0 0 0 ],Thresholds: [0 0 600 600 300 200 120 85 54 35 ]
2795,Queue Length: 6,Counters: [47 47 47 47 47 0 0 0 0 0 ],Thresholds: [0 0 600 600 300 200 120 85 54 35 ]
2796,Queue Length: 6,Counters: [48 48 48 48 48 0 0 0 0 0 ],Thresholds: [0 0 600 600 300 200 120 85 54 35 ]
2797,Queue Length: 6,Counters: [49 49 49 49 49 0 0 0 0 0 ],Thresholds: [0 0 600 600 300 200 120 85 54 35 ]
2798,Queue Length: 6,Counters: [50 50 50 50 50 0 0 0 0 0 ],Thresholds: [0 0 600 600 300 200 120 85 54 35 ]
2799,Queue Length: 6,Counters: [51 51 51 51 51 0 0 0 0 0 ],Thresholds: [0 0 600 600 300 200 120 85 54 35 ]
2800,Queue Length: 6,Counters: [52 52 52 52 52 0 0 0 0 0 ],Thresholds: [0 0 600 600 300 200 120 85 54 35 ]
2801,Queue Length: 6,Counters: [53 53 53 53 53 0 0 0 0 0 ],Thresholds: [0 0 600 600 300 200 120 85 54 35 ]
2802,Queue Length: 6,Counters: [54 54 54 54 54 0 0 0 0 0 ],Thresholds: [0 0 600 600 300 200 120 85 54 35 ]
2803,Queue Length: 6,Counters: [55 55 55 55 55 0 0 0 0 0 ],Thresholds: [0 0 600 600 300 200 120 85 54 35 ]
2804,Queue Length: 6,Counters: [56 56 56 56 56 0 0 0 0 0 ],Thresholds: [0 0 600 600 300 200 120 85 54 35 ]
2805,Queue Length: 6,Counters: [57 57 57 57 57 0 0 0 0 0 ],Thresholds: [0 0 600 600 300 200 120 85 54 35 ]
2806,Queue Length: 6,Counters: [58 58 58 58 58 0 0 0 0 0 ],Thresholds: [0 0 600 600 300 200 120 85 54 35 ]
2807,Queue Length: 6,Counters: [59 59 59 59 59 0 0 0 0 0 ],Thresholds: [0 0 600 600 300 200 120 85 54 35 ]
2808,Queue Length: 6,Counters: [60 60 60 60 60 0 0 0 0 0 ],Thresholds: [0 0 600 600 300 200 120 85 54 35 ]
2809,Queue Length: 6,Counters: [61 61 61 61 61 0 0 0 0 0 ],Thresholds: [0 0 600 600 300 200 120 85 54 35 ]
2810,Queue Length: 6,Counters: [62 62 62 62 62 0 0 0 0 0 ],Thresholds: [0 0 600 600 300 200 120 85 54 35 ]
2811,Queue Length: 6,Counters: [63 63 63 63 63 0 0 0 0 0 ],Thresholds: [0 0 600 600 300 200 120 85 54 35 ]
2812,Queue Length: 6,Counters: [64 64 64 64 64 0 0 0 0 0 ],Thresholds: [0 0 600 600 300 200 120 85 54 35 ]
2813,Queue Length: 6,Counters: [65 65 65 65 65 0 0 0 0 0 ],Thresholds: [0 0 600 600 300 200 120 85 54 35 ]
2814,Queue Length: 6,Counters: [66 66 66 66 66 0 0 0 0 0 ],Thresholds: [0 0 600 600 300 200 120 85 54 35 ]
2815,Queue Length: 6,Counters: [67 67 67 67 67 0 0 0 0 0 ],Thresholds: [0 0 600 600 300 200 120 85 54 35 ]
2816,Queue Length: 6,Counters: [68 68 68 68 68 0 0 0 0 0 ],Thresholds: [0 0 600 600 300 200 120 85 54 35 ]
2817,Queue Length: 6,Counters: [69 69 69 69 69 0 0 0 0 0 ],Thresholds: [0 0 600 600 300 200 120 85 54 35 ]
2818,Queue Length: 6,Counters: [70 70 70 70 70 0 0 0 0 0 ],Thresholds: [0 0 600 600 300 200 120 85 54 35 ]
2819,Queue Length: 6,Counters: [71 71 71 71 71 0 0 0 0 0 ],Thresholds: [0 0 600 600 300 200 120 85 54 35 ]
2820,Queue Length: 6,Counters: [72 72 72 72 72 0 0 0 0 0 ],Thresholds: [0 0 600 600 300 200 120 85 54 35 ]
2821,Queue Length: 6,Counters: [73 73 73 73 73 0 0 0 0 0 ],Thresholds: [0 0 600 600 300 200 120 85 54 35 ]
2822,Queue Length: 6,Counters: [74 74 74 74 74 0 0 0 0 0 ],Thresholds: [0 0 600 600 300 200 120 85 54 35 ]
2823,Queue Length: 6,Counters: [75 75 75 75 75 0 0 0 0 0 ],Thresholds: [0 0 600 600 300 200 120 85 54 35 ]
2824,Queue Length: 6,Counters: [76 76 76 76 76 0 0 0 0 0 ],Thresholds: [0 0 600 600 300 200 120 85 54 35 ]
2825,Queue Length: 6,Counters: [77 77 77 77 77 0 0 0 0 0 ],Thresholds: [0 0 600 600 300 200 120 85 54 35 ]
2826,Queue Length: 6,Counters: [78 78 78 78 78 0 0 0 0 0 ],Thresholds: [0 0 600 600 300 200 120 85 54 35 ]
2827,Queue Length: 6,Counters: [79 79 79 79 79 0 0 0 0 0 ],Thresholds: [0 0 600 600 300 200 120 85 54 35 ]
2828,Queue Length: 6,Counters: [80 80 80 80 80 0 0 0 0 0 ],Thresholds: [0 0 600 600 300 200 120 85 54 35 ]
2829,Queue Length: 6,Counters: [81 81 81 81 81 0 0 0 0 0 ],Thresholds: [0 0 600 600 300 200 120 85 54 35 ]
2830,Queue Length: 6,Counters: [82 82 82 82 82 0 0 0 0 0 ],Thresholds: [0 0 600 600 300 200 120 85 54 35 ]
2831,Queue Length: 6,Counters: [83 83 83 83 83 0 0 0 0 0 ],Thresholds: [0 0 600 600 300 200 120 85 54 35 ]
2832,Queue Length: 6,Counters: [84 84 84 84 84 0 0 0 0 0 ],Thresholds: [0 0 600 600 300 200 120 85 54 35 ]
2833,Queue Length: 6,Counters: [85 85 85 85 85 0 0 0 0 0 ],Thresholds: [0 0 600 600 300 200 120 85 54 35 ]
2834,Queue Length: 6,Counters: [86 86 86 86 86 0 0 0 0 0 ],Thresholds: [0 0 600 600 300 200 120 85 54 35 ]
2835,Queue Length: 6,Counters: [87 87 87 87 87 0 0 0 0 0 ],Thresholds: [0 0 600 600 300 200 120 85 54 35 ]
2836,Queue Length: 6,Counters: [88 88 88 88 88 0 0 0 0 0 ],Thresholds: [0 0 600 600 300 200 120 85 54 35 ]
2837,Queue Length: 6,Counters: [89 89 89 89 89 0 0 0 0 0 ],Thresholds: [0 0 600 600 300 200 120 85 54 35 ]
2838,Queue Length: 6,Counters: [90 90 90 90 90 0 0 0 0 0 ],Thresholds: [0 0 600 600 300 200 120 85 54 35 ]
2839,Queue Length: 6,Counters: [91 91 91 91 91 0 0 0 0 0 ],Thresholds: [0 0 600 600 300 200 120 85 54 35 ]
2840,Queue Length: 6,Counters: [92 92 92 92 92 0 0 0 0 0 ],Thresholds: [0 0 600 600 300 200 120 85 54 35 ]
2841,Queue Length: 6,Counters: [93 93 93 93 93 0 0 0 0 0 ],Thresholds: [0 0 600 600 300 200 120 85 54 35 ]
2842,Queue Length: 6,Counters: [94 94 94 94 94 0 0 0 0 0 ],Thresholds: [0 0 600 600 300 200 120 85 54 35 ]
2843,Queue Length: 6,Counters: [95 95 95 95 95 0 0 0 0 0 ],Thresholds: [0 0 600 600 300 200 120 85 54 35 ]
2844,Queue Length: 6,Counters: [96 96 96 96 96 0 0 0 0 0 ],Thresholds: [0 0 600 600 300 200 120 85 54 35 ]
2845,Queue Length: 6,Counters: [97 97 97 97 97 0 0 0 0 0 ],Thresholds: [0 0 600 600 300 200 120 85 54 35 ]
2846,Queue Length: 6,Counters: [98 98 98 98 98 0 0 0 0 0 ],Thresholds: [0 0 600 600 300 200 120 85 54 35 ]
2847,Queue Length: 6,Counters: [99 99 99 99 99 0 0 0 0 0 ],Thresholds: [0 0 600 600 300 200 120 85 54 35 ]
2848,Queue Length: 6,Counters: [100 100 100 100 100 0 0 0 0 0 ],Thresholds: [0 0 600 600 300 200 120 85 54 35 ]
2849,Queue Length: 6,Counters: [101 101 101 101 101 0 0 0 0 0 ],Thresholds: [0 0 600 600 300 200 120 85 54 35 ]
2850,Queue Length: 6,Counters: [102 102 102 102 102 0 0 0 0 0 ],Thresholds: [0 0 600 600 300 200 120 85 54 35 ]
2851,Queue Length: 6,Counters: [103 103 103 103 103 0 0 0 0 0 ],Thresholds: [0 0 600 600 300 200 120 85 54 35 ]
2852,Queue Length: 6,Counters: [104 104 104 104 104 0 0 0 0 0 ],Thresholds: [0 0 600 600 300 200 120 85 54 35 ]
2853,Queue Length: 5,Counters: [105 105 105 105 0 0 0 0 0 0 ],Thresholds: [0 0 600 600 300 200 120 85 54 35 ]
2854,Queue Length: 4,Counters: [106 106 106 0 0 0 0 0 0 0 ],Thresholds: [0 0 600 600 300 200 120 85 54 35 ]
2855,Queue Length: 3,Counters: [107 107 0 0 0 0 0 0 0 0 ],Thresholds: [0 0 600 600 300 200 120 85 54 35 ]
2856,Queue Length: 2,Counters: [108 0 0 0 0 0 0 0 0 0 ],Thresholds: [0 0 600 600 300 200 120 85 54 35 ]
2857,Queue Length: 1,Counters: [0 0 0 0 0 0 0 0 0 0 ],Thresholds: [0 0 600 600 300 200 120 85 54 35 ]
2858,Queue Length: 6,Counters: [1 1 1 1 1 0 0 0 0 0 ],Thresholds: [0 0 600 600 300 200 120 85 54 35 ]
2859,Queue Length: 5,Counters: [2 2 2 2 0 0 0 0 0 0 ],Thresholds: [0 0 600 600 300 200 120 85 54 35 ]
2860,Queue Length: 4,Counters: [3 3 3 0 0 0 0 0 0 0 ],Thresholds: [0 0 600 600 300 200 120 85 54 35 ]
2861,Queue Length: 3,Counters: [4 4 0 0 0 0 0 0 0 0 ],Thresholds: [0 0 600 600 300 200 120 85 54 35 ]
2862,Queue Length: 2,Counters: [5 0 0 0 0 0 0 0 0 0 ],Thresholds: [0 0 600 600 300 200 120 85 54 35 ]
2863,Queue Length: 1,Counters: [0 0 0 0 0 0 0 0 0 0 ],Thresholds: [0 0 600 600 300 200 120 85 54 35 ]
2864,Queue Length: 6,Counters: [1 1 1 1 1 0 0 0 0 0 ],Thresholds: [0 0 600 600 300 200 120 85 54 35 ]
2865,Queue Length: 6,Counters: [2 2 2 2 2 0 0 0 0 0 ],Thresholds: [0 0 600 600 300 200 120 85 54 35 ]
2866,Queue Length: 6,Counters: [3 3 3 3 3 0 0 0 0 0 ],Thresholds: [0 0 600 600 300 200 120 85 54 35 ]
2867,Queue Length: 6,Counters: [4 4 4 4 4 0 0 0 0 0 ],Thresholds: [0 0 600 600 300 200 120 85 54 35 ]
2868,Queue Length: 6,Counters: [5 5 5 5 5 0 0 0 0 0 ],Thresholds: [0 0 600 600 300 200 120 85 54 35 ]
2869,Queue Length: 6,Counters: [6 6 6 6 6 0 0 0 0 0 ],Thresholds: [0 0 600 600 300 200 120 85 54 35 ]
2870,Queue Length: 6,Counters: [7 7 7 7 7 0 0 0 0 0 ],Thresholds: [0 0 600 600 300 200 120 85 54 35 ]
2871,Queue Length: 6,Counters: [8 8 8 8 8 0 0 0 0 0 ],Thresholds: [0 0 600 600 300 200 120 85 54 35 ]
2872,Queue Length: 6,Counters: [9 9 9 9 9 0 0 0 0 0 ],Thresholds: [0 0 600 600 300 200 120 85 54 35 ]
2873,Queue Length: 6,Counters: [10 10 10 10 10 0 0 0 0 0 ],Thresholds: [0 0 600 600 300 200 120 85 54 35 ]
2874,Queue Length: 6,Counters: [11 11 11 11 11 0 0 0 0 0 ],Thresholds: [0 0 600 600 300 200 120 85 54 35 ]
2875,Queue Length: 6,Counters: [12 12 12 12 12 0 0 0 0 0 ],Thresholds: [0 0 600 600 300 200 120 85 54 35 ]
2876,Queue Length: 6,Counters: [13 13 13 13 13 0 0 0 0 0 ],Thresholds: [0 0 600 600 300 200 120 85 54 35 ]
2877,Queue Length: 6,Counters: [14 14 14 14 14 0 0 0 0 0 ],Thresholds: [0 0 600 600 300 200 120 85 54 35 ]
2878,Queue Length: 6,Counters: [15 15 15 15 15 0 0 0 0 0 ],Thresholds: [0 0 600 600 300 200 120 85 54 35 ]
2879,Queue Length: 6,Counters: [16 16 16 16 16 0 0 0 0 0 ],Thresholds: [0 0 600 600 300 200 120 85 54 35 ]
2880,Queue Length: 6,Counters: [17 17 17 17 17 0 0 0 0 0 ],Thresholds: [0 0 600 600 300 200 120 85 54 35 ]
2881,Queue Length: 6,Counters: [18 18 18 18 18 0 0 0 0 0 ],Thresholds: [0 0 600 600 300 200 120 85 54 35 ]
2882,Queue Length: 6,Counters: [19 19 19 19 19 0 0 0 0 0 ],Thresholds: [0 0 600 600 300 200 120 85 54 35 ]
2883,Queue Length: 6,Counters: [20 20 20 20 20 0 0 0 0 0 ],Thresholds: [0 0 600 600 300 200 120 85 54 35 ]
2884,Queue Length: 6,Counters: [21 21 21 21 21 0 0 0 0 0 ],Thresholds: [0 0 600 600 300 200 120 85 54 35 ]
2885,Queue Length: 6,Counters: [22 22 22 22 22 0 0 0 0 0 ],Thresholds: [0 0 600 600 300 200 120 85 54 35 ]
2886,Queue Length: 6,Counters: [23 23 23 23 23 0 0 0 0 0 ],Thresholds: [0 0 600 600 300 200 120 85 54 35 ]
2887,Queue Length: 6,Counters: [24 24 24 24 24 0 0 0 0 0 ],Thresholds: [0 0 600 600 300 200 120 85 54 35 ]
2888,Queue Length: 6,Counters: [25 25 25 25 25 0 0 0 0 0 ],Thresholds: [0 0 600 600 300 200 120 85 54 35 ]
2889,Queue Length: 6,Counters: [26 26 26 26 26 0 0 0 0 0 ],Thresholds: [0 0 600 600 300 200 120 85 54 35 ]
2890,Queue Length: 6,Counters: [27 27 27 27 27 0 0 0 0 0 ],Thresholds: [0 0 600 600 300 200 120 85 54 35 ]
2891,Queue Length: 6,Counters: [28 28 28 28 28 0 0 0 0 0 ],Thresholds: [0 0 600 600 300 200 120 85 54 35 ]
2892,Queue Length: 6,Counters: [29 29 29 29 29 0 0 0 0 0 ],Thresholds: [0 0 600 600 300 200 120 85 54 35 ]
2893,Queue Length: 6,Counters: [30 30 30 30 30 0 0 0 0 0 ],Thresholds: [0 0 600 600 300 200 120 85 54 35 ]
2894,Queue Length: 6,Counters: [31 31 31 31 31 0 0 0 0 0 ],Thresholds: [0 0 600 600 300 200 120 85 54 35 ]
2895,Queue Length: 6,Counters: [32 32 32 32 32 0 0 0 0 0 ],Thresholds: [0 0 600 600 300 200 120 85 54 35 ]
2896,Queue Length: 6,Counters: [33 33 33 33 33 0 0 0 0 0 ],Thresholds: [0 0 600 600 300 200 120 85 54 35 ]
2897,Queue Length: 6,Counters: [34 34 34 34 34 0 0 0 0 0 ],Thresholds: [0 0 600 600 300 200 120 85 54 35 ]
2898,Queue Length: 6,Counters: [35 35 35 35 35 0 0 0 0 0 ],Thresholds: [0 0 600 600 300 200 120 85 54 35 ]
2899,Queue Length: 6,Counters: [36 36 36 36 36 0 0 0 0 0 ],Thresholds: [0 0 600 600 300 200 120 85 54 35 ]
2900,Queue Length: 6,Counters: [37 37 37 37 37 0 0 0 0 0 ],Thresholds: [0 0 600 600 300 200 120 85 54 35 ]
2901,Queue Length: 6,Counters: [38 38 38 38 38 0 0 0 0 0 ],Thresholds: [0 0 600 600 300 200 120 85 54 35 ]
2902,Queue Length: 6,Counters: [39 39 39 39 39 0 0 0 0 0 ],Thresholds: [0 0 600 600 300 200 120 85 54 35 ]
2903,Queue Length: 6,Counters: [40 40 40 40 40 0 0 0 0 0 ],Thresholds: [0 0 600 600 300 200 120 85 54 35 ]
2904,Queue Length: 6,Counters: [41 41 41 41 41 0 0 0 0 0 ],Thresholds: [0 0 600 600 300 200 120 85 54 35 ]
2905,Queue Length: 6,Counters: [42 42 42 42 42 0 0 0 0 0 ],Thresholds: [0 0 600 600 300 200 120 85 54 35 ]
2906,Queue Length: 6,Counters: [43 43 43 43 43 0 0 0 0 0 ],Thresholds: [0 0 600 600 300 200 120 85 54 35 ]
2907,Queue Length: 6,Counters: [44 44 44 44 44 0 0 0 0 0 ],Thresholds: [0 0 600 600 300 200 120 85 54 35 ]
2908,Queue Length: 6,Counters: [45 45 45 45 45 0 0 0 0 0 ],Thresholds: [0 0 600 600 300 200 120 85 54 35 ]
2909,Queue Length: 6,Counters: [46 46 46 46 46 0 0 0 0 0 ],Thresholds: [0 0 600 600 300 200 120 85 54 35 ]
2910,Queue Length: 6,Counters: [47 47 47 47 47 0 0 0 0 0 ],Thresholds: [0 0 600 600 300 200 120 85 54 35 ]
2911,Queue Length: 6,Counters: [48 48 48 48 48 0 0 0 0 0 ],Thresholds: [0 0 600 600 300 200 120 85 54 35 ]
2912,Queue Length: 6,Counters: [49 49 49 49 49 0 0 0 0 0 ],Thresholds: [0 0 600 600 300 200 120 85 54 35 ]
2913,Queue Length: 6,Counters: [50 50 50 50 50 0 0 0 0 0 ],Thresholds: [0 0 600 600 300 200 120 85 54 35 ]
2914,Queue Length: 6,Counters: [51 51 51 51 51 0 0 0 0 0 ],Thresholds: [0 0 600 600 300 200 120 85 54 35 ]
2915,Queue Length: 6,Counters: [52 52 52 52 52 0 0 0 0 0 ],Thresholds: [0 0 600 600 300 200 120 85 54 35 ]
2916,Queue Length: 6,Counters: [53 53 53 53 53 0 0 0 0 0 ],Thresholds: [0 0 600 600 300 200 120 85 54 35 ]
2917,Queue Length: 6,Counters: [54 54 54 54 54 0 0 0 0 0 ],Thresholds: [0 0 600 600 300 200 120 85 54 35 ]
2918,Queue Length: 6,Counters: [55 55 55 55 55 0 0 0 0 0 ],Thresholds: [0 0 600 600 300 200 120 85 54 35 ]
2919,Queue Length: 6,Counters: [56 56 56 56 56 0 0 0 0 0 ],Thresholds: [0 0 600 600 300 200 120 85 54 35 ]
2920,Queue Length: 6,Counters: [57 57 57 57 57 0 0 0 0 0 ],Thresholds: [0 0 600 600 300 200 120 85 54 35 ]
2921,Queue Length: 6,Counters: [58 58 58 58 58 0 0 0 0 0 ],Thresholds: [0 0 600 600 300 200 120 85 54 35 ]
2922,Queue Length: 6,Counters: [59 59 59 59 59 0 0 0 0 0 ],Thresholds: [0 0 600 600 300 200 120 85 54 35 ]
2923,Queue Length: 6,Counters: [60 60 60 60 60 0 0 0 0 0 ],Thresholds: [0 0 600 600 300 200 120 85 54 35 ]
2924,Queue Length: 6,Counters: [61 61 61 61 61 0 0 0 0 0 ],Thresholds: [0 0 600 600 300 200 120 85 54 35 ]
2925,Queue Length: 6,Counters: [62 62 62 62 62 0 0 0 0 0 ],Thresholds: [0 0 600 600 300 200 120 85 54 35 ]
2926,Queue Length: 6,Counters: [63 63 63 63 63 0 0 0 0 0 ],Thresholds: [0 0 600 600 300 200 120 85 54 35 ]
2927,Queue Length: 6,Counters: [64 64 64 64 64 0 0 0 0 0 ],Thresholds: [0 0 600 600 300 200 120 85 54 35 ]
2928,Queue Length: 6,Counters: [65 65 65 65 65 0 0 0 0 0 ],Thresholds: [0 0 600 600 300 200 120 85 54 35 ]
2929,Queue Length: 6,Counters: [66 66 66 66 66 0 0 0 0 0 ],Thresholds: [0 0 600 600 300 200 120 85 54 35 ]
2930,Queue Length: 6,Counters: [67 67 67 67 67 0 0 0 0 0 ],Thresholds: [0 0 600 600 300 200 120 85 54 35 ]
2931,Queue Length: 6,Counters: [68 68 68 68 68 0 0 0 0 0 ],Thresholds: [0 0 600 600 300 200 120 85 54 35 ]
2932,Queue Length: 6,Counters: [69 69 69 69 69 0 0 0 0 0 ],Thresholds: [0 0 600 600 300 200 120 85 54 35 ]
2933,Queue Length: 6,Counters: [70 70 70 70 70 0 0 0 0 0 ],Thresholds: [0 0 600 600 300 200 120 85 54 35 ]
2934,Queue Length: 6,Counters: [71 71 71 71 71 0 0 0 0 0 ],Thresholds: [0 0 600 600 300 200 120 85 54 35 ]
2935,Queue Length: 6,Counters: [72 72 72 72 72 0 0 0 0 0 ],Thresholds: [0 0 600 600 300 200 120 85 54 35 ]
2936,Queue Length: 6,Counters: [73 73 73 73 73 0 0 0 0 0 ],Thresholds: [0 0 600 600 300 200 120 85 54 35 ]
2937,Queue Length: 6,Counters: [74 74 74 74 74 0 0 0 0 0 ],Thresholds: [0 0 600 600 300 200 120 85 54 35 ]
2938,Queue Length: 6,Counters: [75 75 75 75 75 0 0 0 0 0 ],Thresholds: [0 0 600 600 300 200 120 85 54 35 ]
2939,Queue Length: 6,Counters: [76 76 76 76 76 0 0 0 0 0 ],Thresholds: [0 0 600 600 300 200 120 85 54 35 ]
2940,Queue Length: 6,Counters: [77 77 77 77 77 0 0 0 0 0 ],Thresholds: [0 0 600 600 300 200 120 85 54 35 ]
2941,Queue Length: 6,Counters: [78 78 78 78 78 0 0 0 0 0 ],Thresholds: [0 0 600 600 300 200 120 85 54 35 ]
2942,Queue Length: 6,Counters: [79 79 79 79 79 0 0 0 0 0 ],Thresholds: [0 0 600 600 300 200 120 85 54 35 ]
2943,Queue Length: 6,Counters: [80 80 80 80 80 0 0 0 0 0 ],Thresholds: [0 0 600 600 300 200 120 85 54 35 ]
2944,Queue Length: 6,Counters: [81 81 81 81 81 0 0 0 0 0 ],Thresholds: [0 0 600 600 300 200 120 85 54 35 ]
2945,Queue Length: 6,Counters: [82 82 82 82 82 0 0 0 0 0 ],Thresholds: [0 0 600 600 300 200 120 85 54 35 ]
2946,Queue Length: 6,Counters: [83 83 83 83 83 0 0 0 0 0 ],Thresholds: [0 0 600 600 300 200 120 85 54 35 ]
2947,Queue Length: 6,Counters: [84 84 84 84 84 0 0 0 0 0 ],Thresholds: [0 0 600 600 300 200 120 85 54 35 ]
2948,Queue Length: 6,Counters: [85 85 85 85 85 0 0 0 0 0 ],Thresholds: [0 0 600 600 300 200 120 85 54 35 ]
2949,Queue Length: 6,Counters: [86 86 86 86 86 0 0 0 0 0 ],Thresholds: [0 0 600 600 300 200 120 85 54 35 ]
2950,Queue Length: 6,Counters: [87 87 87 87 87 0 0 0 0 0 ],Thresholds: [0 0 600 600 300 200 120 85 54 35 ]
2951,Queue Length: 6,Counters: [88 88 88 88 88 0 0 0 0 0 ],Thresholds: [0 0 600 600 300 200 120 85 54 35 ]
2952,Queue Length: 6,Counters: [89 89 89 89 89 0 0 0 0 0 ],Thresholds: [0 0 600 600 300 200 120 85 54 35 ]
2953,Queue Length: 6,Counters: [90 90 90 90 90 0 0 0 0 0 ],Thresholds: [0 0 600 600 300 200 120 85 54 35 ]
2954,Queue Length: 6,Counters: [91 91 91 91 91 0 0 0 0 0 ],Thresholds: [0 0 600 600 300 200 120 85 54 35 ]
2955,Queue Length: 6,Counters: [92 92 92 92 92 0 0 0 0 0 ],Thresholds: [0 0 600 600 300 200 120 85 54 35 ]
2956,Queue Length: 6,Counters: [93 93 93 93 93 0 0 0 0 0 ],Thresholds: [0 0 600 600 300 200 120 85 54 35 ]
2957,Queue Length: 6,Counters: [94 94 94 94 94 0 0 0 0 0 ],Thresholds: [0 0 600 600 300 200 120 85 54 35 ]
2958,Queue Length: 6,Counters: [95 95 95 95 95 0 0 0 0 0 ],Thresholds: [0 0 600 600 300 200 120 85 54 35 ]
2959,Queue Length: 6,Counters: [96 96 96 96 96 0 0 0 0 0 ],Thresholds: [0 0 600 600 300 200 120 85 54 35 ]
2960,Queue Length: 6,Counters: [97 97 97 97 97 0 0 0 0 0 ],Thresholds: [0 0 600 600 300 200 120 85 54 35 ]
2961,Queue Length: 6,Counters: [98 98 98 98 98 0 0 0 0 0 ],Thresholds: [0 0 600 600 300 200 120 85 54 35 ]
2962,Queue Length: 6,Counters: [99 99 99 99 99 0 0 0 0 0 ],Thresholds: [0 0 600 600 300 200 120 85 54 35 ]
2963,Queue Length: 6,Counters: [100 100 100 100 100 0 0 0 0 0 ],Thresholds: [0 0 600 600 300 200 120 85 54 35 ]
2964,Queue Length: 6,Counters: [101 101 101 101 101 0 0 0 0 0 ],Thresholds: [0 0 600 600 300 200 120 85 54 35 ]
2965,Queue Length: 6,Counters: [102 102 102 102 102 0 0 0 0 0 ],Thresholds: [0 0 600 600 300 200 120 85 54 35 ]
2966,Queue Length: 6,Counters: [103 103 103 103 103 0 0 0 0 0 ],Thresholds: [0 0 600 600 300 200 120 85 54 35 ]
2967,Queue Length: 6,Counters: [104 104 104 104 104 0 0 0 0 0 ],Thresholds: [0 0 600 600 300 200 120 85 54 35 ]
2968,Queue Length: 6,Counters: [105 105 105 105 105 0 0 0 0 0 ],Thresholds: [0 0 600 600 300 200 120 85 54 35 ]
2969,Queue Length: 6,Counters: [106 106 106 106 106 0 0 0 0 0 ],Thresholds: [0 0 600 600 300 200 120 85 54 35 ]
2970,Queue Length: 6,Counters: [107 107 107 107 107 0 0 0 0 0 ],Thresholds: [0 0 600 600 300 200 120 85 54 35 ]
2971,Queue Length: 6,Counters: [108 108 108 108 108 0 0 0 0 0 ],Thresholds: [0 0 600 600 300 200 120 85 54 35 ]
2972,Queue Length: 6,Counters: [109 109 109 109 109 0 0 0 0 0 ],Thresholds: [0 0 600 600 300 200 120 85 54 35 ]
2973,Queue Length: 6,Counters: [110 110 110 110 110 0 0 0 0 0 ],Thresholds: [0 0 600 600 300 200 120 85 54 35 ]
2974,Queue Length: 6,Counters: [111 111 111 111 111 0 0 0 0 0 ],Thresholds: [0 0 600 600 300 200 120 85 54 35 ]
2975,Queue Length: 6,Counters: [112 112 112 112 112 0 0 0 0 0 ],Thresholds: [0 0 600 600 300 200 120 85 54 35 ]
2976,Queue Length: 6,Counters: [113 113 113 113 113 0 0 0 0 0 ],Thresholds: [0 0 600 600 300 200 120 85 54 35 ]
2977,Queue Length: 6,Counters: [114 114 114 114 114 0 0 0 0 0 ],Thresholds: [0 0 600 600 300 200 120 85 54 35 ]
2978,Queue Length: 6,Counters: [115 115 115 115 115 0 0 0 0 0 ],Thresholds: [0 0 600 600 300 200 120 85 54 35 ]
2979,Queue Length: 6,Counters: [116 116 116 116 116 0 0 0 0 0 ],Thresholds: [0 0 600 600 300 200 120 85 54 35 ]
2980,Queue Length: 6,Counters: [117 117 117 117 117 0 0 0 0 0 ],Thresholds: [0 0 600 600 300 200 120 85 54 35 ]
2981,Queue Length: 6,Counters: [118 118 118 118 118 0 0 0 0 0 ],Thresholds: [0 0 600 600 300 200 120 85 54 35 ]
2982,Queue Length: 6,Counters: [119 119 119 119 119 0 0 0 0 0 ],Thresholds: [0 0 600 600 300 200 120 85 54 35 ]
2983,Queue Length: 6,Counters: [120 120 120 120 120 0 0 0 0 0 ],Thresholds: [0 0 600 600 300 200 120 85 54 35 ]
2984,Queue Length: 6,Counters: [121 121 121 121 121 0 0 0 0 0 ],Thresholds: [0 0 600 600 300 200 120 85 54 35 ]
2985,Queue Length: 6,Counters: [122 122 122 122 122 0 0 0 0 0 ],Thresholds: [0 0 600 600 300 200 120 85 54 35 ]
2986,Queue Length: 6,Counters: [123 123 123 123 123 0 0 0 0 0 ],Thresholds: [0 0 600 600 300 200 120 85 54 35 ]
2987,Queue Length: 6,Counters: [124 124 124 124 124 0 0 0 0 0 ],Thresholds: [0 0 600 600 300 200 120 85 54 35 ]
2988,Queue Length: 6,Counters: [125 125 125 125 125 0 0 0 0 0 ],Thresholds: [0 0 600 600 300 200 120 85 54 35 ]
2989,Queue Length: 6,Counters: [126 126 126 126 126 0 0 0 0 0 ],Thresholds: [0 0 600 600 300 200 120 85 54 35 ]
2990,Queue Length: 6,Counters: [127 127 127 127 127 0 0 0 0 0 ],Thresholds: [0 0 600 600 300 200 120 85 54 35 ]
2991,Queue Length: 6,Counters: [128 128 128 128 128 0 0 0 0 0 ],Thresholds: [0 0 600 600 300 200 120 85 54 35 ]
2992,Queue Length: 6,Counters: [129 129 129 129 129 0 0 0 0 0 ],Thresholds: [0 0 600 600 300 200 120 85 54 35 ]
2993,Queue Length: 6,Counters: [130 130 130 130 130 0 0 0 0 0 ],Thresholds: [0 0 600 600 300 200 120 85 54 35 ]
2994,Queue Length: 6,Counters: [131 131 131 131 131 0 0 0 0 0 ],Thresholds: [0 0 600 600 300 200 120 85 54 35 ]
2995,Queue Length: 6,Counters: [132 132 132 132 132 0 0 0 0 0 ],Thresholds: [0 0 600 600 300 200 120 85 54 35 ]
2996,Queue Length: 6,Counters: [133 133 133 133 133 0 0 0 0 0 ],Thresholds: [0 0 600 600 300 200 120 85 54 35 ]
2997,Queue Length: 6,Counters: [134 134 134 134 134 0 0 0 0 0 ],Thresholds: [0 0 600 600 300 200 120 85 54 35 ]
2998,Queue Length: 6,Counters: [135 135 135 135 135 0 0 0 0 0 ],Thresholds: [0 0 600 600 300 200 120 85 54 35 ]
2999,Queue Length: 6,Counters: [136 136 136 136 136 0 0 0 0 0 ],Thresholds: [0 0 600 600 300 200 120 85 54 35 ]
3000,Queue Length: 6,Counters: [137 137 137 137 137 0 0 0 0 0 ],Thresholds: [0 0 600 600 300 200 120 85 54 35 ]
3001,Queue Length: 6,Counters: [138 138 138 138 138 0 0 0 0 0 ],Thresholds: [0 0 600 600 300 200 120 85 54 35 ]
3002,Queue Length: 6,Counters: [139 139 139 139 139 0 0 0 0 0 ],Thresholds: [0 0 600 600 300 200 120 85 54 35 ]
3003,Queue Length: 6,Counters: [140 140 140 140 140 0 0 0 0 0 ],Thresholds: [0 0 600 600 300 200 120 85 54 35 ]
3004,Queue Length: 6,Counters: [141 141 141 141 141 0 0 0 0 0 ],Thresholds: [0 0 600 600 300 200 120 85 54 35 ]
3005,Queue Length: 6,Counters: [142 142 142 142 142 0 0 0 0 0 ],Thresholds: [0 0 600 600 300 200 120 85 54 35 ]
3006,Queue Length: 6,Counters: [143 143 143 143 143 0 0 0 0 0 ],Thresholds: [0 0 600 600 300 200 120 85 54 35 ]
3007,Queue Length: 6,Counters: [144 144 144 144 144 0 0 0 0 0 ],Thresholds: [0 0 600 600 300 200 120 85 54 35 ]
3008,Queue Length: 6,Counters: [145 145 145 145 145 0 0 0 0 0 ],Thresholds: [0 0 600 600 300 200 120 85 54 35 ]
3009,Queue Length: 6,Counters: [146 146 146 146 146 0 0 0 0 0 ],Thresholds: [0 0 600 600 300 200 120 85 54 35 ]
3010,Queue Length: 6,Counters: [147 147 147 147 147 0 0 0 0 0 ],Thresholds: [0 0 600 600 300 200 120 85 54 35 ]
3011,Queue Length: 6,Counters: [148 148 148 148 148 0 0 0 0 0 ],Thresholds: [0 0 600 600 300 200 120 85 54 35 ]
3012,Queue Length: 6,Counters: [149 149 149 149 149 0 0 0 0 0 ],Thresholds: [0 0 600 600 300 200 120 85 54 35 ]
3013,Queue Length: 6,Counters: [150 150 150 150 150 0 0 0 0 0 ],Thresholds: [0 0 600 600 300 200 120 85 54 35 ]
3014,Queue Length: 6,Counters: [151 151 151 151 151 0 0 0 0 0 ],Thresholds: [0 0 600 600 300 200 120 85 54 35 ]
3015,Queue Length: 6,Counters: [152 152 152 152 152 0 0 0 0 0 ],Thresholds: [0 0 600 600 300 200 120 85 54 35 ]
3016,Queue Length: 6,Counters: [153 153 153 153 153 0 0 0 0 0 ],Thresholds: [0 0 600 600 300 200 120 85 54 35 ]
3017,Queue Length: 6,Counters: [154 154 154 154 154 0 0 0 0 0 ],Thresholds: [0 0 600 600 300 200 120 85 54 35 ]
3018,Queue Length: 6,Counters: [155 155 155 155 155 0 0 0 0 0 ],Thresholds: [0 0 600 600 300 200 120 85 54 35 ]
3019,Queue Length: 6,Counters: [156 156 156 156 156 0 0 0 0 0 ],Thresholds: [0 0 600 600 300 200 120 85 54 35 ]
3020,Queue Length: 6,Counters: [157 157 157 157 157 0 0 0 0 0 ],Thresholds: [0 0 600 600 300 200 120 85 54 35 ]
3021,Queue Length: 6,Counters: [158 158 158 158 158 0 0 0 0 0 ],Thresholds: [0 0 600 600 300 200 120 85 54 35 ]
3022,Queue Length: 6,Counters: [159 159 159 159 159 0 0 0 0 0 ],Thresholds: [0 0 600 600 300 200 120 85 54 35 ]
3023,Queue Length: 6,Counters: [160 160 160 160 160 0 0 0 0 0 ],Thresholds: [0 0 600 600 300 200 120 85 54 35 ]
3024,Queue Length: 6,Counters: [161 161 161 161 161 0 0 0 0 0 ],Thresholds: [0 0 600 600 300 200 120 85 54 35 ]
3025,Queue Length: 6,Counters: [162 162 162 162 162 0 0 0 0 0 ],Thresholds: [0 0 600 600 300 200 120 85 54 35 ]
3026,Queue Length: 6,Counters: [163 163 163 163 163 0 0 0 0 0 ],Thresholds: [0 0 600 600 300 200 120 85 54 35 ]
3027,Queue Length: 6,Counters: [164 164 164 164 164 0 0 0 0 0 ],Thresholds: [0 0 600 600 300 200 120 85 54 35 ]
3028,Queue Length: 6,Counters: [165 165 165 165 165 0 0 0 0 0 ],Thresholds: [0 0 600 600 300 200 120 85 54 35 ]
3029,Queue Length: 6,Counters: [166 166 166 166 166 0 0 0 0 0 ],Thresholds: [0 0 600 600 300 200 120 85 54 35 ]
3030,Queue Length: 6,Counters: [167 167 167 167 167 0 0 0 0 0 ],Thresholds: [0 0 600 600 300 200 120 85 54 35 ]
3031,Queue Length: 6,Counters: [168 168 168 168 168 0 0 0 0 0 ],Thresholds: [0 0 600 600 300 200 120 85 54 35 ]
3032,Queue Length: 6,Counters: [169 169 169 169 169 0 0 0 0 0 ],Thresholds: [0 0 600 600 300 200 120 85 54 35 ]
3033,Queue Length: 6,Counters: [170 170 170 170 170 0 0 0 0 0 ],Thresholds: [0 0 600 600 300 200 120 85 54 35 ]
3034,Queue Length: 6,Counters: [171 171 171 171 171 0 0 0 0 0 ],Thresholds: [0 0 600 600 300 200 120 85 54 35 ]
3035,Queue Length: 6,Counters: [172 172 172 172 172 0 0 0 0 0 ],Thresholds: [0 0 600 600 300 200 120 85 54 35 ]
3036,Queue Length: 6,Counters: [173 173 173 173 173 0 0 0 0 0 ],Thresholds: [0 0 600 600 300 200 120 85 54 35 ]
3037,Queue Length: 6,Counters: [174 174 174 174 174 0 0 0 0 0 ],Thresholds: [0 0 600 600 300 200 120 85 54 35 ]
3038,Queue Length: 6,Counters: [175 175 175 175 175 0 0 0 0 0 ],Thresholds: [0 0 600 600 300 200 120 85 54 35 ]
3039,Queue Length: 6,Counters: [176 176 176 176 176 0 0 0 0 0 ],Thresholds: [0 0 600 600 300 200 120 85 54 35 ]
3040,Queue Length: 6,Counters: [177 177 177 177 177 0 0 0 0 0 ],Thresholds: [0 0 600 600 300 200 120 85 54 35 ]
3041,Queue Length: 6,Counters: [178 178 178 178 178 0 0 0 0 0 ],Thresholds: [0 0 600 600 300 200 120 85 54 35 ]
3042,Queue Length: 6,Counters: [179 179 179 179 179 0 0 0 0 0 ],Thresholds: [0 0 600 600 300 200 120 85 54 35 ]
3043,Queue Length: 6,Counters: [180 180 180 180 180 0 0 0 0 0 ],Thresholds: [0 0 600 600 300 200 120 85 54 35 ]
3044,Queue Length: 6,Counters: [181 181 181 181 181 0 0 0 0 0 ],Thresholds: [0 0 600 600 300 200 120 85 54 35 ]
3045,Queue Length: 6,Counters: [182 182 182 182 182 0 0 0 0 0 ],Thresholds: [0 0 600 600 300 200 120 85 54 35 ]
3046,Queue Length: 6,Counters: [183 183 183 183 183 0 0 0 0 0 ],Thresholds: [0 0 600 600 300 200 120 85 54 35 ]
3047,Queue Length: 6,Counters: [184 184 184 184 184 0 0 0 0 0 ],Thresholds: [0 0 600 600 300 200 120 85 54 35 ]
3048,Queue Length: 6,Counters: [185 185 185 185 185 0 0 0 0 0 ],Thresholds: [0 0 600 600 300 200 120 85 54 35 ]
3049,Queue Length: 6,Counters: [186 186 186 186 186 0 0 0 0 0 ],Thresholds: [0 0 600 600 300 200 120 85 54 35 ]
3050,Queue Length: 6,Counters: [187 187 187 187 187 0 0 0 0 0 ],Thresholds: [0 0 600 600 300 200 120 85 54 35 ]
3051,Queue Length: 6,Counters: [188 188 188 188 188 0 0 0 0 0 ],Thresholds: [0 0 600 600 300 200 120 85 54 35 ]
3052,Queue Length: 6,Counters: [189 189 189 189 189 0 0 0 0 0 ],Thresholds: [0 0 600 600 300 200 120 85 54 35 ]
3053,Queue Length: 6,Counters: [190 190 190 190 190 0 0 0 0 0 ],Thresholds: [0 0 600 600 300 200 120 85 54 35 ]
3054,Queue Length: 6,Counters: [191 191 191 191 191 0 0 0 0 0 ],Thresholds: [0 0 600 600 300 200 120 85 54 35 ]
3055,Queue Length: 6,Counters: [192 192 192 192 192 0 0 0 0 0 ],Thresholds: [0 0 600 600 300 200 120 85 54 35 ]
3056,Queue Length: 6,Counters: [193 193 193 193 193 0 0 0 0 0 ],Thresholds: [0 0 600 600 300 200 120 85 54 35 ]
3057,Queue Length: 6,Counters: [194 194 194 194 194 0 0 0 0 0 ],Thresholds: [0 0 600 600 300 200 120 85 54 35 ]
3058,Queue Length: 6,Counters: [195 195 195 195 195 0 0 0 0 0 ],Thresholds: [0 0 600 600 300 200 120 85 54 35 ]
3059,Queue Length: 6,Counters: [196 196 196 196 196 0 0 0 0 0 ],Thresholds: [0 0 600 600 300 200 120 85 54 35 ]
3060,Queue Length: 6,Counters: [197 197 197 197 197 0 0 0 0 0 ],Thresholds: [0 0 600 600 300 200 120 85 54 35 ]
3061,Queue Length: 6,Counters: [198 198 198 198 198 0 0 0 0 0 ],Thresholds: [0 0 600 600 300 200 120 85 54 35 ]
3062,Queue Length: 6,Counters: [199 199 199 199 199 0 0 0 0 0 ],Thresholds: [0 0 600 600 300 200 120 85 54 35 ]
3063,Queue Length: 6,Counters: [200 200 200 200 200 0 0 0 0 0 ],Thresholds: [0 0 600 600 300 200 120 85 54 35 ]
3064,Queue Length: 6,Counters: [201 201 201 201 201 0 0 0 0 0 ],Thresholds: [0 0 600 600 300 200 120 85 54 35 ]
3065,Queue Length: 6,Counters: [202 202 202 202 202 0 0 0 0 0 ],Thresholds: [0 0 600 600 300 200 120 85 54 35 ]
3066,Queue Length: 6,Counters: [203 203 203 203 203 0 0 0 0 0 ],Thresholds: [0 0 600 600 300 200 120 85 54 35 ]
3067,Queue Length: 6,Counters: [204 204 204 204 204 0 0 0 0 0 ],Thresholds: [0 0 600 600 300 200 120 85 54 35 ]
3068,Queue Length: 6,Counters: [205 205 205 205 205 0 0 0 0 0 ],Thresholds: [0 0 600 600 300 200 120 85 54 35 ]
3069,Queue Length: 6,Counters: [206 206 206 206 206 0 0 0 0 0 ],Thresholds: [0 0 600 600 300 200 120 85 54 35 ]
3070,Queue Length: 6,Counters: [207 207 207 207 207 0 0 0 0 0 ],Thresholds: [0 0 600 600 300 200 120 85 54 35 ]
3071,Queue Length: 6,Counters: [208 208 208 208 208 0 0 0 0 0 ],Thresholds: [0 0 600 600 300 200 120 85 54 35 ]
3072,Queue Length: 6,Counters: [209 209 209 209 209 0 0 0 0 0 ],Thresholds: [0 0 600 600 300 200 120 85 54 35 ]
3073,Queue Length: 6,Counters: [210 210 210 210 210 0 0 0 0 0 ],Thresholds: [0 0 600 600 300 200 120 85 54 35 ]
3074,Queue Length: 6,Counters: [211 211 211 211 211 0 0 0 0 0 ],Thresholds: [0 0 600 600 300 200 120 85 54 35 ]
3075,Queue Length: 6,Counters: [212 212 212 212 212 0 0 0 0 0 ],Thresholds: [0 0 600 600 300 200 120 85 54 35 ]
3076,Queue Length: 6,Counters: [213 213 213 213 213 0 0 0 0 0 ],Thresholds: [0 0 600 600 300 200 120 85 54 35 ]
3077,Queue Length: 6,Counters: [214 214 214 214 214 0 0 0 0 0 ],Thresholds: [0 0 600 600 300 200 120 85 54 35 ]
3078,Queue Length: 6,Counters: [215 215 215 215 215 0 0 0 0 0 ],Thresholds: [0 0 600 600 300 200 120 85 54 35 ]
3079,Queue Length: 6,Counters: [216 216 216 216 216 0 0 0 0 0 ],Thresholds: [0 0 600 600 300 200 120 85 54 35 ]
3080,Queue Length: 6,Counters: [217 217 217 217 217 0 0 0 0 0 ],Thresholds: [0 0 600 600 300 200 120 85 54 35 ]
3081,Queue Length: 5,Counters: [218 218 218 218 0 0 0 0 0 0 ],Thresholds: [0 0 600 600 300 200 120 85 54 35 ]
3082,Queue Length: 4,Counters: [219 219 219 0 0 0 0 0 0 0 ],Thresholds: [0 0 600 600 300 200 120 85 54 35 ]
3083,Queue Length: 3,Counters: [220 220 0 0 0 0 0 0 0 0 ],Thresholds: [0 0 600 600 300 200 120 85 54 35 ]
3084,Queue Length: 2,Counters: [221 0 0 0 0 0 0 0 0 0 ],Thresholds: [0 0 600 600 300 200 120 85 54 35 ]
3085,Queue Length: 1,Counters: [0 0 0 0 0 0 0 0 0 0 ],Thresholds: [0 0 600 600 300 200 120 85 54 35 ]
3086,Queue Length: 6,Counters: [1 1 1 1 1 0 0 0 0 0 ],Thresholds: [0 0 600 600 300 200 120 85 54 35 ]
3087,Queue Length: 6,Counters: [2 2 2 2 2 0 0 0 0 0 ],Thresholds: [0 0 600 600 300 200 120 85 54 35 ]
3088,Queue Length: 6,Counters: [3 3 3 3 3 0 0 0 0 0 ],Thresholds: [0 0 600 600 300 200 120 85 54 35 ]
3089,Queue Length: 6,Counters: [4 4 4 4 4 0 0 0 0 0 ],Thresholds: [0 0 600 600 300 200 120 85 54 35 ]
3090,Queue Length: 6,Counters: [5 5 5 5 5 0 0 0 0 0 ],Thresholds: [0 0 600 600 300 200 120 85 54 35 ]
3091,Queue Length: 6,Counters: [6 6 6 6 6 0 0 0 0 0 ],Thresholds: [0 0 600 600 300 200 120 85 54 35 ]
3092,Queue Length: 6,Counters: [7 7 7 7 7 0 0 0 0 0 ],Thresholds: [0 0 600 600 300 200 120 85 54 35 ]
3093,Queue Length: 6,Counters: [8 8 8 8 8 0 0 0 0 0 ],Thresholds: [0 0 600 600 300 200 120 85 54 35 ]
3094,Queue Length: 6,Counters: [9 9 9 9 9 0 0 0 0 0 ],Thresholds: [0 0 600 600 300 200 120 85 54 35 ]
3095,Queue Length: 6,Counters: [10 10 10 10 10 0 0 0 0 0 ],Thresholds: [0 0 600 600 300 200 120 85 54 35 ]
3096,Queue Length: 6,Counters: [11 11 11 11 11 0 0 0 0 0 ],Thresholds: [0 0 600 600 300 200 120 85 54 35 ]
3097,Queue Length: 6,Counters: [12 12 12 12 12 0 0 0 0 0 ],Thresholds: [0 0 600 600 300 200 120 85 54 35 ]
3098,Queue Length: 6,Counters: [13 13 13 13 13 0 0 0 0 0 ],Thresholds: [0 0 600 600 300 200 120 85 54 35 ]
3099,Queue Length: 6,Counters: [14 14 14 14 14 0 0 0 0 0 ],Thresholds: [0 0 600 600 300 200 120 85 54 35 ]
3100,Queue Length: 6,Counters: [15 15 15 15 15 0 0 0 0 0 ],Thresholds: [0 0 600 600 300 200 120 85 54 35 ]
3101,Queue Length: 6,Counters: [16 16 16 16 16 0 0 0 0 0 ],Thresholds: [0 0 600 600 300 200 120 85 54 35 ]
3102,Queue Length: 6,Counters: [17 17 17 17 17 0 0 0 0 0 ],Thresholds: [0 0 600 600 300 200 120 85 54 35 ]
3103,Queue Length: 6,Counters: [18 18 18 18 18 0 0 0 0 0 ],Thresholds: [0 0 600 600 300 200 120 85 54 35 ]
3104,Queue Length: 6,Counters: [19 19 19 19 19 0 0 0 0 0 ],Thresholds: [0 0 600 600 300 200 120 85 54 35 ]
3105,Queue Length: 6,Counters: [20 20 20 20 20 0 0 0 0 0 ],Thresholds: [0 0 600 600 300 200 120 85 54 35 ]
3106,Queue Length: 6,Counters: [21 21 21 21 21 0 0 0 0 0 ],Thresholds: [0 0 600 600 300 200 120 85 54 35 ]
3107,Queue Length: 6,Counters: [22 22 22 22 22 0 0 0 0 0 ],Thresholds: [0 0 600 600 300 200 120 85 54 35 ]
3108,Queue Length: 6,Counters: [23 23 23 23 23 0 0 0 0 0 ],Thresholds: [0 0 600 600 300 200 120 85 54 35 ]
3109,Queue Length: 6,Counters: [24 24 24 24 24 0 0 0 0 0 ],Thresholds: [0 0 600 600 300 200 120 85 54 35 ]
3110,Queue Length: 6,Counters: [25 25 25 25 25 0 0 0 0 0 ],Thresholds: [0 0 600 600 300 200 120 85 54 35 ]
3111,Queue Length: 6,Counters: [26 26 26 26 26 0 0 0 0 0 ],Thresholds: [0 0 600 600 300 200 120 85 54 35 ]
3112,Queue Length: 6,Counters: [27 27 27 27 27 0 0 0 0 0 ],Thresholds: [0 0 600 600 300 200 120 85 54 35 ]
3113,Queue Length: 6,Counters: [28 28 28 28 28 0 0 0 0 0 ],Thresholds: [0 0 600 600 300 200 120 85 54 35 ]
3114,Queue Length: 6,Counters: [29 29 29 29 29 0 0 0 0 0 ],Thresholds: [0 0 600 600 300 200 120 85 54 35 ]
3115,Queue Length: 6,Counters: [30 30 30 30 30 0 0 0 0 0 ],Thresholds: [0 0 600 600 300 200 120 85 54 35 ]
3116,Queue Length: 6,Counters: [31 31 31 31 31 0 0 0 0 0 ],Thresholds: [0 0 600 600 300 200 120 85 54 35 ]
3117,Queue Length: 6,Counters: [32 32 32 32 32 0 0 0 0 0 ],Thresholds: [0 0 600 600 300 200 120 85 54 35 ]
3118,Queue Length: 6,Counters: [33 33 33 33 33 0 0 0 0 0 ],Thresholds: [0 0 600 600 300 200 120 85 54 35 ]
3119,Queue Length: 6,Counters: [34 34 34 34 34 0 0 0 0 0 ],Thresholds: [0 0 600 600 300 200 120 85 54 35 ]
3120,Queue Length: 6,Counters: [35 35 35 35 35 0 0 0 0 0 ],Thresholds: [0 0 600 600 300 200 120 85 54 35 ]
3121,Queue Length: 6,Counters: [36 36 36 36 36 0 0 0 0 0 ],Thresholds: [0 0 600 600 300 200 120 85 54 35 ]
3122,Queue Length: 6,Counters: [37 37 37 37 37 0 0 0 0 0 ],Thresholds: [0 0 600 600 300 200 120 85 54 35 ]
3123,Queue Length: 6,Counters: [38 38 38 38 38 0 0 0 0 0 ],Thresholds: [0 0 600 600 300 200 120 85 54 35 ]
3124,Queue Length: 6,Counters: [39 39 39 39 39 0 0 0 0 0 ],Thresholds: [0 0 600 600 300 200 120 85 54 35 ]
3125,Queue Length: 6,Counters: [40 40 40 40 40 0 0 0 0 0 ],Thresholds: [0 0 600 600 300 200 120 85 54 35 ]
3126,Queue Length: 6,Counters: [41 41 41 41 41 0 0 0 0 0 ],Thresholds: [0 0 600 600 300 200 120 85 54 35 ]
3127,Queue Length: 6,Counters: [42 42 42 42 42 0 0 0 0 0 ],Thresholds: [0 0 600 600 300 200 120 85 54 35 ]
3128,Queue Length: 6,Counters: [43 43 43 43 43 0 0 0 0 0 ],Thresholds: [0 0 600 600 300 200 120 85 54 35 ]
3129,Queue Length: 6,Counters: [44 44 44 44 44 0 0 0 0 0 ],Thresholds: [0 0 600 600 300 200 120 85 54 35 ]
3130,Queue Length: 6,Counters: [45 45 45 45 45 0 0 0 0 0 ],Thresholds: [0 0 600 600 300 200 120 85 54 35 ]
3131,Queue Length: 6,Counters: [46 46 46 46 46 0 0 0 0 0 ],Thresholds: [0 0 600 600 300 200 120 85 54 35 ]
3132,Queue Length: 6,Counters: [47 47 47 47 47 0 0 0 0 0 ],Thresholds: [0 0 600 600 300 200 120 85 54 35 ]
3133,Queue Length: 6,Counters: [48 48 48 48 48 0 0 0 0 0 ],Thresholds: [0 0 600 600 300 200 120 85 54 35 ]
3134,Queue Length: 6,Counters: [49 49 49 49 49 0 0 0 0 0 ],Thresholds: [0 0 600 600 300 200 120 85 54 35 ]
3135,Queue Length: 6,Counters: [50 50 50 50 50 0 0 0 0 0 ],Thresholds: [0 0 600 600 300 200 120 85 54 35 ]
3136,Queue Length: 6,Counters: [51 51 51 51 51 0 0 0 0 0 ],Thresholds: [0 0 600 600 300 200 120 85 54 35 ]
3137,Queue Length: 6,Counters: [52 52 52 52 52 0 0 0 0 0 ],Thresholds: [0 0 600 600 300 200 120 85 54 35 ]
3138,Queue Length: 6,Counters: [53 53 53 53 53 0 0 0 0 0 ],Thresholds: [0 0 600 600 300 200 120 85 54 35 ]
3139,Queue Length: 6,Counters: [54 54 54 54 54 0 0 0 0 0 ],Thresholds: [0 0 600 600 300 200 120 85 54 35 ]
3140,Queue Length: 5,Counters: [55 55 55 55 0 0 0 0 0 0 ],Thresholds: [0 0 600 600 300 200 120 85 54 35 ]
3141,Queue Length: 4,Counters: [56 56 56 0 0 0 0 0 0 0 ],Thresholds: [0 0 600 600 300 200 120 85 54 35 ]
3142,Queue Length: 3,Counters: [57 57 0 0 0 0 0 0 0 0 ],Thresholds: [0 0 600 600 300 200 120 85 54 35 ]
3143,Queue Length: 2,Counters: [58 0 0 0 0 0 0 0 0 0 ],Thresholds: [0 0 600 600 300 200 120 85 54 35 ]
3144,Queue Length: 3,Counters: [59 1 0 0 0 0 0 0 0 0 ],Thresholds: [0 0 600 600 300 200 120 85 54 35 ]
3145,Queue Length: 6,Counters: [60 2 1 1 1 0 0 0 0 0 ],Thresholds: [0 0 600 600 300 200 120 85 54 35 ]
3146,Queue Length: 6,Counters: [61 3 2 2 2 0 0 0 0 0 ],Thresholds: [0 0 600 600 300 200 120 85 54 35 ]
3147,Queue Length: 6,Counters: [62 4 3 3 3 0 0 0 0 0 ],Thresholds: [0 0 600 600 300 200 120 85 54 35 ]
3148,Queue Length: 6,Counters: [63 5 4 4 4 0 0 0 0 0 ],Thresholds: [0 0 600 600 300 200 120 85 54 35 ]
3149,Queue Length: 5,Counters: [64 6 5 5 0 0 0 0 0 0 ],Thresholds: [0 0 600 600 300 200 120 85 54 35 ]
3150,Queue Length: 4,Counters: [65 7 6 0 0 0 0 0 0 0 ],Thresholds: [0 0 600 600 300 200 120 85 54 35 ]
3151,Queue Length: 3,Counters: [66 8 0 0 0 0 0 0 0 0 ],Thresholds: [0 0 600 600 300 200 120 85 54 35 ]
3152,Queue Length: 2,Counters: [67 0 0 0 0 0 0 0 0 0 ],Thresholds: [0 0 600 600 300 200 120 85 54 35 ]
3153,Queue Length: 2,Counters: [68 0 0 0 0 0 0 0 0 0 ],Thresholds: [0 0 600 600 300 200 120 85 54 35 ]
3154,Queue Length: 6,Counters: [69 1 1 1 1 0 0 0 0 0 ],Thresholds: [0 0 600 600 300 200 120 85 54 35 ]
3155,Queue Length: 6,Counters: [70 2 2 2 2 0 0 0 0 0 ],Thresholds: [0 0 600 600 300 200 120 85 54 35 ]
3156,Queue Length: 6,Counters: [71 3 3 3 3 0 0 0 0 0 ],Thresholds: [0 0 600 600 300 200 120 85 54 35 ]
3157,Queue Length: 6,Counters: [72 4 4 4 4 0 0 0 0 0 ],Thresholds: [0 0 600 600 300 200 120 85 54 35 ]
3158,Queue Length: 6,Counters: [73 5 5 5 5 0 0 0 0 0 ],Thresholds: [0 0 600 600 300 200 120 85 54 35 ]
3159,Queue Length: 6,Counters: [74 6 6 6 6 0 0 0 0 0 ],Thresholds: [0 0 600 600 300 200 120 85 54 35 ]
3160,Queue Length: 6,Counters: [75 7 7 7 7 0 0 0 0 0 ],Thresholds: [0 0 600 600 300 200 120 85 54 35 ]
3161,Queue Length: 6,Counters: [76 8 8 8 8 0 0 0 0 0 ],Thresholds: [0 0 600 600 300 200 120 85 54 35 ]
3162,Queue Length: 6,Counters: [77 9 9 9 9 0 0 0 0 0 ],Thresholds: [0 0 600 600 300 200 120 85 54 35 ]
3163,Queue Length: 6,Counters: [78 10 10 10 10 0 0 0 0 0 ],Thresholds: [0 0 600 600 300 200 120 85 54 35 ]
3164,Queue Length: 6,Counters: [79 11 11 11 11 0 0 0 0 0 ],Thresholds: [0 0 600 600 300 200 120 85 54 35 ]
3165,Queue Length: 6,Counters: [80 12 12 12 12 0 0 0 0 0 ],Thresholds: [0 0 600 600 300 200 120 85 54 35 ]
3166,Queue Length: 6,Counters: [81 13 13 13 13 0 0 0 0 0 ],Thresholds: [0 0 600 600 300 200 120 85 54 35 ]
3167,Queue Length: 6,Counters: [82 14 14 14 14 0 0 0 0 0 ],Thresholds: [0 0 600 600 300 200 120 85 54 35 ]
3168,Queue Length: 6,Counters: [83 15 15 15 15 0 0 0 0 0 ],Thresholds: [0 0 600 600 300 200 120 85 54 35 ]
3169,Queue Length: 6,Counters: [84 16 16 16 16 0 0 0 0 0 ],Thresholds: [0 0 600 600 300 200 120 85 54 35 ]
3170,Queue Length: 6,Counters: [85 17 17 17 17 0 0 0 0 0 ],Thresholds: [0 0 600 600 300 200 120 85 54 35 ]
3171,Queue Length: 6,Counters: [86 18 18 18 18 0 0 0 0 0 ],Thresholds: [0 0 600 600 300 200 120 85 54 35 ]
3172,Queue Length: 6,Counters: [87 19 19 19 19 0 0 0 0 0 ],Thresholds: [0 0 600 600 300 200 120 85 54 35 ]
3173,Queue Length: 6,Counters: [88 20 20 20 20 0 0 0 0 0 ],Thresholds: [0 0 600 600 300 200 120 85 54 35 ]
3174,Queue Length: 6,Counters: [89 21 21 21 21 0 0 0 0 0 ],Thresholds: [0 0 600 600 300 200 120 85 54 35 ]
3175,Queue Length: 5,Counters: [90 22 22 22 0 0 0 0 0 0 ],Thresholds: [0 0 600 600 300 200 120 85 54 35 ]
3176,Queue Length: 4,Counters: [91 23 23 0 0 0 0 0 0 0 ],Thresholds: [0 0 600 600 300 200 120 85 54 35 ]
3177,Queue Length: 3,Counters: [92 24 0 0 0 0 0 0 0 0 ],Thresholds: [0 0 600 600 300 200 120 85 54 35 ]
3178,Queue Length: 2,Counters: [93 0 0 0 0 0 0 0 0 0 ],Thresholds: [0 0 600 600 300 200 120 85 54 35 ]
3179,Queue Length: 2,Counters: [94 0 0 0 0 0 0 0 0 0 ],Thresholds: [0 0 600 600 300 200 120 85 54 35 ]
3180,Queue Length: 6,Counters: [95 1 1 1 1 0 0 0 0 0 ],Thresholds: [0 0 600 600 300 200 120 85 54 35 ]
3181,Queue Length: 6,Counters: [96 2 2 2 2 0 0 0 0 0 ],Thresholds: [0 0 600 600 300 200 120 85 54 35 ]
3182,Queue Length: 6,Counters: [97 3 3 3 3 0 0 0 0 0 ],Thresholds: [0 0 600 600 300 200 120 85 54 35 ]
3183,Queue Length: 6,Counters: [98 4 4 4 4 0 0 0 0 0 ],Thresholds: [0 0 600 600 300 200 120 85 54 35 ]
3184,Queue Length: 6,Counters: [99 5 5 5 5 0 0 0 0 0 ],Thresholds: [0 0 600 600 300 200 120 85 54 35 ]
3185,Queue Length: 6,Counters: [100 6 6 6 6 0 0 0 0 0 ],Thresholds: [0 0 600 600 300 200 120 85 54 35 ]
3186,Queue Length: 6,Counters: [101 7 7 7 7 0 0 0 0 0 ],Thresholds: [0 0 600 600 300 200 120 85 54 35 ]
3187,Queue Length: 6,Counters: [102 8 8 8 8 0 0 0 0 0 ],Thresholds: [0 0 600 600 300 200 120 85 54 35 ]
3188,Queue Length: 6,Counters: [103 9 9 9 9 0 0 0 0 0 ],Thresholds: [0 0 600 600 300 200 120 85 54 35 ]
3189,Queue Length: 6,Counters: [104 10 10 10 10 0 0 0 0 0 ],Thresholds: [0 0 600 600 300 200 120 85 54 35 ]
3190,Queue Length: 6,Counters: [105 11 11 11 11 0 0 0 0 0 ],Thresholds: [0 0 600 600 300 200 120 85 54 35 ]
3191,Queue Length: 6,Counters: [106 12 12 12 12 0 0 0 0 0 ],Thresholds: [0 0 600 600 300 200 120 85 54 35 ]
3192,Queue Length: 6,Counters: [107 13 13 13 13 0 0 0 0 0 ],Thresholds: [0 0 600 600 300 200 120 85 54 35 ]
3193,Queue Length: 6,Counters: [108 14 14 14 14 0 0 0 0 0 ],Thresholds: [0 0 600 600 300 200 120 85 54 35 ]
3194,Queue Length: 6,Counters: [109 15 15 15 15 0 0 0 0 0 ],Thresholds: [0 0 600 600 300 200 120 85 54 35 ]
3195,Queue Length: 6,Counters: [110 16 16 16 16 0 0 0 0 0 ],Thresholds: [0 0 600 600 300 200 120 85 54 35 ]
3196,Queue Length: 6,Counters: [111 17 17 17 17 0 0 0 0 0 ],Thresholds: [0 0 600 600 300 200 120 85 54 35 ]
3197,Queue Length: 6,Counters: [112 18 18 18 18 0 0 0 0 0 ],Thresholds: [0 0 600 600 300 200 120 85 54 35 ]
3198,Queue Length: 6,Counters: [113 19 19 19 19 0 0 0 0 0 ],Thresholds: [0 0 600 600 300 200 120 85 54 35 ]
3199,Queue Length: 6,Counters: [114 20 20 20 20 0 0 0 0 0 ],Thresholds: [0 0 600 600 300 200 120 85 54 35 ]
3200,Queue Length: 6,Counters: [115 21 21 21 21 0 0 0 0 0 ],Thresholds: [0 0 600 600 300 200 120 85 54 35 ]
3201,Queue Length: 6,Counters: [116 22 22 22 22 0 0 0 0 0 ],Thresholds: [0 0 600 600 300 200 120 85 54 35 ]
3202,Queue Length: 6,Counters: [117 23 23 23 23 0 0 0 0 0 ],Thresholds: [0 0 600 600 300 200 120 85 54 35 ]
3203,Queue Length: 6,Counters: [118 24 24 24 24 0 0 0 0 0 ],Thresholds: [0 0 600 600 300 200 120 85 54 35 ]
3204,Queue Length: 6,Counters: [119 25 25 25 25 0 0 0 0 0 ],Thresholds: [0 0 600 600 300 200 120 85 54 35 ]
3205,Queue Length: 6,Counters: [120 26 26 26 26 0 0 0 0 0 ],Thresholds: [0 0 600 600 300 200 120 85 54 35 ]
3206,Queue Length: 6,Counters: [121 27 27 27 27 0 0 0 0 0 ],Thresholds: [0 0 600 600 300 200 120 85 54 35 ]
3207,Queue Length: 6,Counters: [122 28 28 28 28 0 0 0 0 0 ],Thresholds: [0 0 600 600 300 200 120 85 54 35 ]
3208,Queue Length: 6,Counters: [123 29 29 29 29 0 0 0 0 0 ],Thresholds: [0 0 600 600 300 200 120 85 54 35 ]
3209,Queue Length: 6,Counters: [124 30 30 30 30 0 0 0 0 0 ],Thresholds: [0 0 600 600 300 200 120 85 54 35 ]
3210,Queue Length: 6,Counters: [125 31 31 31 31 0 0 0 0 0 ],Thresholds: [0 0 600 600 300 200 120 85 54 35 ]
3211,Queue Length: 6,Counters: [126 32 32 32 32 0 0 0 0 0 ],Thresholds: [0 0 600 600 300 200 120 85 54 35 ]
3212,Queue Length: 6,Counters: [127 33 33 33 33 0 0 0 0 0 ],Thresholds: [0 0 600 600 300 200 120 85 54 35 ]
3213,Queue Length: 6,Counters: [128 34 34 34 34 0 0 0 0 0 ],Thresholds: [0 0 600 600 300 200 120 85 54 35 ]
3214,Queue Length: 6,Counters: [129 35 35 35 35 0 0 0 0 0 ],Thresholds: [0 0 600 600 300 200 120 85 54 35 ]
3215,Queue Length: 6,Counters: [130 36 36 36 36 0 0 0 0 0 ],Thresholds: [0 0 600 600 300 200 120 85 54 35 ]
3216,Queue Length: 6,Counters: [131 37 37 37 37 0 0 0 0 0 ],Thresholds: [0 0 600 600 300 200 120 85 54 35 ]
3217,Queue Length: 6,Counters: [132 38 38 38 38 0 0 0 0 0 ],Thresholds: [0 0 600 600 300 200 120 85 54 35 ]
3218,Queue Length: 6,Counters: [133 39 39 39 39 0 0 0 0 0 ],Thresholds: [0 0 600 600 300 200 120 85 54 35 ]
3219,Queue Length: 6,Counters: [134 40 40 40 40 0 0 0 0 0 ],Thresholds: [0 0 600 600 300 200 120 85 54 35 ]
3220,Queue Length: 6,Counters: [135 41 41 41 41 0 0 0 0 0 ],Thresholds: [0 0 600 600 300 200 120 85 54 35 ]
3221,Queue Length: 6,Counters: [136 42 42 42 42 0 0 0 0 0 ],Thresholds: [0 0 600 600 300 200 120 85 54 35 ]
3222,Queue Length: 6,Counters: [137 43 43 43 43 0 0 0 0 0 ],Thresholds: [0 0 600 600 300 200 120 85 54 35 ]
3223,Queue Length: 6,Counters: [138 44 44 44 44 0 0 0 0 0 ],Thresholds: [0 0 600 600 300 200 120 85 54 35 ]
3224,Queue Length: 6,Counters: [139 45 45 45 45 0 0 0 0 0 ],Thresholds: [0 0 600 600 300 200 120 85 54 35 ]
3225,Queue Length: 6,Counters: [140 46 46 46 46 0 0 0 0 0 ],Thresholds: [0 0 600 600 300 200 120 85 54 35 ]
3226,Queue Length: 6,Counters: [141 47 47 47 47 0 0 0 0 0 ],Thresholds: [0 0 600 600 300 200 120 85 54 35 ]
3227,Queue Length: 6,Counters: [142 48 48 48 48 0 0 0 0 0 ],Thresholds: [0 0 600 600 300 200 120 85 54 35 ]
3228,Queue Length: 6,Counters: [143 49 49 49 49 0 0 0 0 0 ],Thresholds: [0 0 600 600 300 200 120 85 54 35 ]
3229,Queue Length: 6,Counters: [144 50 50 50 50 0 0 0 0 0 ],Thresholds: [0 0 600 600 300 200 120 85 54 35 ]
3230,Queue Length: 6,Counters: [145 51 51 51 51 0 0 0 0 0 ],Thresholds: [0 0 600 600 300 200 120 85 54 35 ]
3231,Queue Length: 6,Counters: [146 52 52 52 52 0 0 0 0 0 ],Thresholds: [0 0 600 600 300 200 120 85 54 35 ]
3232,Queue Length: 6,Counters: [147 53 53 53 53 0 0 0 0 0 ],Thresholds: [0 0 600 600 300 200 120 85 54 35 ]
3233,Queue Length: 6,Counters: [148 54 54 54 54 0 0 0 0 0 ],Thresholds: [0 0 600 600 300 200 120 85 54 35 ]
3234,Queue Length: 6,Counters: [149 55 55 55 55 0 0 0 0 0 ],Thresholds: [0 0 600 600 300 200 120 85 54 35 ]
3235,Queue Length: 6,Counters: [150 56 56 56 56 0 0 0 0 0 ],Thresholds: [0 0 600 600 300 200 120 85 54 35 ]
3236,Queue Length: 6,Counters: [151 57 57 57 57 0 0 0 0 0 ],Thresholds: [0 0 600 600 300 200 120 85 54 35 ]
3237,Queue Length: 6,Counters: [152 58 58 58 58 0 0 0 0 0 ],Thresholds: [0 0 600 600 300 200 120 85 54 35 ]
3238,Queue Length: 6,Counters: [153 59 59 59 59 0 0 0 0 0 ],Thresholds: [0 0 600 600 300 200 120 85 54 35 ]
3239,Queue Length: 6,Counters: [154 60 60 60 60 0 0 0 0 0 ],Thresholds: [0 0 600 600 300 200 120 85 54 35 ]
3240,Queue Length: 6,Counters: [155 61 61 61 61 0 0 0 0 0 ],Thresholds: [0 0 600 600 300 200 120 85 54 35 ]
3241,Queue Length: 6,Counters: [156 62 62 62 62 0 0 0 0 0 ],Thresholds: [0 0 600 600 300 200 120 85 54 35 ]
3242,Queue Length: 6,Counters: [157 63 63 63 63 0 0 0 0 0 ],Thresholds: [0 0 600 600 300 200 120 85 54 35 ]
3243,Queue Length: 6,Counters: [158 64 64 64 64 0 0 0 0 0 ],Thresholds: [0 0 600 600 300 200 120 85 54 35 ]
3244,Queue Length: 6,Counters: [159 65 65 65 65 0 0 0 0 0 ],Thresholds: [0 0 600 600 300 200 120 85 54 35 ]
3245,Queue Length: 6,Counters: [160 66 66 66 66 0 0 0 0 0 ],Thresholds: [0 0 600 600 300 200 120 85 54 35 ]
3246,Queue Length: 6,Counters: [161 67 67 67 67 0 0 0 0 0 ],Thresholds: [0 0 600 600 300 200 120 85 54 35 ]
3247,Queue Length: 6,Counters: [162 68 68 68 68 0 0 0 0 0 ],Thresholds: [0 0 600 600 300 200 120 85 54 35 ]
3248,Queue Length: 6,Counters: [163 69 69 69 69 0 0 0 0 0 ],Thresholds: [0 0 600 600 300 200 120 85 54 35 ]
3249,Queue Length: 6,Counters: [164 70 70 70 70 0 0 0 0 0 ],Thresholds: [0 0 600 600 300 200 120 85 54 35 ]
3250,Queue Length: 6,Counters: [165 71 71 71 71 0 0 0 0 0 ],Thresholds: [0 0 600 600 300 200 120 85 54 35 ]
3251,Queue Length: 6,Counters: [166 72 72 72 72 0 0 0 0 0 ],Thresholds: [0 0 600 600 300 200 120 85 54 35 ]
3252,Queue Length: 6,Counters: [167 73 73 73 73 0 0 0 0 0 ],Thresholds: [0 0 600 600 300 200 120 85 54 35 ]
3253,Queue Length: 6,Counters: [168 74 74 74 74 0 0 0 0 0 ],Thresholds: [0 0 600 600 300 200 120 85 54 35 ]
3254,Queue Length: 6,Counters: [169 75 75 75 75 0 0 0 0 0 ],Thresholds: [0 0 600 600 300 200 120 85 54 35 ]
3255,Queue Length: 6,Counters: [170 76 76 76 76 0 0 0 0 0 ],Thresholds: [0 0 600 600 300 200 120 85 54 35 ]
3256,Queue Length: 6,Counters: [171 77 77 77 77 0 0 0 0 0 ],Thresholds: [0 0 600 600 300 200 120 85 54 35 ]
3257,Queue Length: 6,Counters: [172 78 78 78 78 0 0 0 0 0 ],Thresholds: [0 0 600 600 300 200 120 85 54 35 ]
3258,Queue Length: 6,Counters: [173 79 79 79 79 0 0 0 0 0 ],Thresholds: [0 0 600 600 300 200 120 85 54 35 ]
3259,Queue Length: 6,Counters: [174 80 80 80 80 0 0 0 0 0 ],Thresholds: [0 0 600 600 300 200 120 85 54 35 ]
3260,Queue Length: 6,Counters: [175 81 81 81 81 0 0 0 0 0 ],Thresholds: [0 0 600 600 300 200 120 85 54 35 ]
3261,Queue Length: 6,Counters: [176 82 82 82 82 0 0 0 0 0 ],Thresholds: [0 0 600 600 300 200 120 85 54 35 ]
3262,Queue Length: 6,Counters: [177 83 83 83 83 0 0 0 0 0 ],Thresholds: [0 0 600 600 300 200 120 85 54 35 ]
3263,Queue Length: 6,Counters: [178 84 84 84 84 0 0 0 0 0 ],Thresholds: [0 0 600 600 300 200 120 85 54 35 ]
3264,Queue Length: 6,Counters: [179 85 85 85 85 0 0 0 0 0 ],Thresholds: [0 0 600 600 300 200 120 85 54 35 ]
3265,Queue Length: 6,Counters: [180 86 86 86 86 0 0 0 0 0 ],Thresholds: [0 0 600 600 300 200 120 85 54 35 ]
3266,Queue Length: 6,Counters: [181 87 87 87 87 0 0 0 0 0 ],Thresholds: [0 0 600 600 300 200 120 85 54 35 ]
3267,Queue Length: 6,Counters: [182 88 88 88 88 0 0 0 0 0 ],Thresholds: [0 0 600 600 300 200 120 85 54 35 ]
3268,Queue Length: 6,Counters: [183 89 89 89 89 0 0 0 0 0 ],Thresholds: [0 0 600 600 300 200 120 85 54 35 ]
3269,Queue Length: 6,Counters: [184 90 90 90 90 0 0 0 0 0 ],Thresholds: [0 0 600 600 300 200 120 85 54 35 ]
3270,Queue Length: 6,Counters: [185 91 91 91 91 0 0 0 0 0 ],Thresholds: [0 0 600 600 300 200 120 85 54 35 ]
3271,Queue Length: 6,Counters: [186 92 92 92 92 0 0 0 0 0 ],Thresholds: [0 0 600 600 300 200 120 85 54 35 ]
3272,Queue Length: 6,Counters: [187 93 93 93 93 0 0 0 0 0 ],Thresholds: [0 0 600 600 300 200 120 85 54 35 ]
3273,Queue Length: 6,Counters: [188 94 94 94 94 0 0 0 0 0 ],Thresholds: [0 0 600 600 300 200 120 85 54 35 ]
3274,Queue Length: 6,Counters: [189 95 95 95 95 0 0 0 0 0 ],Thresholds: [0 0 600 600 300 200 120 85 54 35 ]
3275,Queue Length: 6,Counters: [190 96 96 96 96 0 0 0 0 0 ],Thresholds: [0 0 600 600 300 200 120 85 54 35 ]
3276,Queue Length: 6,Counters: [191 97 97 97 97 0 0 0 0 0 ],Thresholds: [0 0 600 600 300 200 120 85 54 35 ]
3277,Queue Length: 6,Counters: [192 98 98 98 98 0 0 0 0 0 ],Thresholds: [0 0 600 600 300 200 120 85 54 35 ]
3278,Queue Length: 6,Counters: [193 99 99 99 99 0 0 0 0 0 ],Thresholds: [0 0 600 600 300 200 120 85 54 35 ]
3279,Queue Length: 6,Counters: [194 100 100 100 100 0 0 0 0 0 ],Thresholds: [0 0 600 600 300 200 120 85 54 35 ]
3280,Queue Length: 6,Counters: [195 101 101 101 101 0 0 0 0 0 ],Thresholds: [0 0 600 600 300 200 120 85 54 35 ]
3281,Queue Length: 6,Counters: [196 102 102 102 102 0 0 0 0 0 ],Thresholds: [0 0 600 600 300 200 120 85 54 35 ]
3282,Queue Length: 6,Counters: [197 103 103 103 103 0 0 0 0 0 ],Thresholds: [0 0 600 600 300 200 120 85 54 35 ]
3283,Queue Length: 6,Counters: [198 104 104 104 104 0 0 0 0 0 ],Thresholds: [0 0 600 600 300 200 120 85 54 35 ]
3284,Queue Length: 6,Counters: [199 105 105 105 105 0 0 0 0 0 ],Thresholds: [0 0 600 600 300 200 120 85 54 35 ]
3285,Queue Length: 6,Counters: [200 106 106 106 106 0 0 0 0 0 ],Thresholds: [0 0 600 600 300 200 120 85 54 35 ]
3286,Queue Length: 6,Counters: [201 107 107 107 107 0 0 0 0 0 ],Thresholds: [0 0 600 600 300 200 120 85 54 35 ]
3287,Queue Length: 6,Counters: [202 108 108 108 108 0 0 0 0 0 ],Thresholds: [0 0 600 600 300 200 120 85 54 35 ]
3288,Queue Length: 6,Counters: [203 109 109 109 109 0 0 0 0 0 ],Thresholds: [0 0 600 600 300 200 120 85 54 35 ]
3289,Queue Length: 6,Counters: [204 110 110 110 110 0 0 0 0 0 ],Thresholds: [0 0 600 600 300 200 120 85 54 35 ]
3290,Queue Length: 6,Counters: [205 111 111 111 111 0 0 0 0 0 ],Thresholds: [0 0 600 600 300 200 120 85 54 35 ]
3291,Queue Length: 6,Counters: [206 112 112 112 112 0 0 0 0 0 ],Thresholds: [0 0 600 600 300 200 120 85 54 35 ]
3292,Queue Length: 6,Counters: [207 113 113 113 113 0 0 0 0 0 ],Thresholds: [0 0 600 600 300 200 120 85 54 35 ]
3293,Queue Length: 6,Counters: [208 114 114 114 114 0 0 0 0 0 ],Thresholds: [0 0 600 600 300 200 120 85 54 35 ]
3294,Queue Length: 6,Counters: [209 115 115 115 115 0 0 0 0 0 ],Thresholds: [0 0 600 600 300 200 120 85 54 35 ]
3295,Queue Length: 6,Counters: [210 116 116 116 116 0 0 0 0 0 ],Thresholds: [0 0 600 600 300 200 120 85 54 35 ]
3296,Queue Length: 6,Counters: [211 117 117 117 117 0 0 0 0 0 ],Thresholds: [0 0 600 600 300 200 120 85 54 35 ]
3297,Queue Length: 6,Counters: [212 118 118 118 118 0 0 0 0 0 ],Thresholds: [0 0 600 600 300 200 120 85 54 35 ]
3298,Queue Length: 6,Counters: [213 119 119 119 119 0 0 0 0 0 ],Thresholds: [0 0 600 600 300 200 120 85 54 35 ]
3299,Queue Length: 6,Counters: [214 120 120 120 120 0 0 0 0 0 ],Thresholds: [0 0 600 600 300 200 120 85 54 35 ]
3300,Queue Length: 6,Counters: [215 121 121 121 121 0 0 0 0 0 ],Thresholds: [0 0 600 600 300 200 120 85 54 35 ]
3301,Queue Length: 6,Counters: [216 122 122 122 122 0 0 0 0 0 ],Thresholds: [0 0 600 600 300 200 120 85 54 35 ]
3302,Queue Length: 6,Counters: [217 123 123 123 123 0 0 0 0 0 ],Thresholds: [0 0 600 600 300 200 120 85 54 35 ]
3303,Queue Length: 6,Counters: [218 124 124 124 124 0 0 0 0 0 ],Thresholds: [0 0 600 600 300 200 120 85 54 35 ]
3304,Queue Length: 6,Counters: [219 125 125 125 125 0 0 0 0 0 ],Thresholds: [0 0 600 600 300 200 120 85 54 35 ]
3305,Queue Length: 6,Counters: [220 126 126 126 126 0 0 0 0 0 ],Thresholds: [0 0 600 600 300 200 120 85 54 35 ]
3306,Queue Length: 6,Counters: [221 127 127 127 127 0 0 0 0 0 ],Thresholds: [0 0 600 600 300 200 120 85 54 35 ]
3307,Queue Length: 6,Counters: [222 128 128 128 128 0 0 0 0 0 ],Thresholds: [0 0 600 600 300 200 120 85 54 35 ]
3308,Queue Length: 6,Counters: [223 129 129 129 129 0 0 0 0 0 ],Thresholds: [0 0 600 600 300 200 120 85 54 35 ]
3309,Queue Length: 6,Counters: [224 130 130 130 130 0 0 0 0 0 ],Thresholds: [0 0 600 600 300 200 120 85 54 35 ]
3310,Queue Length: 6,Counters: [225 131 131 131 131 0 0 0 0 0 ],Thresholds: [0 0 600 600 300 200 120 85 54 35 ]
3311,Queue Length: 6,Counters: [226 132 132 132 132 0 0 0 0 0 ],Thresholds: [0 0 600 600 300 200 120 85 54 35 ]
3312,Queue Length: 6,Counters: [227 133 133 133 133 0 0 0 0 0 ],Thresholds: [0 0 600 600 300 200 120 85 54 35 ]
3313,Queue Length: 6,Counters: [228 134 134 134 134 0 0 0 0 0 ],Thresholds: [0 0 600 600 300 200 120 85 54 35 ]
3314,Queue Length: 6,Counters: [229 135 135 135 135 0 0 0 0 0 ],Thresholds: [0 0 600 600 300 200 120 85 54 35 ]
3315,Queue Length: 6,Counters: [230 136 136 136 136 0 0 0 0 0 ],Thresholds: [0 0 600 600 300 200 120 85 54 35 ]
3316,Queue Length: 6,Counters: [231 137 137 137 137 0 0 0 0 0 ],Thresholds: [0 0 600 600 300 200 120 85 54 35 ]
3317,Queue Length: 6,Counters: [232 138 138 138 138 0 0 0 0 0 ],Thresholds: [0 0 600 600 300 200 120 85 54 35 ]
3318,Queue Length: 6,Counters: [233 139 139 139 139 0 0 0 0 0 ],Thresholds: [0 0 600 600 300 200 120 85 54 35 ]
3319,Queue Length: 6,Counters: [234 140 140 140 140 0 0 0 0 0 ],Thresholds: [0 0 600 600 300 200 120 85 54 35 ]
3320,Queue Length: 6,Counters: [235 141 141 141 141 0 0 0 0 0 ],Thresholds: [0 0 600 600 300 200 120 85 54 35 ]
3321,Queue Length: 6,Counters: [236 142 142 142 142 0 0 0 0 0 ],Thresholds: [0 0 600 600 300 200 120 85 54 35 ]
3322,Queue Length: 6,Counters: [237 143 143 143 143 0 0 0 0 0 ],Thresholds: [0 0 600 600 300 200 120 85 54 35 ]
3323,Queue Length: 6,Counters: [238 144 144 144 144 0 0 0 0 0 ],Thresholds: [0 0 600 600 300 200 120 85 54 35 ]
3324,Queue Length: 6,Counters: [239 145 145 145 145 0 0 0 0 0 ],Thresholds: [0 0 600 600 300 200 120 85 54 35 ]
3325,Queue Length: 6,Counters: [240 146 146 146 146 0 0 0 0 0 ],Thresholds: [0 0 600 600 300 200 120 85 54 35 ]
3326,Queue Length: 6,Counters: [241 147 147 147 147 0 0 0 0 0 ],Thresholds: [0 0 600 600 300 200 120 85 54 35 ]
3327,Queue Length: 5,Counters: [242 148 148 148 0 0 0 0 0 0 ],Thresholds: [0 0 600 600 300 200 120 85 54 35 ]
3328,Queue Length: 4,Counters: [243 149 149 0 0 0 0 0 0 0 ],Thresholds: [0 0 600 600 300 200 120 85 54 35 ]
3329,Queue Length: 3,Counters: [244 150 0 0 0 0 0 0 0 0 ],Thresholds: [0 0 600 600 300 200 120 85 54 35 ]
3330,Queue Length: 2,Counters: [245 0 0 0 0 0 0 0 0 0 ],Thresholds: [0 0 600 600 300 200 120 85 54 35 ]
3331,Queue Length: 3,Counters: [246 1 0 0 0 0 0 0 0 0 ],Thresholds: [0 0 600 600 300 200 120 85 54 35 ]
3332,Queue Length: 6,Counters: [247 2 1 1 1 0 0 0 0 0 ],Thresholds: [0 0 600 600 300 200 120 85 54 35 ]
3333,Queue Length: 6,Counters: [248 3 2 2 2 0 0 0 0 0 ],Thresholds: [0 0 600 600 300 200 120 85 54 35 ]
3334,Queue Length: 6,Counters: [249 4 3 3 3 0 0 0 0 0 ],Thresholds: [0 0 600 600 300 200 120 85 54 35 ]
3335,Queue Length: 6,Counters: [250 5 4 4 4 0 0 0 0 0 ],Thresholds: [0 0 600 600 300 200 120 85 54 35 ]
3336,Queue Length: 6,Counters: [251 6 5 5 5 0 0 0 0 0 ],Thresholds: [0 0 600 600 300 200 120 85 54 35 ]
3337,Queue Length: 6,Counters: [252 7 6 6 6 0 0 0 0 0 ],Thresholds: [0 0 600 600 300 200 120 85 54 35 ]
3338,Queue Length: 6,Counters: [253 8 7 7 7 0 0 0 0 0 ],Thresholds: [0 0 600 600 300 200 120 85 54 35 ]
3339,Queue Length: 6,Counters: [254 9 8 8 8 0 0 0 0 0 ],Thresholds: [0 0 600 600 300 200 120 85 54 35 ]
3340,Queue Length: 6,Counters: [255 10 9 9 9 0 0 0 0 0 ],Thresholds: [0 0 600 600 300 200 120 85 54 35 ]
3341,Queue Length: 6,Counters: [256 11 10 10 10 0 0 0 0 0 ],Thresholds: [0 0 600 600 300 200 120 85 54 35 ]
3342,Queue Length: 6,Counters: [257 12 11 11 11 0 0 0 0 0 ],Thresholds: [0 0 600 600 300 200 120 85 54 35 ]
3343,Queue Length: 6,Counters: [258 13 12 12 12 0 0 0 0 0 ],Thresholds: [0 0 600 600 300 200 120 85 54 35 ]
3344,Queue Length: 6,Counters: [259 14 13 13 13 0 0 0 0 0 ],Thresholds: [0 0 600 600 300 200 120 85 54 35 ]
3345,Queue Length: 6,Counters: [260 15 14 14 14 0 0 0 0 0 ],Thresholds: [0 0 600 600 300 200 120 85 54 35 ]
3346,Queue Length: 6,Counters: [261 16 15 15 15 0 0 0 0 0 ],Thresholds: [0 0 600 600 300 200 120 85 54 35 ]
3347,Queue Length: 6,Counters: [262 17 16 16 16 0 0 0 0 0 ],Thresholds: [0 0 600 600 300 200 120 85 54 35 ]
3348,Queue Length: 6,Counters: [263 18 17 17 17 0 0 0 0 0 ],Thresholds: [0 0 600 600 300 200 120 85 54 35 ]
3349,Queue Length: 6,Counters: [264 19 18 18 18 0 0 0 0 0 ],Thresholds: [0 0 600 600 300 200 120 85 54 35 ]
3350,Queue Length: 6,Counters: [265 20 19 19 19 0 0 0 0 0 ],Thresholds: [0 0 600 600 300 200 120 85 54 35 ]
3351,Queue Length: 6,Counters: [266 21 20 20 20 0 0 0 0 0 ],Thresholds: [0 0 600 600 300 200 120 85 54 35 ]
3352,Queue Length: 6,Counters: [267 22 21 21 21 0 0 0 0 0 ],Thresholds: [0 0 600 600 300 200 120 85 54 35 ]
3353,Queue Length: 6,Counters: [268 23 22 22 22 0 0 0 0 0 ],Thresholds: [0 0 600 600 300 200 120 85 54 35 ]
3354,Queue Length: 6,Counters: [269 24 23 23 23 0 0 0 0 0 ],Thresholds: [0 0 600 600 300 200 120 85 54 35 ]
3355,Queue Length: 6,Counters: [270 25 24 24 24 0 0 0 0 0 ],Thresholds: [0 0 600 600 300 200 120 85 54 35 ]
3356,Queue Length: 6,Counters: [271 26 25 25 25 0 0 0 0 0 ],Thresholds: [0 0 600 600 300 200 120 85 54 35 ]
3357,Queue Length: 6,Counters: [272 27 26 26 26 0 0 0 0 0 ],Thresholds: [0 0 600 600 300 200 120 85 54 35 ]
3358,Queue Length: 6,Counters: [273 28 27 27 27 0 0 0 0 0 ],Thresholds: [0 0 600 600 300 200 120 85 54 35 ]
3359,Queue Length: 6,Counters: [274 29 28 28 28 0 0 0 0 0 ],Thresholds: [0 0 600 600 300 200 120 85 54 35 ]
3360,Queue Length: 6,Counters: [275 30 29 29 29 0 0 0 0 0 ],Thresholds: [0 0 600 600 300 200 120 85 54 35 ]
3361,Queue Length: 6,Counters: [276 31 30 30 30 0 0 0 0 0 ],Thresholds: [0 0 600 600 300 200 120 85 54 35 ]
3362,Queue Length: 6,Counters: [277 32 31 31 31 0 0 0 0 0 ],Thresholds: [0 0 600 600 300 200 120 85 54 35 ]
3363,Queue Length: 6,Counters: [278 33 32 32 32 0 0 0 0 0 ],Thresholds: [0 0 600 600 300 200 120 85 54 35 ]
3364,Queue Length: 6,Counters: [279 34 33 33 33 0 0 0 0 0 ],Thresholds: [0 0 600 600 300 200 120 85 54 35 ]
3365,Queue Length: 6,Counters: [280 35 34 34 34 0 0 0 0 0 ],Thresholds: [0 0 600 600 300 200 120 85 54 35 ]
3366,Queue Length: 6,Counters: [281 36 35 35 35 0 0 0 0 0 ],Thresholds: [0 0 600 600 300 200 120 85 54 35 ]
3367,Queue Length: 6,Counters: [282 37 36 36 36 0 0 0 0 0 ],Thresholds: [0 0 600 600 300 200 120 85 54 35 ]
3368,Queue Length: 6,Counters: [283 38 37 37 37 0 0 0 0 0 ],Thresholds: [0 0 600 600 300 200 120 85 54 35 ]
3369,Queue Length: 6,Counters: [284 39 38 38 38 0 0 0 0 0 ],Thresholds: [0 0 600 600 300 200 120 85 54 35 ]
3370,Queue Length: 6,Counters: [285 40 39 39 39 0 0 0 0 0 ],Thresholds: [0 0 600 600 300 200 120 85 54 35 ]
3371,Queue Length: 6,Counters: [286 41 40 40 40 0 0 0 0 0 ],Thresholds: [0 0 600 600 300 200 120 85 54 35 ]
3372,Queue Length: 6,Counters: [287 42 41 41 41 0 0 0 0 0 ],Thresholds: [0 0 600 600 300 200 120 85 54 35 ]
3373,Queue Length: 6,Counters: [288 43 42 42 42 0 0 0 0 0 ],Thresholds: [0 0 600 600 300 200 120 85 54 35 ]
3374,Queue Length: 6,Counters: [289 44 43 43 43 0 0 0 0 0 ],Thresholds: [0 0 600 600 300 200 120 85 54 35 ]
3375,Queue Length: 6,Counters: [290 45 44 44 44 0 0 0 0 0 ],Thresholds: [0 0 600 600 300 200 120 85 54 35 ]
3376,Queue Length: 6,Counters: [291 46 45 45 45 0 0 0 0 0 ],Thresholds: [0 0 600 600 300 200 120 85 54 35 ]
3377,Queue Length: 6,Counters: [292 47 46 46 46 0 0 0 0 0 ],Thresholds: [0 0 600 600 300 200 120 85 54 35 ]
3378,Queue Length: 6,Counters: [293 48 47 47 47 0 0 0 0 0 ],Thresholds: [0 0 600 600 300 200 120 85 54 35 ]
3379,Queue Length: 6,Counters: [294 49 48 48 48 0 0 0 0 0 ],Thresholds: [0 0 600 600 300 200 120 85 54 35 ]
3380,Queue Length: 6,Counters: [295 50 49 49 49 0 0 0 0 0 ],Thresholds: [0 0 600 600 300 200 120 85 54 35 ]
3381,Queue Length: 6,Counters: [296 51 50 50 50 0 0 0 0 0 ],Thresholds: [0 0 600 600 300 200 120 85 54 35 ]
3382,Queue Length: 6,Counters: [297 52 51 51 51 0 0 0 0 0 ],Thresholds: [0 0 600 600 300 200 120 85 54 35 ]
3383,Queue Length: 6,Counters: [298 53 52 52 52 0 0 0 0 0 ],Thresholds: [0 0 600 600 300 200 120 85 54 35 ]
3384,Queue Length: 6,Counters: [299 54 53 53 53 0 0 0 0 0 ],Thresholds: [0 0 600 600 300 200 120 85 54 35 ]
3385,Queue Length: 6,Counters: [300 55 54 54 54 0 0 0 0 0 ],Thresholds: [0 0 600 600 300 200 120 85 54 35 ]
3386,Queue Length: 6,Counters: [301 56 55 55 55 0 0 0 0 0 ],Thresholds: [0 0 600 600 300 200 120 85 54 35 ]
3387,Queue Length: 6,Counters: [302 57 56 56 56 0 0 0 0 0 ],Thresholds: [0 0 600 600 300 200 120 85 54 35 ]
3388,Queue Length: 6,Counters: [303 58 57 57 57 0 0 0 0 0 ],Thresholds: [0 0 600 600 300 200 120 85 54 35 ]
3389,Queue Length: 6,Counters: [304 59 58 58 58 0 0 0 0 0 ],Thresholds: [0 0 600 600 300 200 120 85 54 35 ]
3390,Queue Length: 6,Counters: [305 60 59 59 59 0 0 0 0 0 ],Thresholds: [0 0 600 600 300 200 120 85 54 35 ]
3391,Queue Length: 6,Counters: [306 61 60 60 60 0 0 0 0 0 ],Thresholds: [0 0 600 600 300 200 120 85 54 35 ]
