Interval,Time
132.551,76.93751333357301
3.7986,76.97086333357309
1.3575,76.95418333357293
1.3806,76.98755333357305
1.5548,77.00424333357299
1.9582,77.02092333357315
2.3007,77.03764333357336
1.6849,77.05435333357332
1.2036,77.07106333357329
1.2879,77.08777333357325
1.4768,77.10445333357342
1.3877,77.12113333357358
1.3284,77.13784333357354
1.1236,77.15451333357348
0.9227,77.1711833335734
0.961,77.18787333357334
1.5958,77.20452333357325
1.8902,77.22117333357315
2.1296,77.23784333357308
0.909,77.25450333357323
0.9536,77.27121333357319
0.7586,77.28792333357316
0.8598,77.30460333357333
1.0063,77.32129333357327
0.7215,77.33801333357347
0.6342,77.35468333357339
0.728,77.37136333357357
0.8111,77.38808333357377
0.6649,77.40474333357392
0.6692,77.42145333357388
0.6054,77.43813333357404
0.6202,77.45478333357396
0.6063,77.4714433335741
0.8385,77.48810333357426
1.1013,77.5047633335744
2.4521,77.52144333357457
2.9695,77.53813333357452
1.8916,77.55477333357464
1.3414,77.57145333357481
1.1967,77.58809333357495
1.085,77.60474333357485
2.6397,77.62142333357502
2.3963,77.63809333357494
3.1558,77.65478333357488
2.4068,77.6714333335748
1.717,77.68811333357496
1.7929,77.7047733335751
1.1253,77.72145333357528
1.2446,77.73813333357545
1.3294,77.75482333357539
1.1071,77.77151333357533
1.6516,77.7881933335755
1.3541,77.80487333357567
1.585,77.82155333357584
1.161,77.838233333576
1.0954,77.85491333357618
1.0235,77.87159333357634
1.2928,77.88826333357626
0.8365,77.90494333357643
0.6746,77.92161333357636
0.7353,77.93828333357628
0.7432,77.95495333357621
0.7653,77.97162333357613
0.7311,77.9883033335763
0.9968,78.00498333357648
1.2113,78.02166333357664
0.7332,78.03833333357656
0.6637,78.05501333357674
0.5997,78.07168333357666
0.595,78.08835333357658
0.7828,78.10503333357676
1.0814,78.1217233335767
1.619,78.13841333357664
1.0877,78.15508333357657
1.2477,78.17176333357673
1.0153,78.1884433335769
0.9237,78.20512333357706
0.8561,78.22181333357702
0.9146,78.23850333357696
1.0083,78.2551933335769
1.1518,78.27187333357706
0.9145,78.28855333357724
0.8101,78.3052333335774
0.8126,78.32191333357757
0.7989,78.33859333357773
0.7837,78.35526333357767
0.7636,78.37194333357783
9.7839,78.38861333357775
16.8725,78.40528333357769
16.7447,78.4219533335776
16.8083,78.43862333357754
16.5964,78.45529333357746
16.7194,78.47196333357738
16.9369,78.48865333357733
15.937,78.50534333357727
16.8869,78.52203333357721
17.426,78.53872333357717
15.3932,78.55540333357733
16.5139,78.5720833335775
17.0165,78.58877333357744
16.5554,78.6054533335776
16.7631,78.62213333357778
16.8036,78.63881333357794
16.5896,78.65549333357811
16.939,78.67216333357804
16.6491,78.6888433335782
16.2963,78.70552333357837
16.4947,78.72220333357853
16.9155,78.73889333357849
17.2747,78.75556333357841
16.7951,78.77225333357835
20.058,78.78893333357851
15.2648,78.80561333357869
15.6138,78.82228333357861
16.8515,78.83896333357877
20.4335,78.85564333357895
11.7926,78.87231333357887
16.7142,78.88899333357904
16.9063,78.9056533335792
16.3844,78.92234333357914
16.6177,78.93901333357906
17.3352,78.95569333357923
15.9763,78.9723733335794
16.9225,78.98905333357956
16.4981,79.00573333357973
16.4649,79.02241333357989
15.6137,79.03910333357985
17.5463,79.05578333358001
16.149,79.07247333357995
31.4369,79.08915333358013
10.4375,79.10584333358007
10.036,79.12253333358001
15.4398,79.13921333358017
16.747,79.15589333358035
16.5358,79.17257333358052
16.4739,79.18924333358044
17.2893,79.2059533335804
16.9907,79.22264333358035
15.8136,79.23932333358051
17.1962,79.25601333358046
16.7352,79.27269333358062
16.5478,79.28936333358055
16.3621,79.3060533335805
16.7747,79.32274333358043
17.4009,79.3394533335804
15.9129,79.35614333358035
16.9846,79.37281333358027
16.9935,79.3894833335802
16.6414,79.40619333358016
16.6568,79.42289333358035
16.4721,79.43960333358031
17.1855,79.45632333358051
15.8956,79.47299333358043
16.3812,79.48969333358062
16.6354,79.5063733335808
16.1704,79.52306333358074
17.0136,79.53975333358068
16.3374,79.55644333358063
16.5974,79.57309333358053
17.138,79.58973333358067
16.5084,3.013680666672066
16.3043,3.0303606666722334
16.9639,3.0470406666724013
15.7067,3.063690666672308
17.5215,3.0803706666724757
16.838,3.097040666672401
16.2742,3.113720666672569
16.7361,3.1303906666724943
16.6424,3.1470606666724197
16.7303,3.1637406666725876
16.6734,3.180460666672792
16.7498,3.19714066667296
16.6549,3.2138106666728854
17.1625,3.2305306666730904
16.7211,3.2472006666730158
16.9144,3.26389066667296
16.4513,3.2805606666728853
16.7112,3.297240666673053
16.4637,3.3139306666729973
16.7826,3.3306106666731647
16.6746,3.34728066667309
16.9834,3.363950666673016
16.1348,3.380650666673202
16.6326,3.3973306666733696
16.8747,3.4140106666735375
16.6636,3.430680666673463
17.3148,3.447370666673407
15.5701,3.4640506666735744
16.6673,3.4807306666737423
16.5995,3.4974006666736677
16.8017,3.514090666673612
16.9081,3.5307706666737797
16.4658,3.547440666673705
16.6212,3.5641206666738725
16.9331,3.5808006666740404
16.5803,3.597480666674208
17.0276,3.614150666674133
17.0863,3.630830666674301
17.2233,3.64749066667445
15.8971,3.6641706666746177
17.1982,3.680840666674543
16.4713,3.697520666674711
15.7618,3.7142006666748784
17.0113,3.7308806666750463
17.014,3.7475706666749904
16.1537,3.7642406666749157
16.9199,3.78093066667486
16.3157,3.7976106666750273
17.3279,3.8143006666749715
16.4069,3.8309706666748973
16.4122,3.8476606666748414
16.4179,3.864340666675009
16.715,3.8810206666751763
16.6442,3.897700666675344
16.6844,3.9143806666755117
16.7147,3.931070666675456
17.0353,3.947730666675605
17.014,3.9644106666757724
15.4889,3.9810606666756794
17.2646,3.9977206666758285
16.9706,4.0143706666757355
15.9827,4.031010666675866
17.1206,4.047650666675996
16.1512,4.0642906666761265
16.5184,4.080920666676015
16.4977,4.097560666676145
17.0448,4.114210666676052
16.4318,4.130850666676182
16.9166,4.14753066667635
16.5178,4.164210666676517
16.3701,4.180870666676666
16.9209,4.197550666676834
16.5583,4.214230666677002
16.7548,4.230910666677169
20.2766,4.247600666677114
12.8007,4.264280666677282
17.179,4.280960666677449
16.7446,4.2976306666773745
17.3981,4.314310666677542
15.786,4.330980666677467
18.1262,4.347670666677412
15.9889,4.364350666677579
16.4942,4.381030666677747
16.2229,4.397700666677673
16.6104,4.4143706666775975
16.5036,4.431050666677765
16.8148,4.447730666677933
17.0089,4.464420666677877
16.5477,4.4811106666778215
17.0126,4.497810666678007
16.5008,4.514490666678175
16.2792,4.531190666678362
17.1951,4.547890666678548
16.8951,4.564620666678529
16.9739,4.581340666678734
16.8799,4.598030666678678
16.7208,4.614750666678884
16.4945,4.631470666679088
16.8747,4.648170666679274
16.8566,4.664870666679461
16.5307,4.681580666679423
16.3007,4.698270666679368
16.8855,4.714960666679311
17.1333,4.731630666679237
16.5521,4.748310666679405
16.6599,4.7650206666793675
16.7423,4.781690666679293
16.5069,4.79837066667946
17.2728,4.815050666679628
17.342,4.831730666679796
16.7104,4.848400666679721
15.7689,4.86506066667987
17.0934,4.881740666680038
32.3398,4.898420666680206
10.9968,4.915070666680112
8.1128,4.931710666680243
13.1647,4.9483706666803915
16.8865,4.965010666680522
17.3386,4.981680666680448
16.5408,4.9983606666806155
16.6376,5.015060666680801
16.2677,5.031730666680727
17.3967,5.048410666680895
16.2174,5.065100666680839
16.6861,5.081780666681007
16.704,5.098510666680988
16.3006,5.11522066668095
16.8083,5.131920666681137
16.5357,5.148610666681081
17.2405,5.1652806666810065
16.2668,5.181950666680932
16.5439,5.198630666681099
16.9252,5.215300666681025
16.8166,5.231970666680951
16.3481,5.248680666680913
16.811,5.265350666680839
16.1854,5.2819906666809695
17.2621,5.298660666680894
17.631,5.315350666680839
16.0267,5.332040666680783
16.3804,5.3487106666807085
16.6947,5.365400666680653
16.974,5.382060666680801
16.3338,5.398700666680932
16.8955,5.4153806666810995
16.5463,5.43202066668123
16.8103,5.4487206666814165
16.8825,5.46541066668136
16.8018,5.482080666681286
16.1988,5.498720666681416
16.5491,5.515370666681323
17.2072,5.532050666681491
16.5282,5.548730666681658
16.5002,5.565440666681622
16.2989,5.582080666681752
16.4661,5.598750666681677
16.8433,5.615410666681826
16.7565,5.632070666681975
16.5286,5.648720666681882
17.2244,5.665420666682068
16.3961,5.682090666681994
17.2216,5.6987606666819195
16.2196,5.715430666681844
17.1219,5.73210066668177
16.994,5.748820666681975
16.301,5.76554066668218
16.7238,5.782210666682105
17.1314,5.79890066668205
16.8782,5.815590666681993
16.953,5.832280666681938
16.594,5.849000666682143
16.3561,5.865700666682329
16.8793,5.882390666682273
16.3563,5.899050666682422
15.5957,5.915690666682552
16.4853,5.932360666682478
16.8358,5.949060666682664
16.6229,5.965720666682813
16.9568,5.982420666683
16.8304,5.9991106666829435
16.68,6.015790666683111
15.9856,6.0324506666832605
17.3046,6.049150666683446
16.7657,6.06586066668341
16.1069,6.0825306666833345
16.7419,6.09920066668326
17.2547,6.115900666683447
16.1618,6.1326106666834095
16.6466,6.1492606666833165
16.5748,6.165900666683447
16.9288,6.182560666683596
16.4573,6.199230666683521
16.9129,6.21589066668367
16.5623,6.232540666683577
19.2153,6.2492506666835395
14.8326,6.265940666683484
16.743,6.282630666683428
16.626,6.299330666683614
16.7423,6.316040666683577
15.6722,6.332720666683745
17.3623,6.349420666683931
16.6375,6.366140666684136
16.6851,6.38283066668408
16.1504,6.399520666684024
16.7533,6.416180666684173
16.9533,6.43286066668434
16.8232,6.449500666684471
16.8395,6.466130666684359
17.0752,6.482780666684266
17.2058,6.499490666684229
16.6911,6.516180666684173
16.1291,6.532820666684303
16.954,6.54952066668449
17.4757,6.5662306666844525
15.3162,6.582960666684434
16.5216,6.5996506666843775
16.6468,6.616360666684341
16.5297,6.633060666684527
16.3914,6.6497306666844525
17.4607,6.666400666684378
16.3494,6.683080666684545
17.1398,6.699790666684509
16.314,6.7164606666844335
16.9465,6.733130666684359
16.3623,6.7497906666845084
16.5587,6.766460666684434
17.2344,6.783140666684601
16.0932,6.799840666684788
16.5768,6.816510666684713
16.5582,6.833180666684639
17.1484,6.849830666684546
16.3591,6.866520666684489
16.6932,6.883170666684396
16.9562,6.899860666684341
16.4923,6.916530666684266
16.625,6.933210666684434
16.9556,6.9498806666843596
16.9529,6.966560666684527
16.3671,6.983280666684732
16.8172,6.9999906666846945
16.3061,7.01666066668462
17.4674,7.033340666684787
16.5533,7.050060666684993
16.0751,7.066740666685161
17.5316,7.083420666685328
16.9872,7.100070666685235
16.6028,7.116720666685142
15.8786,7.13335066668503
17.7047,7.150000666684937
15.1244,7.166630666684825
17.5366,7.18330066668475
25.4485,7.199950666684657
12.4635,7.216600666684564
12.2472,7.2332406666846945
16.1926,7.2498906666846015
16.0779,7.266580666684545
16.7125,7.28327066668449
17.3119,7.299960666684433
16.8624,7.316670666684397
16.6376,7.333380666684359
16.5798,7.350090666684322
16.6539,7.366790666684508
16.6377,7.383500666684471
16.5001,7.400210666684433
17.4234,7.416930666684639
15.837,7.4336206666845825
16.6825,7.450280666684732
16.6529,7.4669606666848996
16.6094,7.483630666684825
17.4657,7.500310666684992
16.3722,7.5169706666851415
16.7832,7.533640666685067
15.9543,7.550280666685198
17.1841,7.566970666685141
16.4767,7.583640666685067
16.6257,7.600340666685254
16.5281,7.617060666685458
16.8813,7.633750666685402
17.1074,7.650440666685347
16.298,7.66713066668529
16.2875,7.683800666685216
17.3088,7.700490666685161
15.8699,7.717160666685086
17.0877,7.733830666685011
16.9354,7.750520666684955
16.4691,7.767160666685085
16.8708,7.783840666685253
16.6404,7.800520666685421
16.5934,7.817190666685346
16.4976,7.833840666685253
16.826,7.850530666685198
16.5758,7.867170666685328
17.3637,7.8838806666852905
17.2761,7.900560666685458
15.8225,7.917200666685589
17.1471,7.933880666685757
16.5627,7.950540666685905
16.7942,7.967250666685868
15.5764,7.983910666686017
16.8236,8.000590666686184
17.0887,8.017290666686371
16.4607,8.034020666686352
17.2537,8.050720666686539
16.1004,8.067410666686483
16.5512,8.084130666686688
17.0426,8.100850666686892
16.4296,8.117550666687078
16.833,8.134180666686968
16.7077,8.15089066668693
16.7584,8.167600666686893
16.3981,8.184250666686799
17.0104,8.200920666686725
17.5131,8.217580666686874
17.1739,8.234240666687024
16.2932,8.25089066668693
15.1894,8.267550666687079
16.9943,8.284230666687247
16.7208,8.300950666687452
16.686,8.317630666687618
16.6442,8.334310666687786
16.2496,8.351010666687973
16.9108,8.367650666688103
17.4686,8.384310666688252
16.8302,8.400960666688158
15.3567,8.417630666688085
17.032,8.434290666688234
16.907,8.45096066668816
16.9126,8.46760066668829
16.3324,8.48424066668842
17.0804,8.500900666688569
17.0184,8.517600666688756
16.9267,8.53432066668896
16.1901,8.551030666688924
16.3443,8.567720666688867
15.7929,8.584410666688811
17.2889,8.601120666688773
15.7443,8.617780666688923
17.759,8.634500666689128
16.6031,8.651220666689333
16.4879,8.667910666689277
16.3265,8.684580666689202
17.4651,8.701270666689146
16.2455,8.717950666689314
17.2068,8.734660666689276
16.0601,8.751360666689463
16.5836,8.768020666689612
16.9149,8.784730666689574
16.6855,8.801400666689501
16.598,8.818080666689667
16.9424,8.834760666689835
16.6436,8.851450666689779
16.3004,8.868120666689705
16.4735,8.884770666689612
17.1713,8.90145066668978
17.1927,8.918140666689723
16.3043,8.93481066668965
16.4878,8.951460666689556
16.6412,8.968110666689462
16.9266,8.984780666689389
16.3334,9.001430666689295
16.3103,9.018070666689425
17.508,9.034730666689574
16.3021,9.05145066668978
16.6933,9.068120666689705
16.2783,9.084760666689835
17.0213,9.101470666689798
16.9413,9.118160666689743
16.9866,9.134880666689947
17.2516,9.151570666689892
15.8173,9.168250666690058
16.178,9.184930666690226
16.9406,9.201640666690189
16.855,9.218310666690115
16.9703,9.235000666690059
16.4743,9.251710666690022
16.135,9.26836066668993
16.8239,9.285060666690114
16.6367,9.301720666690263
17.2223,9.318400666690431
16.5329,9.335120666690637
16.2943,9.351800666690805
17.0855,9.36847066669073
18.1113,9.385140666690654
16.4912,9.401810666690581
16.323,9.418490666690747
16.757,9.435200666690712
16.4112,9.451870666690636
17.5304,9.468570666690823
15.8029,9.485250666690991
15.9314,9.501920666690916
16.429,9.518600666691084
17.1906,9.535280666691252
16.6597,9.551960666691418
16.8328,9.568640666691586
16.1291,9.585290666691494
17.6494,9.601960666691419
16.0315,9.618650666691362
15.6045,9.635290666691493
17.1057,9.651930666691623
16.3997,9.66858066669153
16.8028,9.685270666691475
16.7959,9.701910666691605
16.6206,9.718560666691513
17.0563,9.735240666691679
16.4999,9.751940666691866
17.044,9.76863066669181
16.4214,9.785300666691736
16.8434,9.80200066669192
16.6837,9.818670666691848
16.8222,9.83538066669181
16.6603,9.852040666691959
16.6566,9.868750666691922
16.3502,9.885450666692108
16.7465,9.902110666692257
16.8995,9.918790666692425
16.709,9.935430666692556
16.4734,9.952110666692722
16.5743,9.96877066669287
16.9265,9.985450666693039
16.9912,10.002130666693207
16.5363,10.018850666693412
16.7054,10.035540666693356
16.1582,10.0522306666933
16.6936,10.068900666693226
16.371,10.085560666693375
17.5918,10.102240666693541
16.4973,10.118930666693487
16.6413,10.13564066669345
16.3155,10.152360666693655
17.3091,10.169020666693802
16.6123,10.18570066669397
16.3928,10.202380666694138
16.67,10.219060666694306
16.1724,10.235740666694474
17.0721,10.25244066669466
16.4206,10.269120666694828
16.9305,10.285770666694734
16.9491,10.30244066669466
16.9814,10.319120666694827
16.3256,10.335780666694976
16.7366,10.352460666695144
16.4738,10.369130666695069
16.7993,10.385780666694977
16.8911,10.40249066669494
16.3345,10.419180666694883
16.559,10.435900666695089
16.3621,10.452570666695014
16.7434,10.469250666695181
16.3935,10.485900666695088
17.0224,10.502580666695255
16.3763,10.519230666695163
17.5083,10.53591066669533
17.1622,10.552630666695535
16.4005,10.569280666695443
16.4517,10.585920666695573
17.1592,10.602560666695704
16.5163,10.619250666695647
16.7821,10.635900666695553
17.22,10.652610666695516
15.7114,10.669310666695702
16.2246,10.686020666695665
17.8199,10.70271066669561
15.9795,10.719380666695535
16.2272,10.73605066669546
17.0853,10.752770666695666
16.3198,10.76946066669561
16.564,10.786130666695534
17.2348,10.802830666695721
16.6809,10.819510666695889
16.7288,10.836210666696076
17.2695,10.852870666696225
16.2458,10.869530666696374
16.3066,10.886170666696504
16.8858,10.902850666696672
16.9127,10.919510666696821
16.3648,10.936180666696746
16.5541,10.95287066669669
17.5991,10.969570666696876
16.3302,10.986250666697044
16.224,11.002890666697175
16.9566,11.019580666697118
17.1787,11.036270666697062
16.1021,11.052990666697267
16.2032,11.069710666697473
15.9139,11.086370666697622
17.4982,11.103070666697807
17.1069,11.119780666697771
16.446,11.136470666697715
16.9168,11.153160666697659
16.191,11.169880666697864
16.1724,11.186540666698013
16.658,11.203180666698143
16.5215,11.219820666698274
17.1499,11.236510666698218
17.2874,11.253230666698423
16.3659,11.269930666698608
16.6169,11.286560666698497
16.7764,11.303230666698422
16.3981,11.319860666698311
17.2071,11.33652066669846
16.8607,11.353230666698423
16.2274,11.369950666698626
17.4706,11.386650666698813
16.099,11.403280666698702
17.463,11.419940666698851
15.8872,11.436610666698776
16.1696,11.45330066669872
16.6125,11.469960666698869
16.8508,11.486670666698831
16.6817,11.503360666698777
16.52,11.520020666698926
17.3055,11.536700666699092
16.191,11.553400666699279
16.6037,11.570120666699484
16.9302,11.586800666699652
17.0413,11.60348066669982
16.2224,11.620150666699745
17.4495,11.636840666699689
16.662,11.653520666699857
16.2083,11.6702106666998
16.2738,11.686880666699727
17.075,11.703560666699893
16.2016,11.720200666700023
17.0924,11.736860666700172
16.7469,11.753550666700118
16.753,11.770240666700062
16.9035,11.786960666700267
16.2657,11.80365066670021
16.6349,11.820300666700117
17.1539,11.836970666700044
16.5165,11.853670666700229
16.8252,11.870350666700396
15.9296,11.887030666700564
17.0046,11.903720666700508
17.2571,11.920400666700676
16.7428,11.937060666700825
16.587,11.95373066670075
16.8712,11.970410666700918
16.7117,11.98712066670088
16.8635,12.003790666700807
16.2503,12.020460666700732
16.9865,12.0371406667009
16.9281,12.053850666700862
16.1033,12.07053066670103
15.859,12.087210666701198
17.0294,12.103880666701123
16.3901,12.120550666701048
16.4699,12.137190666701178
16.9297,12.153850666701327
16.9068,12.170550666701514
16.5189,12.187240666701458
17.0599,12.203920666701626
16.3837,12.220600666701793
16.5404,12.237250666701701
16.7743,12.253920666701626
16.0192,12.270580666701775
17.0915,12.287260666701943
16.8758,12.303970666701906
16.9445,12.320680666701868
16.433,12.337360666702036
16.8163,12.354040666702204
16.5912,12.370720666702372
16.8427,12.387410666702316
16.0897,12.40410066670226
16.343,12.420750666702165
17.2321,12.43746066670213
16.5837,12.454160666702315
18.7629,12.47085066670226
15.2568,12.487520666702185
17.4013,12.504180666702334
16.6839,12.520860666702502
17.3023,12.537530666702427
15.8108,12.554200666702352
16.536,12.570860666702501
16.2346,12.587560666702688
16.1273,12.604250666702631
16.5633,12.6209306667028
16.8679,12.637580666702707
16.4251,12.654250666702632
16.4774,12.670900666702538
16.967,12.687580666702706
17.0298,12.70427066670265
16.1311,12.72091066670278
16.8814,12.737640666702763
16.4334,12.75430066670291
17.1765,12.770980666703078
15.9842,12.787620666703209
16.9215,12.804290666703135
16.6418,12.820950666703284
16.8286,12.837640666703228
16.7301,12.854280666703358
16.9288,12.870960666703526
16.5342,12.887690666703508
16.4006,12.904330666703638
16.9706,12.921050666703843
16.5054,12.93771066670399
17.1787,12.954390666704159
17.3566,12.971110666704364
16.3634,12.987820666704327
16.2784,13.004530666704289
16.818,13.021250666704494
16.8732,13.03792066670442
15.6767,13.054550666704309
17.0965,13.071260666704271
16.6545,13.087940666704439
17.035,13.104630666704383
16.6338,13.121340666704345
16.3674,13.138000666704494
16.534,13.154650666704402
16.5982,13.171290666704532
16.7786,13.187930666704663
17.2414,13.20461066670483
15.8562,13.221310666705016
17.1145,13.237990666705183
16.5911,13.254660666705108
16.9006,13.271350666705054
16.3875,13.28800066670496
17.2965,13.304680666705128
16.234,13.32139066670509
17.4843,13.338100666705053
16.2707,13.354790666704998
16.6945,13.371430666705129
16.8787,13.388090666705278
17.2217,13.404750666705425
16.2256,13.421430666705593
16.2889,13.438070666705723
16.2443,13.45477066670591
18.4192,13.471430666706059
14.4181,13.48807066670619
17.3944,13.504730666706338
16.871,13.521430666706525
16.6738,13.538140666706488
16.4105,13.554830666706431
16.9289,13.571530666706618
16.8983,13.588190666706767
17.036,13.604910666706973
16.5375,13.621600666706916
16.9512,13.638310666706879
16.4366,13.655030666707084
16.3264,13.67170066670701
16.4811,13.688350666706915
17.3682,13.705030666707083
15.8314,13.721740666707046
16.5331,13.738410666706972
16.2494,13.75509066670714
16.5819,13.771720666707028
16.8282,13.788370666706935
16.787,13.805050666707102
16.6262,13.821720666707028
17.2498,13.838440666707232
16.3088,13.855130666707177
16.992,13.871820666707121
16.3975,13.88848066670727
16.7961,13.905170666707214
16.8734,13.921840666707139
16.3659,13.938530666707084
16.6954,13.955250666707288
16.4805,13.971910666707437
16.4951,13.988560666707345
17.1865,14.00523066670727
16.166,14.021900666707195
17.4671,14.038570666707122
16.5256,14.05523066670727
16.4453,14.071870666707401
17.2945,14.088590666707605
16.7812,14.10528066670755
17.1978,14.121950666707475
16.4565,14.138650666707662
16.6254,14.155360666707624
16.5242,14.172040666707792
16.5849,14.188750666707755
15.8633,14.20540066670766
16.5822,14.222120666707866
17.46,14.238840666708072
16.2068,14.255520666708238
16.6785,14.272220666708424
16.917,14.288900666708592
16.1024,14.30558066670876
17.1098,14.322270666708704
16.7305,14.338960666708648
16.5834,14.355640666708815
16.1522,14.37233066670876
16.8742,14.388990666708908
16.7931,14.405660666708835
16.8998,14.422320666708984
16.5243,14.439010666708928
17.0176,14.455690666709096
16.3142,14.472340666709002
17.1521,14.489010666708928
16.5844,14.505680666708853
16.6696,14.522360666709021
16.632,14.53902066670917
17.1952,14.555720666709355
15.9548,14.572400666709523
16.8197,14.589080666709691
16.5377,14.605720666709821
16.5201,14.622360666709952
16.8138,14.639060666710138
16.9391,14.655750666710082
16.255,14.672390666710212
17.0769,14.689060666710139
16.9479,14.705780666710343
16.483,14.722420666710473
16.7656,14.739070666710381
16.9659,14.755750666710549
16.7313,14.772450666710734
16.9753,14.78917066671094
16.6165,14.805850666711107
16.4021,14.822510666711256
16.1635,14.839190666711424
17.4472,14.855860666711349
17.0045,14.872530666711274
16.1337,14.889240666711236
16.2196,14.905960666711442
16.3076,14.92264066671161
16.9431,14.939330666711554
16.2852,14.955970666711684
16.449,14.972610666711814
17.1814,14.98928066671174
17.0534,15.006000666711945
16.2555,15.022700666712131
16.7948,15.0393806667123
16.7164,15.056030666712205
16.1931,15.072670666712336
17.2479,15.089330666712485
16.0959,15.105990666712634
17.3134,15.122700666712596
16.4053,15.139430666712578
16.9981,15.156130666712764
16.4512,15.172800666712691
16.5977,15.189480666712857
16.866,15.206160666713025
17.0559,15.222870666712987
16.0834,15.239580666712952
16.6825,15.256290666712914
16.7006,15.2729906667131
16.2406,15.289650666713248
16.8505,15.306310666713397
17.1125,15.322990666713565
16.3362,15.339640666713473
16.7407,15.356310666713398
16.8141,15.373000666713342
16.6553,15.38965066671325
16.26,15.40629066671338
17.1979,15.422960666713305
16.5567,15.439640666713473
17.1286,15.45634066671366
15.9823,15.473000666713808
16.9817,15.489670666713733
16.633,15.50637066671392
16.7896,15.523060666713864
16.4075,15.539700666713994
17.2158,15.5564206667142
16.249,15.57315066671418
16.9183,15.589840666714124
16.9503,15.60651066671405
16.3497,15.623190666714217
16.9912,15.639870666714385
18.7096,15.656550666714553
16.1918,15.673210666714702
17.4828,15.689880666714627
16.1089,15.706580666714814
17.4425,15.72323066671472
16.3776,15.739900666714647
13.8474,15.756540666714777
16.807,15.77323066671472
16.92,15.789910666714889
17.0445,15.806620666714851
16.2609,15.823310666714795
17.1287,15.840030666715
16.5894,15.856710666715168
20.0352,15.873380666715093
17.4637,15.890040666715242
11.7816,15.906690666715148
16.8092,15.923410666715354
16.7817,15.940090666715522
16.3879,15.956740666715428
16.5324,15.973390666715336
16.5666,15.990030666715466
17.3061,16.006680666715372
17.437,16.023370666715316
16.2522,16.04008066671528
16.7396,16.056780666715465
16.3435,16.073480666715653
16.8342,16.090160666715818
16.0119,16.106800666715948
17.7817,16.123480666716116
15.7309,16.14019066671608
16.651,16.156900666716044
16.5598,16.17360066671623
16.6617,16.19024066671636
16.7917,16.206890666716266
17.0365,16.223590666716454
17.4145,16.24027066671662
15.6197,16.256940666716545
17.1851,16.27365066671651
16.4317,16.290370666716715
16.1189,16.30702066671662
16.971,16.323690666716544
16.9607,16.34036066671647
16.7004,16.357070666716435
16.25,16.37376066671638
17.3203,16.390440666716547
16.6081,16.407120666716715
16.3211,16.423790666716638
16.7906,16.440440666716547
17.4774,16.457120666716712
16.199,16.473830666716676
16.1462,16.490490666716827
17.3451,16.50717066671699
16.5214,16.52385066671716
17.7423,16.540550666717348
15.8343,16.557230666717516
15.5733,16.57392066671746
17.1724,16.590600666717627
16.552,16.607310666717588
16.9023,16.623980666717515
16.3461,16.64065066671744
17.0041,16.65733066671761
16.7572,16.674030666717794
16.8506,16.690710666717962
16.1085,16.70738066671789
16.9251,16.724030666717795
16.7054,16.740710666717963
16.5157,16.757380666717886
16.2904,16.774030666717795
17.3489,16.79070066671772
16.6502,16.807380666717886
16.6985,16.82407066671783
16.3513,16.84071066671796
17.0539,16.85739066671813
16.3938,16.874040666718034
16.6116,16.89071066671796
17.1662,16.90739066671813
16.4157,16.924090666718314
17.5624,16.940800666718278
16.3958,16.957490666718222
16.6803,16.97417066671839
16.4632,16.990840666718316
16.8752,17.007550666718277
16.0986,17.024200666718183
16.9626,17.040910666718148
16.5719,17.05760066671809
16.7418,17.074270666718018
16.7396,17.090920666717924
16.0968,17.107600666718092
16.7946,17.12428066671826
16.2826,17.140970666718204
16.6716,17.15765066671837
16.5377,17.174300666718278
16.5493,17.190980666718445
17.3334,17.20763066671835
17.0736,17.224340666718316
16.4632,17.241020666718484
16.7997,17.25774066671869
16.3517,17.27438066671882
17.0674,17.29102066671895
16.5303,17.307690666718873
16.2957,17.324400666718837
17.0959,17.341110666718798
16.3652,17.357830666719003
16.5648,17.374520666718947
16.387,17.391160666719077
17.7701,17.407800666719208
16.887,17.424440666719338
15.5308,17.441150666719302
17.0739,17.457860666719267
16.7465,17.47455066671921
16.4754,17.491240666719154
16.2369,17.507920666719322
16.7809,17.52455066671921
17.0455,17.541240666719155
16.953,17.55796066671936
16.7009,17.57469066671934
16.7066,17.591400666719302
16.3699,17.608090666719246
16.7596,17.624770666719414
15.9249,17.641400666719303
17.172,17.658030666719192
16.128,17.674680666719098
16.3128,17.691370666719042
16.8636,17.70803066671919
16.7225,17.72467066671932
16.8326,17.74131066671945
17.3033,17.757990666719618
16.6586,17.774670666719786
17.1344,17.79136066671973
16.7428,17.808080666719935
16.779,17.82480066672014
15.7791,17.841470666720067
16.9617,17.85814066671999
16.6059,17.874820666720158
16.9069,17.891500666720326
17.2767,17.90821066672029
16.6159,17.924890666720458
16.3689,17.941570666720626
16.7059,17.95824066672055
15.7986,17.97489066672046
16.8327,17.99153066672059
17.1508,18.008210666720757
16.8405,18.024920666720718
16.1038,18.041600666720885
16.9385,18.058280666721053
16.5789,18.07493066672096
16.9664,18.09159066672111
17.2379,18.10827066672128
16.2792,18.1249406667212
16.5478,18.141650666721166
15.7172,18.158330666721334
17.7746,18.17503066672152
16.4402,18.191720666721462
16.7897,18.208430666721426
16.6294,18.22513066672161
16.4664,18.241820666721555
16.9045,18.258520666721743
16.5195,18.275190666721667
16.5714,18.291850666721817
16.5783,18.308520666721744
17.3323,18.32522066672193
17.219,18.341920666722114
15.5826,18.35859066672204
16.3084,18.375250666722188
17.3465,18.391940666722135
16.4762,18.40864066672232
16.385,18.425320666722488
16.5409,18.441970666722394
16.8273,18.4586906667226
16.7261,18.475390666722785
16.7252,18.49206066672271
16.3746,18.508710666722617
16.7649,18.525370666722768
16.8472,18.54204066672269
17.2045,18.55872066672286
16.0933,18.575400666723027
16.7452,18.592070666722954
16.5334,18.60875066672312
16.7801,18.62543066672329
16.6255,18.64207066672342
17.1982,18.65878066672338
16.3264,18.675490666723345
16.5141,18.692150666723492
17.0492,18.708870666723698
16.4817,18.725550666723866
16.2166,18.742190666723996
16.9621,18.758860666723923
16.7945,18.775570666723883
16.8882,18.792200666723772
16.9267,18.80890066672396
16.378,18.825560666724108
16.9744,18.842240666724276
17.1058,18.85896066672448
16.5953,18.875630666724405
16.4463,18.892310666724573
16.4101,18.909030666724778
16.9263,18.925700666724705
16.9854,18.94239066672465
15.8173,18.959070666724816
16.859,18.975740666724743
16.9253,18.992440666724928
17.2583,19.009110666724855
16.7519,19.02576066672476
16.5818,19.04240066672489
15.4912,19.05904066672502
17.1769,19.07572066672519
16.8643,19.092420666725374
16.0855,19.109100666725542
17.4678,19.125820666725748
16.282,19.142530666725712
16.5068,19.159210666725876
16.2363,19.175860666725786
17.0742,19.192580666725988
16.9057,19.209300666726193
16.6663,19.2260206667264
16.5215,19.242700666726567
16.9692,19.25939066672651
17.0546,19.27605066672666
16.3358,19.29273066672683
16.6576,19.309390666726976
17.3239,19.326070666727144
16.3658,19.34277066672733
16.5422,19.35941066672746
16.7566,19.37605066672759
16.1558,19.392730666727758
16.5173,19.40939066672791
17.0315,19.426080666727852
16.6911,19.442780666728037
16.332,19.459450666727964
16.4566,19.47611066672811
17.6184,19.49279066672828
16.1379,19.509480666728226
16.786,19.526190666728187
16.5422,19.54292066672817
16.883,19.559570666728074
16.2207,19.576250666728242
16.9026,19.592890666728373
16.576,19.609530666728503
17.1838,19.626220666728447
16.5765,19.64293066672841
16.4811,19.65957066672854
16.8791,19.67621066672867
16.9676,19.6928806667286
16.8845,19.70955066672852
16.5437,19.726220666728448
16.7744,19.742880666728595
16.9124,19.759570666728543
16.5764,19.776270666728728
17.4291,19.792950666728895
16.3197,19.809620666728822
16.2726,19.826310666728766
17.0883,19.843020666728727
16.8558,19.859700666728894
16.132,19.87637066672882
16.9579,19.893090666729027
16.1645,19.909800666728987
16.2331,19.926500666729176
16.8583,19.94319066672912
16.409,19.95983066672925
16.8338,19.976520666729193
16.8819,19.99322066672938
16.8009,20.009910666729322
16.2257,20.02656066672923
16.8842,20.0432406667294
16.3465,20.059910666729323
16.5923,20.076600666729266
16.3005,20.093250666729176
16.8342,20.109890666729306
17.6807,20.126600666729267
15.841,20.143280666729435
16.5283,20.159940666729586
16.6205,20.17662066672975
16.4194,20.193310666729698
17.1961,20.21000066672964
16.67,20.226690666729585
16.489,20.24334066672949
17.156,20.260030666729435
16.6243,20.27675066672964
16.9371,20.293440666729584
16.6367,20.310120666729752
19.4226,20.326780666729903
13.9483,20.343460666730067
16.329,20.36017066673003
16.4403,20.37681066673016
17.1877,20.393460666730068
16.5173,20.410160666730256
16.1971,20.426820666730404
17.1925,20.44349066673033
16.1718,20.460150666730478
17.1967,20.476830666730645
16.7082,20.49355066673085
16.1732,20.51019066673098
16.9049,20.526860666730908
16.7912,20.543540666731076
16.9296,20.560250666731037
16.2639,20.57694066673098
17.3874,20.593650666730944
16.5218,20.61032066673087
16.7626,20.627020666731056
16.4516,20.643680666731203
17.6393,20.66036066673137
15.5007,20.677050666731315
16.9643,20.693740666731262
16.63,20.710450666731223
16.924,20.72713066673139
16.6411,20.743800666731318
17.0939,20.76047066673124
14.8361,20.77713066673139
16.8441,20.793770666731522
16.8942,20.81044066673145
17.4394,20.827130666731392
16.3077,20.843850666731598
16.8225,20.860490666731728
16.6042,20.877140666731634
17.1372,20.893810666731557
17.2999,20.910490666731725
16.3224,20.927150666731876
16.0046,20.94387066673208
16.2413,20.960560666732025
17.4939,20.977270666731986
16.5112,20.993940666731913
16.5846,21.0105706667318
16.8605,21.027280666731762
16.2004,21.043970666731706
16.6607,21.060620666731616
16.7208,21.077270666731522
16.9084,21.093960666731466
16.8423,21.110630666731392
16.4587,21.127300666731315
16.5248,21.143930666731205
16.7224,21.160570666731335
16.8496,21.1772806667313
16.7905,21.193940666731446
16.3502,21.210600666731597
17.3624,21.227280666731765
16.4811,21.24396066673193
16.0696,21.26062066673208
17.0446,21.277310666732024
16.3546,21.29398066673195
16.9074,21.310700666732156
17.012,21.32742066673236
15.9004,21.344070666732268
16.9581,21.36074066673219
16.8222,21.377460666732397
17.2053,21.39417066673236
16.0583,21.41088066673232
16.6873,21.42758066673251
16.4935,21.444260666732678
17.1852,21.46098066673288
15.8714,21.47763066673279
16.9558,21.49427066673292
16.4021,21.510940666732843
17.1068,21.52764066673303
16.9045,21.54428066673316
16.5519,21.560930666733068
16.3349,21.577570666733198
16.6972,21.594230666733345
16.9947,21.610870666733476
17.1263,21.627520666733385
16.4887,21.64419066673331
17.2165,21.660870666733476
16.4779,21.67758066673344
17.1232,21.694240666733588
16.2948,21.710930666733532
17.1756,21.72762066673348
16.3534,21.744320666733664
15.2734,21.761000666733832
16.6797,21.777710666733793
17.2338,21.794430666733998
16.7199,21.81112066673394
16.341,21.827840666734147
16.563,21.844500666734298
16.8726,21.861200666734483
17.4838,21.877900666734668
17.7376,21.894600666734856
16.8914,21.91130066673504
16.1825,21.927970666734968
17.222,21.944650666735136
17.0688,21.961330666735304
16.3189,21.978040666735264
16.4428,21.99471066673519
17.2481,22.011420666735155
16.1558,22.0281106667351
14.5594,22.044800666735043
16.7166,22.06145066673495
16.9252,22.078120666734875
16.6501,22.094840666735077
17.4115,22.111520666735245
16.7608,22.128190666735172
16.8149,22.14487066673534
15.8834,22.161560666735284
16.5761,22.17824066673545
16.4281,22.194930666735395
16.8031,22.211590666735546
16.7896,22.22829066673573
16.9796,22.244940666735637
16.5769,22.261620666735805
16.6796,22.27829066673573
16.6276,22.29495066673588
16.4567,22.31159066673601
17.3233,22.328260666735936
16.3627,22.344940666736104
17.1659,22.361580666736234
15.8019,22.37824066673638
17.2948,22.39491066673631
16.2671,22.411620666736273
17.0368,22.428310666736216
16.2725,22.444960666736122
16.7995,22.46163066673605
16.9473,22.478320666735993
16.8251,22.494960666736123
16.8201,22.51161066673603
16.8442,22.528290666736197
15.9593,22.544970666736365
16.9128,22.561640666736288
16.0588,22.578290666736198
17.8155,22.59496066673612
15.6896,22.611680666736326
16.9487,22.62839066673629
16.3327,22.645080666736234
17.3435,22.66178066673642
16.5155,22.678490666736383
16.5749,22.695200666736344
16.8529,22.71191066673631
16.6524,22.728600666736252
16.7541,22.745320666736458
16.4168,22.762000666736625
16.5323,22.77865066673653
16.904,22.7953306667367
16.7387,22.812030666736884
16.3347,22.82870066673681
16.614,22.84534066673694
16.4228,22.86198066673707
17.4995,22.87866066673724
16.4548,22.895350666737183
16.661,22.91200066673709
16.4428,22.928650666737
17.2872,22.945340666736943
16.2897,22.961980666737073
16.8246,22.978620666737203
16.5128,22.99530066673737
16.8418,23.01198066673754
16.962,23.028670666737483
16.5287,23.045340666737406
16.7717,23.062010666737333
16.273,23.078710666737518
16.6807,23.095430666737723
16.4973,23.11213066673791
16.6949,23.128850666738114
16.3244,23.14552066673804
16.6529,23.162200666738208
16.5224,23.178890666738152
16.7161,23.19557066673832
16.8336,23.21223066673847
16.9456,23.228900666738394
17.0131,23.24558066673856
16.3678,23.26225066673849
16.9992,23.278930666738656
16.3229,23.295590666738804
16.7029,23.31231066673901
16.5037,23.329010666739194
16.8904,23.345720666739158
16.999,23.362390666739085
16.6628,23.37911066673929
17.0514,23.395810666739475
15.8506,23.412450666739606
16.8722,23.429090666739736
16.8398,23.445770666739904
16.3631,23.46247066674009
16.5355,23.47911066674022
17.2675,23.495790666740387
16.1053,23.512440666740293
16.958,23.5291606667405
16.8684,23.545790666740388
16.4423,23.562440666740294
16.6558,23.579150666740258
16.4596,23.5958406667402
16.5975,23.612490666740108
17.0514,23.62915066674026
18.0446,23.64588066674024
15.2885,23.662560666740408
17.0379,23.679260666740593
16.456,23.69593066674052
16.5185,23.71265066674072
16.8075,23.72935066674091
16.5788,23.746040666740853
16.8205,23.762730666740797
17.0367,23.77944066674076
16.0517,23.79610066674091
16.7003,23.812750666740815
16.9511,23.829430666740983
16.5568,23.846090666741134
16.812,23.8627706667413
16.7575,23.87943066674145
16.6708,23.896120666741393
16.7079,23.91280066674156
16.7029,23.92950066674175
16.6164,23.946190666741693
16.4696,23.962910666741898
16.7059,23.97958066674182
16.7901,23.996270666741765
17.1039,24.01299066674197
16.3614,24.02967066674214
16.6158,24.046340666742065
16.7675,24.06299066674197
16.7647,24.07967066674214
16.6698,24.096350666742307
16.7716,24.113000666742213
16.7172,24.12968066674238
16.7078,24.14636066674255
17.4031,24.163040666742717
16.5301,24.179690666742623
16.2727,24.196380666742566
16.996,24.21309066674253
15.9538,24.2297706667427
16.4612,24.24644066674262
16.942,24.26312066674279
16.8466,24.279820666742978
16.9842,24.296500666743146
16.1799,24.313210666743107
16.217,24.329850666743237
17.45,24.346510666743388
16.7359,24.36315066674352
17.0141,24.379830666743686
16.6179,24.396540666743647
15.8886,24.413220666743815
16.7384,24.429900666743983
16.3105,24.44653066674387
16.9471,24.463200666743795
16.3047,24.479850666743705
16.9087,24.49654066674365
16.7628,24.513240666743833
16.6316,24.529920666744
17.1382,24.546590666743928
16.7659,24.56326066674385
16.7989,24.57991066674376
16.3263,24.59655066674389
16.5654,24.613240666743835
15.9535,24.629880666743965
17.0664,24.646560666744133
16.6498,24.663250666744077
16.3019,24.679910666744224
17.3706,24.69659066674439
16.5058,24.713240666744298
16.6875,24.729890666744208
17.0307,24.74658066674415
16.4151,24.763280666744336
17.0842,24.7799906667443
15.9471,24.79670066674426
17.3215,24.813410666744225
16.7371,24.83010066674417
17.3376,24.846770666744096
16.752,24.863450666744264
16.8266,24.880160666744224
16.4296,24.89688066674443
16.7239,24.913560666744598
16.6927,24.930260666744783
16.5434,24.946900666744913
16.2459,24.96355066674482
17.2757,24.98020066674473
15.1789,24.99684066674486
16.5164,25.013520666745027
17.0665,25.03019066674495
16.7817,25.0468506667451
16.8246,25.06353066674527
15.9941,25.080210666745437
17.3641,25.096890666745605
16.586,25.113620666745586
17.4267,25.130350666745567
16.8474,25.147060666745528
16.4476,25.163770666745492
16.2964,25.18045066674566
16.951,25.197170666745865
16.6547,25.21386066674581
16.6303,25.23050066674594
16.5826,25.247160666746087
16.3159,25.263800666746217
17.1135,25.280460666746368
16.8381,25.297110666746274
16.7896,25.313790666746442
16.2362,25.33045066674659
16.7413,25.347140666746533
16.7778,25.3638206667467
16.6638,25.380490666746628
16.7101,25.39718066674657
15.7942,25.413870666746515
16.8669,25.430550666746683
16.6363,25.44723066674685
16.3089,25.463890666747
16.9637,25.480530666747132
17.9578,25.497210666747296
16.4837,25.51392066674726
16.9071,25.53060066674743
17.1742,25.547310666747393
16.8981,25.564010666747578
15.7074,25.580720666747542
15.5288,25.597430666747503
17.3129,25.61408066674741
16.5737,25.630800666747614
16.3456,25.647500666747803
16.7619,25.664180666747967
16.297,25.680860666748135
17.1835,25.69753066674806
16.472,25.714190666748213
18.0516,25.730860666748136
16.4222,25.74755066674808
16.5306,25.764230666748247
16.528,25.780950666748453
16.4879,25.79762066674838
16.4806,25.814310666748323
16.7714,25.831010666748508
16.6169,25.847690666748676
16.2041,25.864340666748582
17.1842,25.88101066674851
16.3477,25.897700666748452
16.6864,25.91437066674838
16.5132,25.931060666748323
17.0735,25.94774066674849
16.5171,25.96442066674866
16.2928,25.98109066674858
16.6706,25.99779066674877
16.367,26.0144306667489
16.9097,26.03111066674907
17.1094,26.04778066674899
16.7144,26.06446066674916
16.6052,26.08112066674931
16.6835,26.097780666749458
16.4809,26.114420666749588
16.5243,26.131100666749756
16.7525,26.147760666749907
16.7506,26.164390666749792
17.158,26.181110666749998
16.1656,26.197830666750203
16.8103,26.214540666750167
16.7746,26.231200666750315
16.574,26.247900666750503
16.3413,26.264570666750426
16.731,26.281250666750594
17.2313,26.297930666750762
17.33,26.314650666750968
16.1454,26.33134066675091
16.9492,26.347990666750817
16.8283,26.364630666750948
16.6376,26.381300666750874
16.5096,26.3979706667508
17.2606,26.414640666750724
16.5842,26.431340666750913
16.5558,26.448050666750873
16.3138,26.46470066675078
16.7753,26.48136066675093
17.1281,26.498060666751115
16.4107,26.51477066675108
16.6482,26.531490666751285
17.1725,26.54819066675147
16.1815,26.56489066675166
16.9444,26.581580666751602
16.3847,26.59824066675175
16.6518,26.614920666751917
16.4388,26.63161066675186
15.9514,26.648260666751767
16.502,26.664910666751677
16.7678,26.681550666751807
17.0408,26.698210666751955
17.0766,26.714890666752122
16.5806,26.731580666752066
16.7188,26.748260666752234
16.2609,26.764950666752178
16.4242,26.781600666752084
16.8055,26.79827066675201
16.5818,26.814960666751954
16.9633,26.83167066675192
16.9304,26.848390666752124
16.3649,26.86507066675229
16.8687,26.881700666752177
16.678,26.898370666752104
17.2488,26.915050666752272
16.5963,26.931740666752216
16.8796,26.948420666752384
16.3659,26.96510066675255
16.777,26.98178066675272
16.5153,26.998440666752867
16.2345,27.015080666752997
17.3749,27.031750666752924
16.2098,27.048440666752867
17.0996,27.06513066675281
16.3216,27.081790666752962
16.5079,27.098440666752868
16.6642,27.115120666753036
16.5624,27.131830666752997
16.8069,27.148550666753202
16.4807,27.16523066675337
17.2834,27.181930666753555
16.6239,27.19864066675352
16.5809,27.215350666753483
16.7736,27.23200066675339
16.6149,27.248660666753537
17.0452,27.26535066675348
17.0937,27.28203066675365
15.4443,27.298700666753575
17.0545,27.315370666753502
16.4386,27.332070666753687
16.3401,27.348720666753593
17.093,27.365380666753744
16.6256,27.38206066675391
16.7446,27.398730666753835
16.767,27.41542066675378
16.5462,27.432120666753967
17.1669,27.448830666753928
16.4362,27.465520666753875
16.3108,27.48220066675404
16.567,27.498870666753966
17.0642,27.51559066675417
16.5487,27.532280666754115
17.2157,27.54897066675406
16.1224,27.565690666754264
16.3467,27.58236066675419
17.2521,27.59904066675436
16.5837,27.615730666754303
16.6528,27.63241066675447
16.5317,27.64909066675464
16.9699,27.665770666754806
16.4699,27.68246066675475
16.7355,27.699140666754918
16.3742,27.715780666755048
16.6842,27.732440666755195
17.4947,27.7491606667554
16.0248,27.76584066675557
16.5982,27.782470666755458
16.742,27.7991606667554
16.8582,27.815800666755532
16.6584,27.832490666755476
16.6491,27.849160666755402
16.6658,27.865840666755567
16.5609,27.882540666755755
16.6561,27.89924066675594
16.3947,27.91587066675583
16.7994,27.932530666755977
16.8922,27.949250666756182
16.9197,27.965890666756312
16.4658,27.982610666756518
16.5845,27.999290666756686
16.6485,28.015930666756816
16.8564,28.032610666756984
16.4702,28.04927066675713
17.0429,28.06592066675704
16.1868,28.082620666757226
16.6829,28.099280666757377
16.8489,28.115940666757524
16.8093,28.132630666757468
16.8705,28.149310666757636
16.5625,28.16600066675758
16.9873,28.182710666757544
16.2865,28.19939066675771
16.8864,28.216090666757896
16.7997,28.23279066675808
16.7369,28.249500666758045
16.3299,28.26621066675801
16.6122,28.282900666757953
16.7049,28.299590666757897
16.8508,28.316250666758044
16.4613,28.332890666758175
16.755,28.349570666758343
16.2796,28.36622066675825
16.8126,28.38287066675816
17.0128,28.399550666758326
17.1689,28.41622066675825
16.6836,28.432910666758193
16.0294,28.449570666758344
16.5771,28.46622066675825
17.279,28.482910666758194
16.4566,28.499590666758362
16.816,28.51626066675829
16.6402,28.53297066675825
16.3647,28.549650666758417
17.1718,28.566300666758323
16.4788,28.582950666758233
17.4385,28.599620666758156
16.8945,28.61633066675812
16.3797,28.633050666758326
16.3498,28.649700666758232
17.2084,28.666390666758176
17.5232,28.68308066675812
16.7025,28.699750666758046
16.0422,28.716430666758214
16.8946,28.733140666758175
16.5938,28.749830666758122
15.3539,28.766510666758286
16.0846,28.783150666758416
16.7697,28.799800666758326
16.6634,28.816480666758494
16.7222,28.833150666758417
17.0054,28.849800666758323
16.925,28.86648066675849
16.5272,28.883200666758697
16.4337,28.899840666758827
17.0333,28.916540666759015
16.4293,28.93321066675894
16.7702,28.949930666759144
16.1269,28.96660066675907
17.2349,28.98328066675924
16.3214,28.9999906667592
16.9864,29.016670666759367
16.4663,29.033340666759294
16.6746,29.05000066675944
16.3673,29.066690666759385
16.674,29.083330666759515
17.9132,29.100010666759683
15.9957,29.11669066675985
16.6221,29.133400666759815
16.2171,29.15011066675978
17.5122,29.16675066675991
16.6136,29.183470666760112
16.3565,29.20014066676004
16.5205,29.216800666760186
17.2909,29.23351066676015
17.3291,29.250230666760356
16.0043,29.266890666760503
16.9852,29.28356066676043
16.518,29.300240666760597
17.1148,29.316890666760504
16.217,29.333600666760468
16.4077,29.350240666760598
17.0232,29.36695066676056
16.3304,29.383650666760747
16.7159,29.400310666760895
16.677,29.416990666761063
16.2579,29.43366066676099
17.4013,29.450350666760933
16.3589,29.4670306667611
16.3091,29.483730666761286
16.6469,29.500380666761192
16.7806,29.51708066676138
16.5654,29.53372066676151
17.0826,29.550410666761454
16.6738,29.56712066676142
16.6961,29.583800666761583
16.375,29.60048066676175
16.2294,29.61711066676164
17.2209,29.633790666761808
16.4427,29.650490666761993
17.4848,29.667210666762198
15.9077,29.683890666762366
16.9546,29.70061066676257
16.3356,29.717300666762515
16.6396,29.733930666762404
16.6968,29.75060066676233
16.7187,29.767290666762275
17.1931,29.784020666762256
16.2688,29.800700666762424
16.3902,29.81733066676231
16.9047,29.83399066676246
16.5446,29.850660666762387
16.3006,29.867300666762517
17.0637,29.883950666762424
17.0676,29.900660666762384
16.8539,29.917350666762328
16.6331,29.934050666762516
16.3512,29.950720666762443
16.545,29.967360666762573
16.9992,29.984080666762775
16.6847,30.000770666762723
15.7544,30.017440666762646
17.5512,30.034110666762572
16.6886,30.05077066676272
16.7036,30.067440666762646
16.6851,30.084120666762814
16.6969,30.100800666762982
16.6818,30.11745066676289
16.8508,30.134150666763073
16.7679,30.150820666763
16.0972,30.167470666762906
17.4994,30.18419066676311
16.1049,30.200920666763093
16.1803,30.21762066676328
16.7381,30.23428066676343
16.526,30.25092066676356
16.7879,30.267590666763486
16.5813,30.284270666763653
16.9465,30.30097066676384
17.2128,30.317670666764023
16.5792,30.33439066676423
17.0697,30.351060666764155
16.7674,30.367730666764082
16.4618,30.38439066676423
16.8774,30.401070666764397
16.2345,30.417750666764565
17.2507,30.43444066676451
16.6031,30.451150666764473
17.6734,30.46781066676462
15.3986,30.48444066676451
16.5939,30.50108066676464
16.9378,30.517770666764584
16.6925,30.53445066676475
15.8209,30.551140666764695
17.4372,30.56785066676466
16.5985,30.584550666764844
15.6902,30.60120066676475
17.2332,30.61788066676492
16.5924,30.634580666765103
16.443,30.65127066676505
16.6597,30.66795066676522
16.8253,30.684630666765383
16.5369,30.701280666765292
16.6517,30.717970666765236
17.5657,30.73466066676518
16.191,30.751350666765124
16.4736,30.76802066676505
16.1319,30.78466066676518
16.9678,30.80130066676531
16.7839,30.817970666765234
16.8649,30.834670666765422
16.5654,30.851310666765553
17.3605,30.868000666765496
16.8971,30.88469066676544
16.0632,30.901350666765588
16.4989,30.91799066676572
17.0369,30.934700666765682
16.5018,30.951420666765888
16.6117,30.968100666766055
16.8723,30.98480066676624
16.8343,31.001490666766184
16.4162,31.018190666766372
16.6324,31.03487066676654
17.0141,31.051560666766484
16.8649,31.068250666766428
16.5867,31.084970666766633
16.3903,31.1016506667668
16.6111,31.118300666766707
17.034,31.135020666766913
16.4762,31.151720666767098
16.9255,31.16841066676704
16.3635,31.18511066676723
16.4661,31.201780666767153
16.4606,31.218420666767283
17.0229,31.23509066676721
16.651,31.251740666767116
16.9529,31.26843066676706
16.5997,31.285120666767003
16.7603,31.30179066676693
16.0963,31.31842066676682
16.6147,31.33505066676671
17.0309,31.351700666766614
16.7389,31.368370666766538
17.1051,31.385090666766743
16.5438,31.401780666766687
16.8899,31.418500666766892
16.3505,31.43518066676706
16.469,31.451870666767004
16.6398,31.468560666766948
17.4797,31.485280666767153
16.449,31.501990666767117
16.6567,31.518690666767302
16.2408,31.53537066676747
16.5537,31.552040666767397
16.7018,31.568720666767565
16.8963,31.585400666767733
17.0609,31.602090666767676
15.7458,31.618750666767824
17.0656,31.63543066676799
16.5873,31.65211066676816
16.8692,31.668800666768103
16.1208,31.685440666768233
16.9149,31.702140666768422
17.0231,31.71882066676859
16.5069,31.735500666768754
16.5313,31.752130666768643
16.857,31.76880066676857
16.4339,31.785460666768717
17.3476,31.802120666768868
16.1338,31.818770666768774
16.1487,31.835410666768905
17.1736,31.852100666768848
16.5178,31.868760666769
16.4386,31.885410666768905
17.1776,31.902090666769073
16.453,31.91877066676924
16.6722,31.93541066676937
16.5378,31.952110666769556
17.1124,31.9688006667695
16.8186,31.985510666769464
16.8203,32.00221066676965
16.7379,32.018910666769834
16.6827,32.035590666770005
16.609,32.05229066677019
16.5524,32.06893066677032
16.771,32.085650666770526
16.8151,32.10235066677071
17.2006,32.11902066677064
18.3407,32.1357006667708
17.0674,32.15239066677075
16.4624,32.169090666770934
16.4165,32.18574066677084
14.9097,32.20245066677081
15.4655,32.21911066677095
16.9916,32.2358006667709
16.8642,32.25248066677106
16.4809,32.269140666771214
16.9004,32.28586066677142
16.7599,32.302540666771584
16.7067,32.31921066677151
16.5047,32.33588066677144
16.6855,32.3525906667714
16.761,32.36923066677153
16.7059,32.385940666771496
17.2835,32.40262066677166
16.4548,32.41930066677183
17.2704,32.43602066677203
16.4593,32.45269066677196
16.7368,32.469360666771884
16.8077,32.486040666772055
16.4953,32.502730666771996
16.7806,32.51943066677218
16.4607,32.53614066677215
16.9776,32.55280066677229
16.2047,32.56953066677227
16.1439,32.5862006667722
17.1176,32.60287066677213
16.2533,32.6195506667723
17.6886,32.63624066677224
15.0994,32.652890666772144
16.9634,32.66956066677207
16.4183,32.68622066677222
16.7646,32.70288066677237
17.1112,32.71956066677254
17.3101,32.73622066677269
16.5169,32.75291066677263
16.2219,32.769600666772575
17.004,32.7862706667725
16.3049,32.80292066677241
17.0287,32.81961066677235
16.8059,32.83629066677252
16.5914,32.852970666772684
16.678,32.86968066677265
16.1562,32.886360666772816
17.1551,32.90303066677274
16.4837,32.91970066677267
16.4713,32.936350666772576
16.6562,32.95300066677248
17.4472,32.96971066677244
16.7035,32.98641066677263
17.0838,33.0030906667728
16.2153,33.01978066677274
16.5609,33.036430666772645
17.1924,33.05312066677259
16.7291,33.06981066677254
16.5312,33.08648066677246
16.7349,33.10317066677241
16.5422,33.11985066677257
16.8886,33.13653066677274
16.2612,33.15317066677287
16.9299,33.16982066677278
16.8796,33.186490666772706
16.8487,33.20317066677287
16.3119,33.21986066677282
16.645,33.23651066677272
16.6037,33.253170666772874
16.7557,33.26985066677304
16.8898,33.286570666773244
16.7163,33.303250666773415
16.8165,33.319960666773376
16.1379,33.336650666773316
15.757,33.35330066677323
16.8764,33.369980666773394
16.7579,33.38665066677332
16.7362,33.40336066677328
16.5695,33.42007066677324
16.9972,33.436770666773434
16.4009,33.453410666773564
16.5689,33.470050666773695
16.5994,33.48673066677386
17.2664,33.503430666774044
15.9643,33.520110666774215
16.9045,33.53679066677438
16.4143,33.55347066677455
17.5925,33.57011066677468
17.6188,33.586770666774825
17.1964,33.60340066677472
16.2605,33.62008066677488
16.7034,33.636760666775054
14.7946,33.65341066677496
15.9789,33.67005066677509
17.1369,33.686750666775275
17.1415,33.70345066677546
16.5931,33.72014066677541
16.5903,33.73686066677561
16.4225,33.75354066677578
16.8257,33.77026066677598
16.3394,33.786940666776154
16.9437,33.803650666776115
16.5522,33.82033066677628
16.7561,33.83701066677645
16.5151,33.853670666776594
16.5789,33.870330666776745
17.2111,33.887010666776916
17.0509,33.90369066677708
16.2781,33.920390666777266
20.4961,33.93706066677719
13.1265,33.95377066677715
16.3318,33.9704606667771
16.8279,33.98713066677703
16.1929,34.00382066677697
16.9855,34.02050066677714
16.5984,34.03720066677732
16.8174,34.053840666777454
17.3039,34.070500666777605
16.2469,34.08718066677777
17.0696,34.10386066677794
16.4029,34.12051066677785
16.7894,34.13715066677798
16.4758,34.15383066677814
16.813,34.17053066677833
16.8642,34.187240666778294
16.5266,34.203900666778445
16.3102,34.22062066677864
17.2031,34.237320666778835
16.4169,34.254010666778775
16.3612,34.27066066677868
16.5627,34.28737066677865
17.4385,34.30408066677861
16.1956,34.320800666778815
16.3566,34.337460666778966
16.7265,34.3541006667791
17.2031,34.37081066677906
16.7371,34.38747066677921
16.8288,34.40414066677913
16.7022,34.42077066677902
16.5827,34.43746066677896
16.3734,34.45414066677913
16.5884,34.47078066677926
17.154,34.48744066677941
16.7438,34.50413066677935
16.8476,34.52085066677956
16.5082,34.537500666779465
16.9218,34.554160666779616
15.9717,34.570800666779746
16.8484,34.58750066677993
16.6337,34.60417066677986
17.1224,34.62085066678002
16.7672,34.63757066678023
15.843,34.65427066678041
17.4326,34.670970666780605
16.1218,34.687640666780524
16.6604,34.70431066678045
16.8993,34.72102066678042
16.2516,34.7377206667806
16.9243,34.75442066678079
16.7405,34.771140666780994
16.6746,34.787830666780934
16.5976,34.804510666781105
16.6775,34.82120066678105
17.2245,34.83788066678122
16.9321,34.854570666781164
15.9886,34.87127066678135
16.96,34.88796066678129
16.2644,34.904660666781474
16.7584,34.921320666781625
16.8421,34.9380006667818
16.3147,34.95467066678172
16.7849,34.97133066678187
16.8429,34.988000666781794
16.4765,35.004680666781965
16.3829,35.02131066678185
16.979,35.037970666782
16.8594,35.054630666782145
16.7686,35.07131066678232
16.4634,35.08800066678226
16.3406,35.10463066678215
17.001,35.1212906667823
16.9757,35.137970666782465
16.4442,35.15465066678263
16.6149,35.17131066678278
17.2298,35.188030666782986
16.8366,35.204740666782946
16.0468,35.221430666782894
16.5406,35.238070666783024
16.9704,35.25476066678297
16.63,35.27148066678317
16.8203,35.28816066678334
16.8439,35.304860666783526
16.9742,35.32153066678345
16.3946,35.33822066678339
16.0137,35.354870666783306
17.0539,35.37152066678321
17.0272,35.38817066678312
17.4184,35.404890666783324
16.1357,35.42157066678349
16.0557,35.438240666783415
16.5503,35.45492066678358
16.6589,35.47156066678371
16.743,35.48821066678362
16.7505,35.50490066678356
16.361,35.52157066678349
16.7541,35.538270666783674
16.2987,35.5549406667836
17.0693,35.57161066678353
17.6204,35.588260666783434
16.4357,35.60495066678338
16.4998,35.6216206667833
16.3486,35.63830066678347
16.689,35.654980666783636
16.9701,35.67164066678379
16.7216,35.68835066678375
16.7299,35.7050106667839
16.7658,35.721730666784104
16.3441,35.73838066678401
16.6205,35.75506066678418
16.804,35.7717306667841
16.8132,35.78843066678429
16.9634,35.80515066678449
16.3976,35.8218706667847
17.2612,35.83857066678489
16.0826,35.85526066678483
17.3362,35.87197066678479
15.8055,35.88864066678472
16.7148,35.905350666784685
16.5298,35.92203066678485
16.7847,35.938690666785
16.9012,35.95536066678493
16.7093,35.97204066678509
16.5149,35.988720666785255
16.5729,36.00537066678517
16.5872,36.02205066678533
17.3231,36.038730666785504
16.0744,36.05539066678565
17.0075,36.072080666785595
16.597,36.08878066678578
16.8397,36.10549066678574
17.02,36.12220066678571
16.8886,36.13888066678587
16.7822,36.155560666786045
16.2038,36.17226066678623
16.7729,36.18890066678636
16.5722,36.205570666786286
16.5329,36.22228066678625
16.4249,36.238950666786174
16.6695,36.25563066678634
16.8045,36.272300666786265
16.5843,36.288960666786416
16.6894,36.30563066678634
16.524,36.32228066678625
16.681,36.33894066678639
17.193,36.3556606667866
16.2951,36.37234066678677
16.7422,36.3889806667869
16.7533,36.405630666786806
16.3424,36.422270666786936
17.1345,36.43893066678709
16.2661,36.45560066678701
17.0504,36.47228066678718
16.4359,36.488950666787105
16.808,36.505640666787045
16.838,36.52231066678697
16.332,36.53896066678688
16.4287,36.55564066678705
16.7296,36.57235066678701
17.1907,36.58906066678697
16.7925,36.60577066678694
16.7716,36.62247066678712
17.1061,36.63916066678706
16.365,36.65587066678703
16.8792,36.67252066678694
16.623,36.68917066678684
16.9741,36.70586066678678
17.1554,36.72255066678673
16.9259,36.73921066678688
16.774,36.75590066678682
17.0207,36.77258066678699
15.9506,36.78926066678716
16.5091,36.805910666787064
15.4474,36.822570666787215
16.5661,36.83929066678742
17.0402,36.856010666787625
16.3,36.872700666787566
16.8208,36.88940066678776
16.7277,36.90611066678772
15.9183,36.92275066678785
16.5944,36.93939066678798
17.1796,36.95603066678811
16.1897,36.972710666788274
16.7319,36.9893806667882
17.0634,37.00602066678833
16.8246,37.0227006667885
16.3272,37.03937066678843
17.2498,37.05606066678837
16.7512,37.072730666788296
18.4561,37.089440666788256
14.0793,37.10612066678843
17.7225,37.12280066678859
16.2275,37.13947066678852
17.7113,37.156140666788446
15.2682,37.17282066678861
17.0102,37.18946066678874
17.3885,37.20615066678869
15.967,37.22283066678885
16.6081,37.2395206667888
16.5481,37.25620066678896
16.6777,37.272880666789135
17.0912,37.289590666789096
16.2552,37.30626066678902
18.1424,37.32294066678919
15.7836,37.33966066678939
16.6519,37.3563806667896
16.2239,37.37308066678978
17.1087,37.38974066678993
16.8322,37.40641066678986
16.3397,37.42310066678981
16.3928,37.43978066678997
16.5286,37.45647066678992
16.4373,37.47316066678986
17.0129,37.489860666790044
16.8636,37.506540666790215
16.5696,37.523180666790346
16.622,37.53983066679025
17.0001,37.556510666790416
16.5028,37.57319066679059
16.7183,37.58987066679075
16.7251,37.60659066679096
16.7141,37.623260666790884
16.5823,37.63998066679109
16.3133,37.656650666791016
16.9978,37.67331066679116
16.6197,37.690030666791365
16.8664,37.70673066679156
16.7082,37.7234206667915
16.3252,37.740070666791404
16.6514,37.756710666791534
17.0205,37.773370666791685
16.7396,37.79002066679159
16.5195,37.80665066679148
16.7494,37.8233206667914
16.9083,37.83999066679133
17.003,37.85663066679146
16.5935,37.87327066679159
17.0088,37.88994066679152
16.8436,37.90665066679148
16.4911,37.92337066679168
16.2305,37.94002066679159
16.9549,37.95670066679176
16.7322,37.97342066679197
16.49,37.99011066679191
16.9438,38.006820666791874
16.4548,38.023510666791815
16.9186,38.040240666791796
16.2687,38.05690066679195
16.7424,38.07355066679185
16.217,38.09019066679198
16.6585,38.10691066679219
16.9077,38.12361066679237
16.511,38.1402806667923
16.8754,38.15695066679223
16.6835,38.17363066679239
16.5533,38.190330666792576
17.2074,38.20701066679275
16.0553,38.22372066679271
16.7663,38.24043066679267
16.4927,38.257150666792874
16.7822,38.2738206667928
16.7675,38.290520666792986
16.9058,38.30719066679291
16.011,38.323870666793084
16.7325,38.340510666793215
16.3768,38.35716066679312
16.7852,38.37380066679325
17.23,38.39044066679338
17.0083,38.40708066679351
16.1374,38.423760666793676
16.2011,38.44042066679383
17.3291,38.45708066679398
16.6706,38.47378066679416
16.337,38.49046066679433
17.1661,38.5071406667945
17.1471,38.52382066679466
16.9466,38.54053066679463
16.4627,38.55724066679459
16.3563,38.573920666794756
17.2076,38.59059066679468
16.3855,38.60726066679461
16.4623,38.62392066679476
16.7616,38.64059066679469
16.5008,38.65729066679487
16.2703,38.67400066679483
16.2901,38.69067066679476
17.2993,38.707320666794665
16.7102,38.72401066679461
16.3632,38.74072066679457
16.2469,38.75737066679448
17.0099,38.774090666794685
17.132,38.79081066679489
16.5291,38.80750066679483
16.4955,38.82417066679476
16.8861,38.84085066679493
16.4957,38.85753066679509
17.4851,38.874210666795264
16.7273,38.89084066679515
16.6681,38.907490666795056
16.5559,38.924180666795
17.1935,38.94086066679517
16.3982,38.9575006667953
16.5242,38.974170666795224
16.7372,38.99087066679541
16.5438,39.00755066679558
16.1574,39.024230666795745
17.3248,39.04093066679593
16.1198,39.057650666796135
16.7752,39.07435066679632
16.7374,39.09105066679651
16.2877,39.10770066679642
16.6579,39.1244006667966
17.4416,39.14105066679651
15.9564,39.157730666796674
16.5702,39.17438066679659
17.0067,39.19109066679655
16.8677,39.207740666796454
16.6528,39.22442066679662
15.9868,39.24108066679677
17.389,39.25774066679692
16.9122,39.274460666797125
16.3847,39.291120666797276
16.5319,39.30782066679746
16.9666,39.324500666797626
16.6373,39.341210666797586
16.3729,39.35788066679751
16.4712,39.37457066679746
17.081,39.39121066679759
17.0548,39.407890666797755
16.7043,39.42456066679768
16.402,39.441190666797574
17.0115,39.457900666797535
16.4274,39.47460066679772
16.4398,39.491280666797884
16.001,39.507920666798015
17.2878,39.52459066679794
16.5887,39.54130066679791
16.5855,39.558000666798094
16.404,39.57467066679802
16.9041,39.59136066679796
16.8842,39.608080666798166
17.1549,39.62476066679834
16.3787,39.64143066679826
16.3782,39.65811066679843
16.6989,39.67480066679837
16.8302,39.69151066679834
16.4983,39.70818066679826
16.6375,39.72485066679818
16.6565,39.74157066679839
16.556,39.75823066679854
17.209,39.774910666798704
16.1951,39.79158066679863
16.9238,39.80824066679878
16.7715,39.82491066679871
16.2531,39.84159066679887
16.8983,39.858230666799
17.1689,39.87492066679895
17.5799,39.89163066679891
16.1202,39.90831066679908
16.9259,39.92503066679929
16.3305,39.94168066679919
16.3187,39.9583306667991
16.9557,39.975000666799026
16.8413,39.991690666798966
15.8793,40.00836066679889
16.7865,40.025070666798854
16.9851,40.04174066679878
16.2309,40.05839066679869
17.5602,40.07506066679861
16.2571,40.091740666798785
16.5609,40.108410666798704
16.818,40.125090666798876
17.1436,40.14180066679884
16.3122,40.15845066679874
16.6062,40.17516066679871
15.8233,40.19181066679862
17.1229,40.20846066679852
17.1231,40.22518066679873
16.8695,40.24187066679867
16.5756,40.25853066679882
16.6942,40.275200666798746
16.635,40.29188066679891
16.5836,40.308530666798816
17.1241,40.325240666798784
16.5011,40.341930666798724
16.469,40.35865066679893
16.7865,40.375370666799135
16.7963,40.39204066679906
17.2984,40.408720666799226
16.195,40.4254006667994
16.1875,40.44209066679934
16.6457,40.45877066679951
16.5279,40.475490666799715
16.3079,40.49214066679962
16.784,40.50878066679975
17.1263,40.52545066679968
16.6481,40.542120666799605
16.1588,40.558760666799735
16.9874,40.575450666799675
17.2178,40.592160666799636
16.0997,40.608870666799604
16.7077,40.62554066679952
16.2484,40.64218066679966
17.0832,40.65889066679962
16.6711,40.67561066679983
20.7833,40.69226066679973
12.7045,40.7089406667999
16.1925,40.72562066680007
16.6411,40.742250666799954
16.544,40.75888066679984
17.0261,40.77556066680001
17.1057,40.79228066680022
16.3652,40.80895066680014
16.271,40.825590666800274
16.9289,40.8422606668002
17.0082,40.858960666800385
16.891,40.87564066680055
16.2873,40.892360666800755
16.7106,40.90904066680093
16.9289,40.92574066680111
16.8395,40.942420666801276
16.2045,40.95907066680118
17.0626,40.97578066680115
16.191,40.992480666801335
16.9162,41.00913066680124
16.7117,41.02578066680115
16.8556,41.042470666801094
16.5653,41.05915066680126
16.9475,41.07583066680143
16.3246,41.092510666801594
16.84,41.10919066680176
16.5024,41.12589066680195
16.1329,41.14254066680186
17.2055,41.15924066680204
16.1998,41.175950666802
16.5624,41.19264066680195
17.0838,41.2093006668021
16.7221,41.225960666802244
16.4084,41.24268066680245
16.573,41.2593406668026
17.9884,41.276020666802765
16.4752,41.29271066680271
16.59,41.30942066680267
16.6228,41.3260606668028
15.5853,41.34270066680293
17.2626,41.35937066680286
16.7297,41.376020666802766
17.0215,41.392710666802714
16.7399,41.40938066680264
16.5185,41.42611066680262
16.2474,41.44278066680254
17.1321,41.45947066680249
16.3611,41.47615066680265
16.594,41.492830666802824
16.9097,41.50955066680303
16.4994,41.526250666803215
16.9181,41.54297066680342
17.1179,41.559650666803584
16.4331,41.576310666803735
17.088,41.592970666803886
16.5554,41.60962066680379
16.3719,41.62629066680372
16.7661,41.64295066680387
16.7145,41.659650666804055
16.5415,41.67630066680396
16.8573,41.69297066680389
16.2373,41.709620666803794
16.3944,41.7262706668037
16.5232,41.74294066680363
16.7539,41.75961066680355
16.5208,41.77629066680372
17.4865,41.79297066680388
16.4666,41.809670666804074
16.628,41.82635066680424
16.1697,41.843040666804185
17.4234,41.859750666804146
16.431,41.87644066680409
16.6193,41.893150666804054
17.4276,41.90983066680422
16.6851,41.92651066680439
16.4315,41.94322066680435
16.2646,41.95987066680426
17.1866,41.97655066680443
16.5321,41.99323066680459
17.3587,42.00993066680478
16.7648,42.02661066680495
15.97,42.04332066680491
16.4064,42.059970666804816
16.9732,42.076670666805
16.8492,42.09333066680515
16.5224,42.1100206668051
16.713,42.12673066680506
16.9331,42.143380666804966
17.4078,42.16008066680515
15.9503,42.17676066680532
16.9315,42.19343066680524
17.3528,42.21009066680539
15.7983,42.22680066680536
15.4696,42.243450666805266
17.0107,42.26015066680545
16.2392,42.27682066680538
16.7273,42.293470666805284
16.4463,42.31015066680545
17.1151,42.32679066680558
16.8553,42.343460666805505
16.8712,42.36015066680545
16.2147,42.37684066680539
17.5638,42.39353066680534
16.0029,42.410250666805545
16.7972,42.426940666805486
16.3556,42.44363066680543
17.0718,42.46034066680539
16.349,42.47704066680558
16.7832,42.493710666805505
16.2329,42.510370666805656
16.7393,42.527010666805786
17.2512,42.54366066680569
16.5366,42.56033066680562
16.61,42.57701066680578
16.4681,42.59366066680569
16.647,42.610330666805616
16.7768,42.62697066680575
16.2625,42.6436306668059
17.6619,42.66032066680584
15.9877,42.676990666805764
16.1131,42.693670666805936
17.6347,42.71034066680586
16.8774,42.72702066680603
15.9272,42.74368066680618
16.7993,42.76036066680634
16.2246,42.77701066680625
17.0195,42.79369066680642
17.0741,42.81040066680638
16.7984,42.82711066680634
17.0675,42.84383066680655
16.1152,42.860520666806494
16.762,42.87720066680666
16.8876,42.89388066680683
16.5165,42.91054066680698
16.8981,42.927240666807165
16.2768,42.943930666807105
17.4371,42.96065066680731
15.7937,42.97730066680722
16.9186,42.99395066680712
16.6804,43.01059066680725
16.6098,43.02726066680718
16.6041,43.04393066680711
16.8385,43.06058066680701
16.9429,43.077290666806974
16.6185,43.0939606668069
16.9528,43.11066066680709
16.4635,43.127320666807236
16.68,43.14401066680718
16.8146,43.160720666807144
16.7793,43.17744066680735
16.5105,43.19415066680731
16.4792,43.2108506668075
21.9547,43.22754066680744
11.1482,43.24421066680737
17.0152,43.260910666807554
16.5107,43.277570666807705
16.5257,43.29422066680761
16.6791,43.31089066680754
17.091,43.327560666807464
16.5988,43.344230666807384
16.3775,43.3608806668073
16.933,43.37758066680748
16.6649,43.39428066680767
16.8885,43.41098066680785
16.8895,43.42768066680804
16.424,43.444390666808005
16.4278,43.46111066680821
16.5046,43.477790666808374
16.7631,43.4944606668083
16.8874,43.511140666808465
16.3768,43.52781066680839
16.8563,43.54445066680852
17.1256,43.56112066680845
16.626,43.577790666808376
16.6896,43.59445066680853
16.489,43.61108066680841
16.4223,43.62773066680832
16.9307,43.6444306668085
16.4417,43.661090666808654
16.8602,43.67776066680858
16.8693,43.694440666808745
17.18,43.71116066680895
16.2031,43.72781066680886
17.1795,43.74449066680903
15.8288,43.761160666808955
16.4814,43.77784066680912
16.5964,43.794520666809284
17.2891,43.811220666809476
16.4776,43.82794066680968
16.6248,43.844620666809845
16.6495,43.86134066681005
16.7749,43.87801066680998
16.4559,43.89471066681016
16.7245,43.91136066681007
16.8547,43.928030666809995
16.9575,43.9447506668102
16.9131,43.96144066681014
16.297,43.97811066681007
16.3306,43.99479066681024
16.5872,44.01145066681038
16.7518,44.028100666810296
16.8436,44.04476066681044
17.09,44.06145066681039
16.4813,44.07817066681059
16.2023,44.09484066681052
16.9744,44.11150066681066
16.9454,44.128200666810855
16.3164,44.144870666810775
16.3017,44.161510666810905
17.0105,44.17820066681085
16.4705,44.19490066681104
17.5376,44.21160066681122
16.4664,44.22829066681117
16.3775,44.2449306668113
17.0023,44.261630666811485
16.548,44.27832066681143
16.735,44.295000666811596
16.5724,44.3116506668115
15.9486,44.328330666811674
16.8496,44.34500066681159
16.948,44.36169066681154
17.0318,44.378370666811705
16.6219,44.395050666811876
16.4659,44.4117206668118
16.5328,44.42837066681171
17.1821,44.44505066681187
16.3769,44.4617206668118
16.6323,44.47840066681197
16.8313,44.49509066681191
16.4091,44.51176066681184
16.6611,44.528430666811765
16.7835,44.54508066681167
16.5285,44.5617206668118
16.8582,44.57841066681175
16.9788,44.59512066681171
16.6675,44.61181066681165
16.8344,44.6285006668116
16.1295,44.645190666811544
16.7195,44.66189066681173
16.3345,44.67857066681189
16.6503,44.695230666812044
16.8661,44.711920666811984
16.4405,44.728600666812156
16.9643,44.74527066681208
16.741,44.76194066681201
16.9927,44.778620666812174
16.3896,44.7952906668121
16.6215,44.81196066681203
16.9942,44.82864066681219
16.5819,44.84535066681215
16.7587,44.86206066681212
16.6618,44.87877066681208
16.9262,44.89548066681204
16.8879,44.91220066681225
16.3149,44.928890666812194
16.5542,44.94557066681236
16.4964,44.962220666812264
17.5905,44.978920666812456
16.2523,44.99560066681262
16.8672,45.01227066681255
16.3116,45.02890066681243
16.8154,45.04554066681256
16.5859,45.06221066681249
17.1477,45.07889066681266
16.6958,45.09554066681257
16.3434,45.112190666812474
16.4784,45.12887066681264
16.2759,45.14553066681279
16.5454,45.162180666812695
16.7162,45.178840666812846
16.5231,45.19555066681281
16.7402,45.21223066681298
17.3054,45.22893066681316
16.4519,45.24560066681309
16.5321,45.26227066681301
17.7657,45.27893066681316
16.8049,45.29561066681333
16.9133,45.31228066681325
16.6215,45.32898066681344
16.5408,45.34568066681363
15.5503,45.36238066681381
16.5198,45.379090666813774
16.6407,45.39574066681368
17.255,45.41243066681363
16.2462,45.42913066681381
16.719,45.44587066681404
16.9535,45.46259066681424
16.5312,45.479300666814204
16.8367,45.49599066681415
16.8757,45.512690666814336
16.7191,45.52933066681447
16.8109,45.54602066681441
17.0031,45.5627206668146
16.4334,45.57941066681454
16.1863,45.59609066681471
16.7667,45.612720666814596
16.5779,45.629360666814726
16.7756,45.64604066681489
16.9665,45.662690666814804
16.6161,45.67934066681471
16.6305,45.696040666814895
17.1973,45.71271066681482
16.3115,45.72936066681473
16.8985,45.74599066681461
15.9719,45.7626906668148
17.1622,45.779410666815004
17.6224,45.796090666815175
17.1403,45.812780666815115
16.4662,45.82945066681504
16.763,45.84614066681499
16.6401,45.86282066681515
16.3458,45.87949066681508
16.9708,45.89620066681504
16.5959,45.912920666815246
16.9259,45.92959066681517
16.3464,45.94627066681534
16.2426,45.96295066681551
15.642,45.97963066681567
17.0334,45.99635066681588
16.8439,46.01305066681606
16.6048,46.02974066681601
15.9938,46.04641066681594
16.8312,46.063080666815864
16.8746,46.07976066681603
16.5795,46.096430666815955
16.4271,46.11306066681584
16.5205,46.12973066681577
16.8022,46.14638066681567
17.8514,46.1630506668156
16.9714,46.17969066681573
15.9577,46.19634066681564
17.2483,46.21301066681556
16.9702,46.22970066681551
16.363,46.246380666815675
16.0415,46.26303066681558
17.1142,46.27974066681555
16.6211,46.296440666815734
16.9283,46.313150666815694
16.5747,46.32983066681586
16.8866,46.346550666816064
16.4886,46.36326066681603
16.6523,46.379940666816196
16.3992,46.39660066681635
15.8478,46.41325066681625
16.5468,46.42993066681642
16.404,46.44658066681633
16.672,46.46327066681627
16.6577,46.4799106668164
16.5912,46.49656066681631
17.1228,46.51322066681646
16.4267,46.529870666816365
17.0086,46.54657066681655
17.824,46.563270666816734
15.8452,46.5799806668167
16.375,46.59669066681666
16.5435,46.61337066681683
17.0409,46.630050666817
16.2504,46.64673066681716
16.5892,46.663410666817335
17.3263,46.6800906668175
16.5757,46.69679066681769
16.5734,46.71348066681763
16.2315,46.73012066681776
17.0679,46.74678066681791
16.7803,46.76346066681808
16.257,46.78014066681825
17.0661,46.79682066681841
17.1326,46.813500666818584
16.5086,46.830210666818544
16.7395,46.84690066681849
16.7027,46.863580666818656
16.5182,46.88025066681858
16.5438,46.89695066681877
16.3909,46.913620666818694
16.629,46.93030066681886
16.9405,46.947020666819064
17.1113,46.96371066681901
16.6869,46.980390666819176
16.2487,46.99704066681908
16.8386,47.01368066681921
17.139,47.030360666819384
16.5302,47.04704066681955
16.6154,47.06374066681973
16.5857,47.080400666819884
16.6344,47.097060666820035
16.6593,47.113700666820165
16.9341,47.13037066682009
16.2509,47.147050666820256
16.8546,47.1637406668202
17.1592,47.18046066682041
16.354,47.19715066682035
16.7412,47.213800666820255
16.6569,47.23047066682018
16.8176,47.24718066682015
16.4239,47.263860666820314
16.9127,47.28058066682052
16.65,47.297260666820684
16.4583,47.313940666820855
16.7003,47.33064066682104
16.693,47.347320666821204
17.6826,47.36396066682134
16.1407,47.3806706668213
15.9151,47.39732066682121
17.8764,47.41401066682115
15.9437,47.430680666821075
16.5653,47.447350666821
16.1159,47.46404066682095
16.666,47.480760666821155
17.0817,47.497450666821095
16.5848,47.51414066682104
16.2745,47.53086066682125
16.4052,47.547510666821154
16.8634,47.56421066682134
17.2333,47.580880666821265
16.6971,47.59760066682147
17.3964,47.61429066682141
16.4206,47.63096066682134
16.5557,47.647630666821264
15.5228,47.66426066682115
16.7127,47.68090066682128
16.5922,47.69754066682141
17.0567,47.714240666821595
16.743,47.73091066682152
16.9259,47.74760066682147
16.414,47.764280666821634
16.7638,47.780960666821805
16.7354,47.797650666821745
17.4684,47.81433066682192
18.1057,47.83105066682212
16.2306,47.84776066682208
16.7416,47.86446066682227
16.6528,47.88112066682242
16.4311,47.897790666822345
17.2364,47.914430666822476
16.8079,47.93111066682264
16.5075,47.94779066682281
14.3502,47.96443066682294
17.3767,47.98110066682287
16.2821,47.99778066682303
17.1525,48.01445066682296
16.2396,48.0311406668229
16.7111,48.04782066682307
16.6212,48.06454066682328
16.7641,48.08126066682348
16.5434,48.09790066682361
16.6184,48.1145306668235
16.6936,48.13121066682367
16.8477,48.14790066682361
16.7597,48.16454066682374
16.6959,48.18121066682367
16.6599,48.19788066682359
16.822,48.214590666823554
16.7765,48.231250666823705
16.8071,48.24792066682363
16.4405,48.26461066682357
17.3008,48.28134066682355
16.354,48.29805066682352
16.4675,48.31470066682343
16.6553,48.33141066682339
16.4586,48.34807066682354
16.8555,48.364740666823465
17.076,48.381430666823405
16.1477,48.39813066682359
16.8819,48.41481066682376
16.1576,48.4315006668237
16.8976,48.44818066682387
16.5951,48.46484066682402
16.8061,48.481550666823985
16.5382,48.498210666824136
16.7986,48.514930666824334
16.2673,48.531590666824485
16.5718,48.548230666824615
16.9999,48.564870666824746
16.9062,48.58156066682469
16.1753,48.59825066682463
16.8048,48.614880666824526
16.4624,48.63155066682445
16.7404,48.64819066682458
16.7975,48.66488066682452
16.5046,48.68152066682465
16.953,48.69824066682486
16.7972,48.71495066682482
16.0879,48.73163066682499
17.318,48.74830066682492
16.674,48.76499066682486
16.1003,48.781680666824805
16.9966,48.79838066682499
16.791,48.81509066682495
16.6575,48.8317506668251
16.7682,48.84847066682531
16.312,48.86511066682544
16.9523,48.88175066682557
16.8848,48.898420666825494
16.9533,48.915110666825434
16.4414,48.931790666825606
16.5627,48.94847066682577
16.5418,48.96513066682592
17.1245,48.981810666826085
16.7516,48.99852066682605
16.322,49.01519066682597
16.9543,49.03191066682618
16.6079,49.048630666826384
16.855,49.06535066682659
16.5863,49.08203066682676
16.4799,49.098710666826925
17.0461,49.115390666827096
16.3731,49.1321106668273
16.503,49.14880066682724
16.6041,49.16548066682741
16.6881,49.18216066682758
16.1259,49.198830666827504
17.0837,49.215520666827445
16.4837,49.232160666827575
16.4512,49.248800666827705
16.9683,49.265440666827836
17.0293,49.28216066682804
16.4183,49.29880066682817
16.9171,49.315450666828085
17.0532,49.332140666828025
16.0569,49.348820666828196
16.9134,49.36550066682836
16.5457,49.382130666828246
16.522,49.39881066682842
16.905,49.41550066682836
16.5857,49.43218066682853
17.0617,49.44884066682868
16.0152,49.465520666828844
17.5378,49.48222066682903
16.2998,49.4989006668292
16.2615,49.51554066682933
17.3541,49.532220666829495
16.4432,49.5489406668297
17.0268,49.56562066682987
16.8966,49.58233066682983
16.299,49.599060666829814
16.7436,49.615750666829754
17.2169,49.63246066682972
16.2199,49.64915066682966
16.4638,49.665830666829834
16.3953,49.68251066683
17.3822,49.699200666829945
16.7644,49.71588066683011
16.1726,49.732600666830315
16.7136,49.74927066683024
16.426,49.76593066683039
16.2251,49.78257066683052
17.144,49.79925066683069
16.9008,49.815920666830614
16.4938,49.83259066683054
16.4894,49.849270666830705
16.907,49.865930666830856
16.7193,49.88258066683076
16.5182,49.89926066683093
16.6748,49.91593066683085
16.5433,49.932580666830766
17.1676,49.949300666830965
15.9579,49.965940666831095
17.1263,49.98259066683101
16.2183,49.99923066683114
17.094,50.0159106668313
16.459,50.032570666831454
16.8259,50.04924066683138
16.2102,50.06588066683151
16.6982,50.08253066683142
16.9736,50.09921066683158
16.4526,50.11586066683149
16.638,50.132550666831435
17.0111,50.14922066683136
17.1201,50.16594066683157
16.4136,50.18264066683175
16.3027,50.199320666831916
17.0301,50.216030666831884
17.8692,50.232740666831845
15.5989,50.249470666831826
17.0304,50.26618066683179
16.5728,50.28289066683175
16.5376,50.29959066683194
16.7034,50.316310666832145
16.15,50.33296066683205
16.999,50.34963066683197
16.9692,50.36634066683194
16.6228,50.3830206668321
16.4084,50.39968066683225
17.1214,50.41635066683218
16.1757,50.433000666832086
16.895,50.44968066683225
16.8233,50.46636066683242
16.5098,50.483040666832586
16.3532,50.49971066683251
16.84,50.51638066683244
16.49,50.533030666832346
16.4662,50.54968066683225
17.447,50.5663706668322
16.7529,50.58306066683214
16.6097,50.599780666832345
16.2166,50.616440666832496
16.7086,50.6330906668324
16.6169,50.64973066683253
16.8319,50.66643066683272
16.9396,50.683140666832685
16.5618,50.69986066683288
16.3509,50.71653066683281
16.4013,50.73320066683274
17.3357,50.74984066683287
17.2459,50.766510666832794
16.5352,50.78321066683298
16.6325,50.799930666833184
16.9132,50.816660666833165
16.6798,50.83333066683309
16.4007,50.85000066683302
16.7997,50.866670666832945
16.5312,50.88337066683313
16.7951,50.900070666833315
16.9944,50.916780666833276
16.1345,50.93343066683318
16.2709,50.95009066683333
16.8255,50.96676066683326
16.9234,50.983430666833186
16.3657,51.00014066683315
16.2117,51.0168006668333
17.0809,51.03348066683346
16.3202,51.05015066683339
16.6905,51.066800666833295
16.7983,51.0834506668332
17.1675,51.100150666833386
17.1958,51.11684066683333
16.4475,51.133520666833505
16.131,51.150160666833635
17.4343,51.1668406668338
16.3611,51.183560666834005
16.3575,51.20021066683391
17.1939,51.21692066683387
16.8187,51.23363066683384
16.2025,51.2503406668338
16.439,51.26703066683374
16.8653,51.28371066683391
16.3967,51.30040066683385
16.4631,51.3170906668338
17.0825,51.33377066683396
16.2482,51.35044066683389
16.84,51.36712066683406
16.8536,51.383810666834
16.344,51.40046066683391
17.1655,51.41712066683406
16.2942,51.43378066683421
16.8466,51.45042066683434
16.3382,51.467050666834226
16.8035,51.48375066683441
16.4012,51.50039066683455
16.8902,51.517040666834454
16.9854,51.53372066683462
16.7633,51.55036066683475
16.6396,51.567030666834675
16.41,51.583690666834826
16.6801,51.60035066683497
17.4629,51.617070666835176
16.6244,51.63376066683512
17.0207,51.65045066683506
16.5337,51.667150666835255
16.1089,51.68383066683542
16.6371,51.700530666835604
16.4241,51.71720066683553
16.8791,51.73391066683549
16.7734,51.75059066683566
16.621,51.76731066683587
16.3736,51.783960666835775
17.2451,51.80066066683596
16.5274,51.81734066683613
16.9109,51.83403066683607
16.5505,51.85075066683628
16.5143,51.8674206668362
16.3564,51.88410066683637
17.2921,51.90080066683656
16.837,51.91751066683652
16.5882,51.93418066683645
16.4822,51.95089066683641
16.6514,51.967560666836334
16.8851,51.98423066683626
16.6305,52.0009206668362
16.4124,52.017550666836094
16.9639,52.03421066683624
16.8911,52.050920666836205
16.624,52.06757066683611
16.7111,52.08424066683603
16.1471,52.1009206668362
16.6985,52.11760066683637
16.4094,52.13426066683652
17.2667,52.1509606668367
16.6311,52.167640666836874
16.8069,52.18436066683708
16.6439,52.201080666837285
16.6256,52.21778066683747
17.2608,52.234480666837655
16.2689,52.25118066683784
16.2156,52.26785066683777
16.7644,52.28450066683767
16.5761,52.30119066683762
17.0833,52.31783066683775
16.7011,52.33450066683768
16.0548,52.35114066683781
16.909,52.36780066683795
17.1571,52.384430666837844
15.9538,52.40108066683775
17.1182,52.41775066683768
16.6213,52.43445066683786
16.9416,52.45116066683782
16.6212,52.46786066683801
16.5661,52.48456066683819
17.1758,52.50124066683836
16.4234,52.51796066683857
16.6633,52.534660666838754
16.6314,52.55138066683896
16.8319,52.568070666838906
16.8033,52.58475066683907
15.8883,52.601420666839
17.1946,52.61810066683916
16.4918,52.63479066683911
16.6895,52.65148066683905
16.4884,52.668170666838996
16.6986,52.68484066683892
16.4006,52.70149066683883
17.2903,52.718140666838735
16.3243,52.73479066683864
16.7602,52.75146066683857
17.1218,52.76812066683872
16.6034,52.78480066683888
16.5056,52.80147066683881
16.0624,52.81813066683896
17.0686,52.834790666839105
16.4028,52.85148066683905
16.6298,52.86818066683924
16.8624,52.88490066683944
16.4556,52.90159066683939
16.8879,52.91828066683933
16.7357,52.9349906668393
15.9412,52.951640666839204
17.0236,52.968280666839334
16.7892,52.9849606668395
16.765,53.00166066683968
16.3774,53.018340666839855
16.659,53.03500066684
17.2723,53.05163066683989
16.5088,53.068310666840055
16.9296,53.08498066683998
16.2512,53.10165066683991
16.2872,53.118320666839836
17.1883,53.135030666839796
16.4608,53.15169066683995
16.5007,53.16833066684008
16.9717,53.184980666839984
16.5659,53.20165066683991
16.6062,53.218350666840095
16.8296,53.23502066684002
16.8639,53.25172066684021
16.4728,53.26838066684036
16.7518,53.28510066684056
16.5447,53.30176066684071
17.1777,53.318470666840675
16.4017,53.335180666840635
16.3574,53.3518606668408
17.052,53.36855066684075
17.2626,53.38523066684091
16.5709,53.40195066684112
16.9349,53.41862066684104
16.9674,53.43534066684125
16.6845,53.452010666841176
16.7463,53.468720666841136
16.5555,53.48540066684131
16.3539,53.50208066684147
16.8419,53.51878066684166
16.6481,53.53548066684185
16.3776,53.55216066684201
16.4789,53.56881066684192
16.6561,53.58545066684205
16.6231,53.60207066684216
16.619,53.61872066684207
16.2083,53.63537066684198
17.0222,53.652020666841885
16.9828,53.66869066684181
16.5537,53.68538066684175
16.3968,53.7020706668417
16.7097,53.718740666841626
16.1445,53.735410666841545
17.0455,53.75209066684172
16.9987,53.76880066684168
16.9633,53.78550066684186
16.308,53.80221066684183
16.4569,53.81892066684179
16.6166,53.83558066684194
16.7177,53.85225066684186
17.0827,53.86891066684201
16.5199,53.88562066684197
17.0341,53.902350666841954
16.7182,53.91907066684216
16.5867,53.93574066684209
16.4264,53.952430666842034
17.2063,53.9691106668422
16.1718,53.98579066684237
16.5865,54.002470666842534
16.6997,54.01916066684248
17.1147,54.03583066684241
16.3562,54.05250066684233
16.8113,54.06915066684224
16.3804,54.085810666842384
17.0622,54.102490666842556
16.1975,54.1191506668427
16.834,54.13580066684261
16.3332,54.15245066684252
17.1249,54.16912066684244
16.6517,54.185790666842365
16.4133,54.20246066684229
17.0075,54.2191106668422
17.142,54.23581066684238
16.5118,54.252470666842534
16.307,54.26917066684272
16.6669,54.28587066684291
16.5297,54.30254066684283
16.6373,54.31924066684302
16.9782,54.33596066684323
16.36,54.35264066684339
16.9751,54.36935066684335
16.7525,54.38606066684332
15.9178,54.40270066684345
17.0742,54.41941066684341
16.5693,54.43606066684332
16.5809,54.45270066684345
16.7991,54.469390666843395
16.3624,54.48605066684354
17.2478,54.502700666843445
17.0338,54.51938066684362
16.2423,54.53606066684378
16.784,54.55274066684395
16.448,54.56946066684416
16.5586,54.586110666844064
16.7349,54.602770666844215
16.4039,54.61945066684438
16.9201,54.63614066684433
16.9121,54.652810666844246
16.8309,54.66951066684444
17.146,54.68618066684436
16.0673,54.702830666844264
16.5966,54.7194706668444
16.8771,54.73612066684431
16.8896,54.75284066684451
16.7245,54.76956066684471
16.2585,54.7862606668449
16.4721,54.80292066684505
17.0732,54.819630666845015
16.4122,54.836270666845145
17.1915,54.85295066684531
16.4123,54.86964066684526
16.5228,54.8863306668452
17.0729,54.903040666845165
16.7129,54.919680666845295
16.5855,54.936350666845215
16.5234,54.95305066684541
16.5999,54.96975066684559
16.4468,54.9864006668455
17.0623,55.00311066684546
17.0692,55.019800666845406
16.6548,55.03646066684555
17.5156,55.05316066684574
15.5219,55.06983066684566
16.4563,55.08651066684583
17.3033,55.10320066684578
16.3817,55.119880666845944
16.5101,55.13655066684587
16.5704,55.153230666846035
16.9146,55.16991066684621
16.5534,55.18655066684634
16.5643,55.20324066684628
16.4009,55.21989066684618
16.9635,55.236550666846334
16.9116,55.25325066684652
16.7685,55.269900666846425
33.1627,55.286560666846576
10.7457,55.3032306668465
6.7561,55.31990066684643
15.7857,55.336580666846594
16.72,55.353260666846765
16.8609,55.36996066684695
16.4887,55.386640666847114
16.5191,55.40333066684706
17.4076,55.42000066684699
16.3446,55.43669066684693
16.6246,55.45339066684712
16.3912,55.47010066684708
16.429,55.48681066684704
17.3292,55.50350066684699
15.9828,55.52019066684693
16.6181,55.53685066684708
16.5627,55.55352066684701
17.188,55.57021066684695
16.8637,55.58691066684714
16.5481,55.603610666847324
16.4639,55.620270666847475
16.7151,55.63695066684764
17.2304,55.653640666847586
16.1765,55.67032066684775
16.8395,55.68699066684768
16.2682,55.70368066684762
16.6949,55.720390666847585
16.9525,55.73707066684775
16.5816,55.75375066684792
16.4284,55.77040066684783
16.6115,55.78706066684797
17.2318,55.803710666847884
16.4301,55.82036066684779
15.9709,55.83700066684792
17.3117,55.853700666848106
16.9578,55.87038066684827
17.0581,55.88707066684822
15.853,55.90371066684835
17.2006,55.92039066684851
16.6506,55.93710066684848
16.3794,55.95379066684842
17.0321,55.970510666848625
16.7584,55.98723066684883
17.1238,56.003950666849036
15.848,56.02065066684922
16.5127,56.03732066684915
17.12,56.05400066684931
16.4639,56.07069066684926
16.7622,56.087370666849424
16.3172,56.104010666849554
16.562,56.12068066684948
17.0086,56.13735066684941
16.4242,56.15399066684954
16.9608,56.170660666849464
16.4389,56.187320666849615
16.9868,56.2040206668498
16.8814,56.22068066684995
16.5016,56.23739066684991
16.3378,56.2540206668498
16.7725,56.27070066684997
16.6,56.287370666849895
17.0348,56.30405066685006
16.4747,56.32073066685023
16.6012,56.337390666850375
16.6256,56.3540606668503
17.1442,56.37075066685025
16.2928,56.38742066685017
17.0553,56.40410066685034
17.0207,56.420820666850545
16.5927,56.43755066685053
16.6057,56.45428066685051
16.2354,56.470930666850414
16.6205,56.48762066685036
16.2929,56.50429066685028
17.2374,56.52098066685023
16.4728,56.53762066685036
16.4976,56.554290666850285
17.924,56.57096066685021
17.1082,56.587640666850376
16.469,56.60430066685053
16.4658,56.620970666850454
16.4379,56.637680666850414
16.6968,56.65437066685036
16.6063,56.671050666850526
17.0386,56.68772066685045
16.8169,56.70443066685041
16.4484,56.72112066685036
15.8214,56.73777066685027
16.7593,56.75445066685043
16.4709,56.77111066685058
17.1585,56.78776066685049
16.9885,56.80440066685062
16.5983,56.82106066685077
17.1691,56.837740666850934
16.5186,56.85444066685112
16.9381,56.871110666851045
16.1568,56.88782066685101
16.5142,56.90450066685118
17.1489,56.921190666851125
16.6695,56.937880666851065
15.8336,56.954560666851236
16.4593,56.9712406668514
17.128,56.987940666851586
16.6952,57.00466066685179
16.5127,57.02135066685174
16.7437,57.03805066685192
16.0641,57.05469066685205
17.3652,57.07139066685224
16.8067,57.088060666852165
16.6393,57.10476066685235
16.5686,57.121480666852555
16.7364,57.138190666852516
16.9557,57.15488066685246
16.3904,57.17155066685239
16.541,57.18822066685232
16.4039,57.20487066685222
17.223,57.22159066685243
16.2788,57.23828066685237
16.4203,57.2549206668525
16.7419,57.27156066685263
16.771,57.28820066685276
16.4891,57.304850666852666
16.8963,57.32151066685282
16.763,57.33817066685297
16.3761,57.3548106668531
17.6155,57.37152066685306
16.2063,57.388170666852965
16.6861,57.404830666853115
16.9342,57.4215306668533
16.8197,57.43826066685328
16.4646,57.45493066685321
17.2655,57.471650666853414
16.408,57.488310666853565
16.9932,57.505020666853525
16.7695,57.52172066685371
16.0422,57.53839066685364
16.4775,57.5551006668536
16.7007,57.571810666853565
16.9717,57.588520666853526
17.402,57.60515066685341
17.7537,57.62184066685336
17.3,57.638490666853265
15.4835,57.65517066685343
16.7011,57.671840666853356
16.5763,57.68851066685328
15.8455,57.70516066685319
16.7465,57.72182066685334
16.7923,57.738500666853504
15.4647,57.75515066685341
17.1133,57.77186066685338
16.8447,57.78856066685356
16.5715,57.80526066685375
16.7538,57.82198066685395
16.5445,57.838620666854084
16.6551,57.85530066685425
16.9838,57.87198066685442
16.5794,57.888660666854584
17.0572,57.905320666854735
16.4679,57.922030666854695
16.4761,57.938670666854826
16.8165,57.95536066685477
16.6939,57.972020666854924
16.199,57.98865066685481
16.9987,58.00534066685476
17.7001,58.02204066685494
17.3124,58.03874066685513
16.4841,58.05544066685531
16.496,58.07211066685524
16.5831,58.088780666855165
16.7291,58.105490666855125
16.6724,58.122130666855256
16.76,58.13881066685543
16.8537,58.15551066685561
16.6171,58.17222066685557
15.2076,58.18891066685552
17.1126,58.20560066685546
16.4506,58.22228066685563
16.1887,58.23895066685556
17.5343,58.25563066685572
16.1311,58.27232066685567
16.6933,58.28903066685563
16.2471,58.30570066685556
17.244,58.32240066685574
16.5304,58.33908066685591
16.1115,58.35575066685583
16.4328,58.372390666855964
17.3396,58.389050666856114
16.68,58.405740666856055
17.275,58.422420666856226
16.6182,58.439110666856166
16.3434,58.45577066685632
16.6855,58.4724706668565
16.7483,58.48914066685643
16.9343,58.5058206668566
16.6277,58.522500666856764
17.1875,58.53922066685697
16.2537,58.55588066685712
16.6664,58.572580666857306
16.0757,58.58923066685721
16.6418,58.60587066685734
16.8742,58.62256066685729
16.5165,58.63922066685743
16.7915,58.65589066685736
17.4043,58.67257066685753
16.8482,58.689250666857696
15.7595,58.70592066685762
17.1784,58.72262066685781
16.4957,58.73930066685798
16.3614,58.755970666857905
16.6351,58.77265066685807
17.0938,58.789350666858255
16.7417,58.80607066685846
16.3342,58.82276066685841
16.8631,58.83944066685857
16.7222,58.85612066685874
16.4161,58.87277066685865
17.1221,58.88946066685859
16.4223,58.90614066685876
17.0298,58.922860666858966
16.0423,58.93954066685913
16.9865,58.95620066685928
17.03,58.97287066685921
16.6754,58.98957066685939
16.6656,59.00621066685952
16.7883,59.02288066685945
16.5922,59.03959066685941
16.9899,59.05628066685936
16.426,59.07296066685952
15.9544,59.08961066685943
16.8445,59.10631066685961
16.5316,59.122970666859764
17.2026,59.139630666859915
16.9319,59.156290666860066
16.3058,59.17297066686023
16.9655,59.18963066686038
16.9406,59.20630066686031
16.7081,59.22296066686045
16.4464,59.23964066686062
16.5543,59.25633066686056
16.1252,59.27302066686051
16.9232,59.289740666860716
16.4123,59.3064406668609
16.8542,59.32313066686085
17.0366,59.33985066686105
16.2409,59.35657066686125
17.1525,59.373270666861444
16.4571,59.38997066686163
16.603,59.40665066686179
17.5227,59.423330666861965
15.8707,59.44000066686189
16.4385,59.45664066686202
17.7076,59.47331066686194
15.6477,59.48995066686207
16.3718,59.5065906668622
16.9893,59.52324066686211
16.6006,59.539870666862
16.8713,59.55652066686191
16.1359,59.57316066686204
16.8405,59.58982066686219
17.1671,59.606490666862115
16.5868,59.623200666862076
16.7017,59.639870666862
16.9141,59.65659066686221
16.6384,59.673310666862406
16.9442,59.6900106668626
15.6089,59.70670066686254
17.3483,59.72336066686269
16.826,59.740080666862895
16.1944,59.7568006668631
16.6629,59.77346066686325
16.664,59.79011066686316
16.6687,59.8067706668633
16.5238,59.82343066686345
17.1366,59.84007066686358
16.7109,59.85676066686353
16.2064,59.873430666863456
17.2168,59.89013066686364
16.7194,59.906810666863805
16.1281,59.923450666863936
16.9435,59.94015066686412
16.8023,59.95686066686409
16.0717,59.97354066686425
17.9706,59.9902306668642
16.9496,60.00692066686414
16.5154,60.02359066686407
16.6986,60.04030066686403
16.6181,60.05700066686422
17.4375,60.07367066686414
16.1221,60.09035066686431
16.518,60.10702066686424
17.1079,60.12366066686437
16.9878,60.14037066686433
16.6434,60.15705066686449
16.4225,60.173750666864684
16.8742,60.190420666864604
16.5587,60.207080666864755
16.6544,60.223740666864906
16.2629,60.24039066686481
17.0342,60.257090666865
16.614,60.27377066686517
16.6308,60.29045066686533
16.8876,60.30714066686528
15.3958,60.323820666865444
16.8086,60.34051066686539
16.7859,60.35720066686533
16.6599,60.373900666865524
16.6293,60.39060066686571
16.8753,60.40730066686589
17.0827,60.42400066686608
15.8083,60.44068066686625
17.1205,60.45737066686619
16.576,60.47405066686636
16.5058,60.490710666866505
16.2372,60.507350666866635
17.2436,60.52402066686656
17.0967,60.54069066686649
16.6403,60.55737066686665
15.9678,60.574030666866804
17.2508,60.59070066686673
16.7689,60.60741066686669
16.6362,60.62412066686666
16.3105,60.6407806668668
16.8627,60.65745066686673
16.7509,60.6741306668669
17.2504,60.690810666867065
15.8709,60.707470666867216
16.9595,60.72415066686738
16.5524,60.74086066686735
16.8977,60.75754066686751
16.78,60.77421066686744
15.9435,60.79085066686757
17.3686,60.80754066686751
15.4887,60.82425066686748
16.3663,60.840920666867405
17.0029,60.85758066686755
16.3524,60.874270666867496
16.8651,60.890910666867626
17.2323,60.907600666867566
16.6898,60.92427066686749
16.24,60.94091066686762
16.7795,60.95761066686781
16.4611,60.97427066686796
16.4989,60.99091066686809
18.1093,61.00762066686805
15.5426,61.02429066686798
16.2823,61.040980666867924
17.2494,61.05770066686813
16.7648,61.074370666868056
16.2752,61.09107066686824
16.3475,61.10776066686818
16.6886,61.12442066686833
16.8224,61.1411006668685
16.6983,61.15779066686844
16.846,61.174450666868594
16.8898,61.1911706668688
16.7011,61.20786066686874
17.25,61.22455066686869
16.2383,61.24123066686885
16.5071,61.25785066686897
16.9752,61.27454066686891
18.1095,61.291260666869114
16.2797,61.3079606668693
16.7949,61.32467066686927
16.4289,61.34136066686921
16.5822,61.35800066686934
16.8342,61.37468066686951
16.6151,61.39132066686964
16.7625,61.40796066686977
17.0996,61.424680666869975
16.4816,61.44134066687012
16.3585,61.458010666870045
16.8115,61.47469066687022
15.8924,61.491360666870136
16.3178,61.50806066687033
17.1752,61.524780666870534
16.0143,61.54143066687044
17.0948,61.55810066687037
16.1829,61.57479066687031
17.7632,61.591480666870254
16.7319,61.60818066687044
16.6602,61.62487066687038
16.7625,61.641560666870326
16.8076,61.65826066687051
16.3293,61.67494066687068
16.9729,61.69162066687085
15.6791,61.70834066687105
16.5499,61.72505066687101
16.8994,61.7417506668712
16.3834,61.75843066687137
16.3797,61.775100666871296
17.0196,61.791740666871426
17.0055,61.80839066687133
16.8299,61.82505066687148
16.565,61.8417206668714
16.8097,61.858400666871574
16.7842,61.875060666871725
16.4693,61.89174066687189
16.7084,61.90842066687206
15.9177,61.92507066687197
16.4523,61.941740666871894
17.6521,61.95844066687208
16.5758,61.975140666872264
16.8906,61.991830666872204
16.9619,62.00850066687213
16.1327,62.02517066687206
16.7038,62.041840666871984
17.1264,62.05852066687215
16.7088,62.075210666872096
16.5936,62.09190066687204
16.4126,62.10858066687221
16.6246,62.125250666872134
16.5033,62.141890666872264
17.1106,62.158530666872394
16.5832,62.175190666872545
16.9086,62.19187066687271
16.2472,62.20855066687288
16.6303,62.22520066687279
16.5508,62.24184066687292
17.2401,62.25852066687308
16.2974,62.27524066687329
16.1237,62.29190066687344
16.7031,62.308620666873644
17.049,62.32532066687383
17.0351,62.342040666874034
16.7144,62.3587206668742
16.1123,62.37542066687438
16.9201,62.39209066687431
16.3433,62.40877066687448
17.3168,62.425430666874625
15.4476,62.44206066687452
17.149,62.45875066687446
17.1198,62.47543066687463
16.65,62.492130666874814
16.2317,62.50878066687472
17.0472,62.52546066687489
16.4595,62.542140666875056
16.2526,62.55882066687523
17.3071,62.57553066687519
17.2153,62.592250666875394
18.0152,62.6089706668756
16.3429,62.625650666875764
16.7777,62.642290666875894
17.0029,62.658970666876066
16.3588,62.675640666875985
16.5379,62.69231066687591
14.832,62.70899066687608
17.248,62.725720666876065
16.6079,62.74240066687623
16.2207,62.75906066687638
17.0055,62.775740666876544
16.6996,62.79246066687675
16.5654,62.80916066687694
16.6977,62.82583066687686
16.6009,62.84254066687683
16.7705,62.85920066687697
16.3348,62.8758406668771
17.5372,62.89251066687703
16.3533,62.90920066687698
16.9537,62.92590066687716
15.8113,62.94255066687707
16.5638,62.9591906668772
16.7601,62.975860666877125
17.0094,62.99254066687729
16.7931,63.00922066687746
16.4611,63.02589066687739
16.9591,63.04259066687757
17.3329,63.05927066687774
16.3486,63.07595066687791
16.5672,63.092620666877835
17.0672,63.109310666877775
17.0675,63.126020666877736
16.5235,63.14272066687793
16.8159,63.15940066687809
16.3548,63.17608066687826
16.4893,63.192770666878204
16.3129,63.20944066687813
16.3716,63.22608066687826
16.8554,63.242760666878425
17.2973,63.2594406668786
16.0279,63.27614066687878
16.8349,63.29283066687873
16.2992,63.309480666878635
16.6765,63.32613066687854
16.5175,63.34278066687845
16.7871,63.35946066687861
16.9539,63.37617066687858
16.2863,63.392840666878506
17.0614,63.40950066687865
17.5627,63.4261906668786
16.6473,63.44286066687852
15.4562,63.45949066687841
16.7865,63.47617066687858
17.0305,63.492870666878765
16.6583,63.50957066687895
16.8828,63.52628066687891
16.4583,63.54296066687908
16.3119,63.55965066687902
16.75,63.576330666879194
16.7596,63.5929806668791
16.7098,63.60964066687925
16.9506,63.626340666879436
16.4966,63.64306066687964
16.4755,63.65973066687956
17.3377,63.67642066687951
16.9661,63.69310066687968
16.0313,63.70976066687982
16.3116,63.72647066687979
17.048,63.74316066687973
16.0912,63.75982066687988
17.2042,63.77652066688007
17.2476,63.79322066688025
16.8668,63.8098806668804
16.389,63.82658066688059
16.6043,63.84326066688076
17.0341,63.8599206668809
16.4913,63.876580666881054
17.1784,63.893260666881226
16.2448,63.909930666881145
16.9932,63.92665066688135
16.559,63.94333066688152
16.588,63.96000066688145
16.3447,63.97666066688159
17.0256,63.99333066688152
15.6776,64.00997066688166
17.1248,64.0266606668816
16.5615,64.04337066688156
17.2753,64.0600606668815
16.156,64.07672066688166
16.6948,64.09336066688178
17.5698,64.11004066688194
17.0574,64.12672066688212
16.8931,64.14340066688229
16.5946,64.16009066688223
16.296,64.17680066688219
16.7735,64.19348066688237
16.7203,64.21014066688251
16.8549,64.22681066688243
16.2521,64.24351066688261
17.1189,64.26020066688257
16.45,64.27688066688273
17.128,64.2935606668829
16.3101,64.31027066688286
16.6806,64.326910666883
15.6682,64.34358066688291
17.1191,64.36027066688285
16.0806,64.37697066688305
17.4328,64.39361066688318
16.3647,64.41029066688334
16.687,64.42697066688352
15.8477,64.44363066688366
16.8178,64.46028066688356
16.7719,64.4769506668835
16.636,64.49365066688368
16.6573,64.5103206668836
16.6448,64.52696066688374
17.1941,64.5436406668839
16.4327,64.56036066688411
16.3004,64.57703066688404
16.8377,64.593740666884
16.7351,64.61041066688392
16.5236,64.62710066688386
16.8228,64.64375066688378
16.8982,64.66041066688392
16.5691,64.67709066688408
17.2449,64.69380066688406
15.8545,64.71045066688396
16.9,64.72711066688412
17.0037,64.74380066688406
16.5463,64.76048066688422
16.5037,64.77719066688418
16.939,64.79388066688412
16.3225,64.81057066688408
16.7501,64.82725066688424
16.8348,64.8439606668842
16.1735,64.86060066688434
17.2053,64.8773106668843
16.8606,64.89401066688448
16.4651,64.9106806668844
16.6525,64.92735066688434
16.6513,64.94400066688424
16.7767,64.96070066688442
16.547,64.97739066688438
16.5497,64.99410066688434
16.2831,65.01074066688446
16.962,65.02746066688466
17.0103,65.04412066688482
16.6869,65.06080066688499
16.3708,65.0774706668849
17.2476,65.09414066688484
16.6718,65.11086066688505
16.5875,65.12749066688492
16.6637,65.14416066688486
16.2879,65.16081066688476
16.8889,65.17751066688494
16.7999,65.1941706668851
16.8072,65.21085066688526
16.3646,65.2274906668854
16.5657,65.24416066688532
16.8825,65.26084066688549
16.7948,65.27748066688562
16.5929,65.29419066688558
16.4402,65.31090066688554
16.5619,65.32758066688571
17.8265,65.34427066688565
16.6353,65.3609606668856
16.5963,65.37764066688577
17.0445,65.39434066688595
15.2258,65.41102066688612
17.4143,65.4277206668863
16.5914,65.4444406668865
16.6082,65.46113066688646
16.568,65.47781066688663
16.5811,65.49449066688679
16.5236,65.51113066688693
16.6891,65.52778066688683
17.031,65.54447066688677
16.6927,65.5611406668867
16.7182,65.57785066688666
16.4024,65.5945106668868
17.5017,65.61118066688674
16.518,65.6278606668869
16.4775,65.64451066688682
16.6588,65.66122066688678
16.4264,65.67791066688672
17.1386,65.69460066688666
16.5334,65.71128066688684
16.705,65.72795066688676
16.5778,65.7446106668869
16.9867,65.76130066688685
16.2048,65.77795066688675
16.8842,65.79463066688692
16.6392,65.81130066688685
16.5543,65.82795066688675
16.7018,65.84465066688693
16.3719,65.86136066688691
16.4204,65.87801066688681
16.9617,65.89468066688674
17.6121,65.91138066688693
15.9894,65.92806066688709
17.0468,65.94476066688728
16.3806,65.9614306668872
16.6812,65.97813066688738
16.4352,65.99484066688736
17.658,66.01154066688754
16.3865,66.0282206668877
16.9976,66.04494066688791
15.6829,66.06167066688789
16.8036,66.07835066688806
16.9521,66.095040666888
16.8193,66.11173066688795
16.0971,66.12840066688787
16.6187,66.1450706668878
16.7064,66.16171066688793
17.0015,66.17837066688807
16.0394,66.19501066688821
17.0306,66.21166066688811
16.8021,66.22830066688825
16.8998,66.24498066688841
16.587,66.26165066688834
16.7747,66.27833066688851
16.2268,66.29499066688865
17.0817,66.31170066688861
16.6378,66.32839066688857
17.0338,66.34507066688873
16.1168,66.36177066688892
16.7939,66.37848066688888
16.9968,66.39519066688884
16.7651,66.411870666889
16.7205,66.42855066688918
16.8256,66.44521066688932
16.2255,66.46193066688953
16.9286,66.4786106668897
16.4286,66.49528066688963
18.1045,66.51197066688957
16.0969,66.52867066688975
17.373,66.5453306668899
16.1291,66.56201066689007
15.9282,66.57868066689
16.5014,66.59536066689016
16.3773,66.61202066689032
16.8543,66.62866066689044
16.5218,66.64530066689058
16.4535,66.66201066689054
16.9413,66.6786906668907
17.2403,66.69537066689087
15.9806,66.71206066689082
16.4388,66.72871066689072
16.9355,66.74539066689088
17.0405,66.76207066689106
16.6675,66.77879066689127
16.1666,66.79547066689143
17.0922,66.8121506668916
16.8058,66.82884066689154
16.3228,66.84548066689167
17.537,66.86216066689184
16.4292,66.878840666892
17.0157,66.89554066689219
16.5467,66.91223066689214
16.5242,66.92888066689204
16.8891,66.9455406668922
16.6506,66.9622606668924
16.6638,66.97896066689259
16.1684,66.99561066689249
16.8196,67.01229066689265
16.6221,67.02896066689259
16.6796,67.04565066689253
16.3914,67.06231066689267
16.454,67.07899066689285
16.6902,67.09566066689277
16.6878,67.11232066689291
16.4713,67.12896066689305
16.8257,67.14561066689296
16.6507,67.16228066689288
16.7653,67.17896066689305
16.3516,67.19561066689296
17.3244,67.21228066689288
16.4571,67.22897066689282
16.8017,67.24562066689273
16.7159,67.2623306668927
16.6024,67.27903066689288
16.8807,67.29571066689304
16.6236,67.31242066689302
16.4381,67.32911066689296
16.7005,67.34581066689314
16.7803,67.3625206668931
16.3003,67.37916066689324
16.7706,67.39586066689343
16.8792,67.41254066689359
17.3405,67.42922066689376
16.2667,67.44588066689391
16.6907,67.46256066689408
17.2496,67.47925066689402
16.4242,67.49596066689398
16.805,67.51264066689414
16.542,67.52932066689432
16.7156,67.54603066689428
16.8586,67.56271066689445
16.2023,67.57938066689437
17.6131,67.59607066689432
16.3322,67.61278066689428
17.1189,67.62949066689424
16.3644,67.6461706668944
15.9874,67.66285066689457
16.9585,67.67951066689473
16.6658,67.69616066689463
15.759,67.71281066689454
16.5586,67.72946066689445
17.8346,67.74614066689462
16.2568,67.76281066689454
16.6141,67.77950066689448
16.5598,67.79619066689443
16.8027,67.81286066689435
16.4737,67.82950066689449
16.9419,67.8462206668947
16.4986,67.86293066689466
16.4578,67.87961066689482
17.3728,67.89632066689478
16.3292,67.91303066689474
16.4554,67.92971066689492
16.4863,67.94635066689504
16.6477,67.96299066689518
17.0115,67.97967066689534
16.6666,67.99639066689555
16.8741,68.01303066689567
16.5702,68.02970066689561
17.169,68.04642066689581
16.7805,68.06310066689598
16.2595,68.07978066689614
16.6502,68.0964606668963
16.851,68.11317066689627
16.5841,68.12988066689624
16.91,68.14657066689618
16.4043,68.1632406668961
17.0134,68.17991066689603
16.4352,68.19660066689597
16.9254,68.21328066689614
16.7051,68.2299606668963
16.5399,68.24665066689626
16.5112,68.2633106668964
16.5369,68.27996066689632
17.2199,68.29664066689648
16.4854,68.31332066689664
16.5454,68.32999066689658
17.1455,68.34670066689654
16.4893,68.3633806668967
16.2395,68.38002066689683
16.6011,68.39667066689674
16.9117,68.41330066689663
16.5833,68.4299806668968
17.0293,68.44668066689698
16.3728,68.4633206668971
16.8767,68.48000066689728
16.6984,68.49668066689745
16.4215,68.51334066689759
16.7686,68.53001066689752
16.6667,68.54671066689771
16.6987,68.56339066689787
16.7538,68.58009066689806
16.8935,68.59676066689799
16.3223,68.61342066689814
16.7578,68.63011066689808
16.861,68.64678066689801
16.6805,68.66347066689795
16.622,68.68018066689791
16.8392,68.69684066689805
15.8853,68.71355066689803
16.0791,68.73026066689799
16.9807,68.74695066689793
16.9814,68.76365066689812
16.8584,68.78036066689808
15.9819,68.79707066689804
17.2157,68.8137306668982
16.7155,68.8303806668981
16.7244,68.84703066689801
16.8197,68.86373066689819
16.5729,68.88039066689834
16.5445,68.8970506668985
17.3171,68.91375066689868
16.3789,68.93044066689862
16.4888,68.94709066689853
16.4405,68.96376066689845
16.8852,68.98044066689862
16.2785,68.99712066689878
16.9863,69.01379066689871
16.415,69.03044066689861
17.0655,69.04711066689855
17.0776,69.06379066689871
16.4195,69.08046066689863
16.7913,69.09714066689881
16.6347,69.11385066689877
16.1616,69.13050066689867
17.2633,69.14719066689862
15.8288,69.16390066689858
16.5628,69.18060066689877
17.0783,69.19729066689871
16.7885,69.21398066689866
16.5961,69.23064066689881
16.7364,69.24731066689873
16.6204,69.26397066689889
16.9968,69.2806406668988
16.3978,69.29736066689901
16.7017,69.31402066689915
16.4996,69.33071066689911
16.7148,69.3474106668993
16.6919,69.36412066689925
16.6832,69.3808106668992
16.2076,69.39752066689915
16.8587,69.41418066689931
16.5652,69.43087066689925
16.8543,69.44754066689917
16.8547,69.46418066689931
16.8055,69.48090066689952
16.7902,69.49757066689943
16.6193,69.51426066689939
15.8579,69.53092066689953
16.6894,69.54756066689966
17.229,69.56423066689959
16.7148,69.58093066689977
16.461,69.59761066689994
16.4771,69.61428066689987
16.5306,69.63095066689979
16.8245,69.64761066689994
16.9761,69.66429066690011
16.3203,69.6809206669
16.544,69.69758066690015
16.7124,69.71426066690032
16.5635,69.73091066690021
16.8809,69.74758066690015
17.1557,69.76426066690031
16.8925,69.7809606669005
16.2136,69.79769066690048
17.0372,69.81438066690042
16.6062,69.8310606669006
16.2549,69.84776066690078
16.334,69.86444066690095
17.1408,69.88112066690111
16.8238,69.89781066690107
16.7029,69.91451066690125
16.3299,69.9311706669014
16.983,69.94781066690153
16.6907,69.96444066690141
16.8576,69.98110066690157
16.3056,69.99775066690147
17.0598,70.01444066690141
16.6417,70.03112066690159
17.0898,70.04782066690177
16.445,70.06451066690171
16.9855,70.08119066690188
17.3177,70.09789066690206
16.9281,70.11461066690227
15.9688,70.13132066690223
16.7314,70.14799066690216
17.0391,70.1646506669023
16.2556,70.18130066690222
15.4113,70.19798066690238
17.3615,70.21467066690232
16.8071,70.23138066690228
16.5637,70.24805066690222
16.2884,70.26473066690238
16.7469,70.2813806669023
17.1564,70.29807066690223
17.3678,70.3147806669022
16.2246,70.33151066690218
16.4436,70.34823066690238
16.5232,70.3649006669023
16.8044,70.38154066690244
16.5801,70.39820066690258
16.8757,70.41488066690276
16.8252,70.4315406669029
17.0954,70.44826066690311
16.4333,70.46494066690327
16.4533,70.48162066690344
16.6943,70.49829066690337
16.3958,70.5149306669035
16.2993,70.53161066690367
17.3638,70.54833066690387
16.5881,70.56502066690382
16.7537,70.58171066690376
16.6485,70.59842066690372
16.6008,70.61509066690365
16.6051,70.6317506669038
16.5898,70.64843066690396
16.552,70.66508066690388
17.0441,70.68176066690404
16.7049,70.69848066690425
17.1429,70.71513066690414
15.8215,70.73180066690408
16.8845,70.748470666904
16.698,70.76512066690391
16.5644,70.78179066690383
16.4243,70.79846066690376
16.746,70.81510066690389
16.7242,70.83179066690383
16.5139,70.848470666904
16.5828,70.8651206669039
16.8577,70.88179066690384
16.9071,70.89844066690374
16.5953,70.91509066690365
16.7869,70.93180066690361
16.1569,70.94846066690376
16.9384,70.96517066690372
16.4811,70.98186066690367
16.9889,70.99857066690363
17.155,71.01528066690359
16.189,71.03199066690355
16.3223,71.04867066690372
16.9089,71.0653706669039
16.6219,71.08208066690388
17.0477,71.0987506669038
16.1431,71.11542066690372
17.0961,71.1321006669039
16.7772,71.14881066690386
16.4473,71.16548066690378
16.3189,71.18213066690369
16.4795,71.19877066690381
17.1837,71.21545066690399
16.7322,71.23212066690391
16.4254,71.24876066690403
16.916,71.26543066690397
17.051,71.28216066690395
16.3957,71.29883066690387
16.8271,71.315470666904
16.9635,71.33215066690417
16.3675,71.34886066690413
16.2786,71.3655406669043
17.164,71.38225066690427
16.5561,71.39891066690441
16.8827,71.41562066690437
16.4748,71.43228066690452
17.2605,71.44895066690445
16.3191,71.46560066690435
16.3863,71.48228066690453
16.8307,71.49893066690443
16.7761,71.51559066690459
16.8056,71.53231066690479
16.9725,71.54899066690496
16.8841,71.5656806669049
16.7194,71.58238066690508
16.2125,71.59909066690504
16.6612,71.61576066690498
16.6847,71.63245066690492
17.4547,71.64917066690512
15.8576,71.66588066690508
16.5919,71.68257066690502
16.5681,71.69922066690494
17.0199,71.71589066690485
16.1414,71.73261066690506
16.7057,71.749280666905
16.555,71.76594066690514
17.1221,71.7826206669053
16.4945,71.79932066690549
16.9027,71.81598066690565
16.7187,71.83265066690556
16.7852,71.8493406669055
16.3571,71.86603066690546
17.2797,71.8827206669054
16.3469,71.89939066690532
17.6515,71.9160706669055
16.0675,71.93277066690568
17.0333,71.94946066690562
16.4109,71.96614066690579
16.7023,71.98282066690595
16.3282,71.9995106669059
17.1517,72.0161606669058
15.9727,72.03282066690596
16.5283,72.0494806669061
16.6276,72.06617066690605
16.737,72.082860666906
16.5414,72.09954066690617
16.8451,72.11622066690633
16.4803,72.1329006669065
16.424,72.14956066690665
16.6527,72.16620066690678
16.9157,72.18288066690694
16.8033,72.19959066690691
16.7831,72.21626066690683
16.8049,72.23291066690675
16.6597,72.24955066690687
16.8724,72.26620066690678
16.4687,72.2828706669067
16.6076,72.29956066690664
16.4707,72.31623066690658
16.768,72.33295066690678
16.5942,72.3496206669067
17.073,72.36630066690687
16.2828,72.38299066690682
17.1177,72.39968066690676
16.6567,72.41638066690695
16.8929,72.4330906669069
16.5364,72.44974066690682
17.0481,72.46641066690674
16.2165,72.48313066690694
16.8896,72.49980066690686
16.8062,72.51652066690707
16.3026,72.53321066690702
16.8831,72.54991066690721
16.6335,72.56660066690715
16.5419,72.58329066690709
16.7808,72.59996066690702
16.5872,72.61667066690698
16.8539,72.63331066690711
16.5958,72.65000066690706
16.1457,72.66665066690696
17.1699,72.6832906669071
16.7567,72.69996066690702
16.2381,72.71663066690695
16.6831,72.73328066690685
16.6192,72.74995066690678
16.269,72.76660066690668
16.8734,72.78327066690662
17.4591,72.8000006669066
16.2009,72.81667066690652
17.2004,72.83339066690672
16.4202,72.85009066690691
16.4632,72.86675066690705
16.7934,72.88345066690724
16.7831,72.90013066690742
16.574,72.91681066690758
16.5864,72.93351066690776
16.6827,72.95017066690791
16.9915,72.96683066690807
15.906,72.98348066690797
16.8712,73.0001506669079
16.8975,73.01683066690806
16.4726,73.03351066690823
16.8703,73.05018066690816
16.5192,73.06685066690808
16.765,73.08353066690825
16.6539,73.10021066690841
16.8036,73.11689066690859
16.7906,73.13355066690873
17.4132,73.15025066690892
16.6217,73.16693066690908
16.6562,73.18359066690924
16.5249,73.20026066690916
15.6729,73.2169006669093
17.3315,73.23359066690924
16.4507,73.2502706669094
17.0205,73.26695066690957
16.5737,73.28366066690954
16.7653,73.3003706669095
16.777,73.31706066690944
16.2345,73.33375066690938
16.3403,73.35043066690956
17.038,73.3671206669095
16.2588,73.38380066690966
17.161,73.40050066690985
17.1285,73.41719066690979
16.4301,73.43388066690974
17.0228,73.45053066690964
16.7946,73.46720066690958
16.4887,73.4838706669095
17.0825,73.50055066690966
16.5677,73.51727066690987
17.2887,73.53397066691005
16.1456,73.55069066691026
16.7194,73.56738066691021
16.1922,73.58402066691033
17.0412,73.60067066691025
16.4298,73.61738066691021
16.7469,73.6340306669101
16.6151,73.65068066691002
16.5536,73.66732066691014
16.7934,73.68396066691028
17.0307,73.7006306669102
16.4421,73.71728066691011
17.387,73.73396066691028
15.8216,73.75067066691024
16.9559,73.7673806669102
16.9084,73.78406066691038
16.4081,73.80078066691058
16.1989,73.81747066691052
16.9915,73.83415066691069
16.7882,73.85085066691087
15.5441,73.86750066691079
16.6566,73.8841706669107
17.5287,73.90085066691087
16.564,73.91753066691105
17.0497,73.93420066691097
16.2751,73.95085066691088
16.7436,73.967490666911
16.9615,73.98416066691094
16.1266,74.0008706669109
16.1851,74.01753066691104
17.4289,74.03426066691102
16.6079,74.05098066691123
16.532,74.0676606669114
16.9195,74.08434066691156
16.6133,74.10103066691151
16.1822,74.11771066691168
17.4404,74.13443066691188
16.2122,74.15114066691184
16.8184,74.16780066691199
16.4776,74.18450066691219
16.8415,74.20113066691206
16.4551,74.21781066691223
16.4741,74.23446066691214
16.7371,74.25111066691206
16.5823,74.26774066691193
16.7361,74.28441066691187
17.0843,74.30108066691179
16.4031,74.31774066691193
17.4434,74.33444066691213
16.1017,74.35113066691207
16.8053,74.36785066691228
16.3061,74.38450066691217
16.4698,74.40118066691235
17.5483,74.41789066691231
17.0084,74.43463066691254
16.5071,74.4513106669127
16.6384,74.46800066691264
16.2829,74.48468066691281
17.1054,74.50132066691295
16.5968,74.51796066691307
16.9031,74.534630666913
16.2828,74.55132066691294
17.0321,74.56802066691313
16.7591,74.58470066691329
16.157,74.60133066691319
16.7655,74.61803066691337
16.6342,74.63468066691328
17.0173,74.6513506669132
16.8558,74.66807066691341
15.2537,74.68475066691357
17.4084,74.70144066691353
16.6645,74.71813066691347
17.6754,74.73482066691341
15.6037,74.75149066691334
16.8497,74.76821066691353
17.0529,74.78491066691373
16.2213,74.80160066691367
16.6903,74.81831066691363
16.3825,74.83495066691377
17.3362,74.85167066691396
16.2252,74.86832066691387
16.8048,74.8849906669138
16.8093,74.90167066691397
17.4572,74.91834066691389
16.76,74.93501066691383
15.929,74.95166066691372
16.5508,74.96832066691387
17.219,74.98500066691405
16.9029,75.00172066691425
16.3729,75.01839066691417
16.0541,75.03508066691411
16.9932,75.05176066691429
16.5423,75.06843066691421
16.5881,75.0851306669144
16.4361,75.10178066691431
17.285,75.11849066691427
16.4936,75.13520066691423
16.3651,75.15186066691437
16.5906,75.16851066691429
16.7469,75.18516066691419
17.1323,75.20184066691436
15.9089,75.21849066691426
16.9956,75.2351606669142
16.8057,75.2518106669141
17.0655,75.26852066691406
16.091,75.2851606669142
16.9262,75.3018106669141
16.6893,75.31849066691427
16.5806,75.33516066691419
17.0606,75.35187066691415
16.091,75.3685306669143
17.0446,75.3852506669145
16.6135,75.40191066691466
16.8878,75.41862066691462
16.4076,75.43531066691456
17.3152,75.45203066691477
15.789,75.46871066691493
16.5753,75.48537066691509
17.7529,75.50208066691505
16.334,75.51876066691521
16.7581,75.53547066691517
16.2274,75.55214066691511
17.3355,75.56884066691529
16.8678,75.58551066691521
16.8582,75.60218066691515
16.0872,75.61882066691527
17.401,75.63553066691523
16.854,75.65225066691544
15.9231,75.6689306669156
16.7297,75.68562066691555
16.157,75.7023106669155
17.0101,75.71896066691541
16.8806,75.73563066691533
16.0918,75.75232066691527
16.6517,75.76901066691522
16.1963,75.78569066691539
17.1169,75.8023606669153
16.9268,75.81904066691547
16.4318,75.83572066691565
16.764,75.85239066691557
16.6649,75.8690606669155
16.7442,75.8857806669157
16.7815,75.90248066691589
16.6073,75.91911066691577
16.3838,75.93574066691566
16.2031,75.95242066691583
17.1535,75.96910066691599
16.7993,75.98576066691615
16.3939,76.00241066691605
17.5332,76.019100666916
15.9017,76.03574066691613
17.3909,76.05241066691606
16.2951,76.06906066691596
16.9898,76.08577066691592
16.607,76.10248066691588
16.7679,76.11919066691586
