5.01738269627094, 16.8032,5.0348716955632, 15.7782,0,16.8032,1,-31.35053,-0.199567,19.1464,301
5.0348716955632, 16.2163,5.05051459558308, 12.6722,0,16.50975,1,-3.055833,-0.784334,17.3541,301
5.05051459558308, 18.3509,5.06791409477592, 20.1805,0,17.12347,0,13.23347,-0.407401,14.7688,301
5.06791409477592, 15.3234,5.08647769503295, 17.3286,0,16.67345,1,15.00773,0.073632,16.5986,301
5.08647769503295, 16.95,5.10054919496179, 15.3629,0,16.72876,1,17.0086,-0.373635,18.5991,301
5.10054919496179, 15.8326,5.11730989441276, 17.0753,0,16.5794,1,16.70977,-0.456202,16.9909,301
5.11730989441276, 16.8349,5.13494859449565, 14.9538,0,16.6159,1,16.24644,-0.438769,18.2628,301
5.13494859449565, 17.54,5.15129179507494, 18.9642,0,16.73141,0,16.6954,1.032964,16.3818,301
5.15129179507494, 16.348,5.16748889535666, 16.2132,0,16.68881,1,16.74707,-0.115503,17.8062,301
5.16748889535666, 16.1324,5.18438369594514, 14.1819,0,16.63317,1,16.78164,-0.57367,17.6693,301
5.18438369594514, 17.8998,5.20030389539897, 18.5702,0,16.74832,0,15.2832,-0.252037,15.724,301
5.20030389539897, 15.9325,5.21741579473019, 17.5755,0,16.68033,1,16.45267,-0.313167,16.3951,301
5.21741579473019, 16.8341,5.2338364943862, 13.2407,0,16.69216,1,16.57454,0.681566,18.038,301
5.2338364943862, 18.1094,5.25061199441552, 18.851,0,16.79339,0,-54.4182,-0.348501,14.4443,301
5.25061199441552, 14.9485,5.26763489469886, 17.3483,0,16.6704,1,5.409767,-1.012468,15.1867,301
5.26763489469886, 16.9527,5.28436719439924, 16.2501,0,16.68804,1,9.233234,0.439565,17.5867,301
5.28436719439924, 17.027,5.30106569454074, 15.8951,0,16.70798,0,8.971501,0.018098,14.9252,301
5.30106569454074, 16.7777,5.31769149377942, 16.9846,0,16.71185,0,8.919968,0.010131,15.7506,301
5.31769149377942, 16.2602,5.33459319360554, 14.0536,0,16.68808,1,10.10903,0.139764,16.9613,301
5.33459319360554, 18.2918,5.35139219276607, 19.3148,0,16.76827,0,8.179002,-0.708703,14.7545,301
5.35139219276607, 15.6428,5.36775509268045, 13.8913,0,16.71468,1,8.846769,-0.45237,15.7783,301
5.36775509268045, 17.5518,5.38439349271357, 18.5064,0,16.75273,0,10.00644,-1.157237,14.027,301
5.38439349271357, 15.7586,5.40073119290173, 14.565,0,16.7095,0,8.935303,-0.841904,14.982,301
5.40073119290173, 17.2345,5.4172841925174, 18.4539,0,16.73138,0,8.44157,-0.411571,13.7885,301
5.4172841925174, 16.8228,5.43495109304786, 18.4523,0,16.73504,0,9.324737,-1.016338,15.0079,301
5.43495109304786, 16.1801,5.45242859236896, 15.8804,0,16.71369,1,9.545504,-0.720405,16.6613,301
5.45242859236896, 15.4831,5.46762239281088, 16.6978,0,16.66811,1,9.770871,-0.474672,16.3618,301
5.46762239281088, 16.8101,5.48480399232358, 14.6822,0,16.67319,1,8.853638,-0.066539,17.5766,301
5.48480399232358, 16.7594,5.50055039208382, 18.0232,0,16.67616,0,9.808105,-0.396006,15.4487,301
5.50055039208382, 16.1624,5.51730959210545, 14.1883,0,16.65903,1,9.327872,-1.072273,16.7132,301
5.51730959210545, 18.3253,5.53552839253098, 20.7975,0,16.71278,0,9.038739,-0.03484,14.7392,301
5.53552839253098, 15.4913,5.55063559208065, 12.7283,0,16.67461,1,8.787306,-0.635507,17.2118,301
5.55063559208065, 17.8943,5.56858349125832, 20.4044,0,16.71157,0,8.957473,-0.146874,14.4481,301
5.56858349125832, 15.5476,5.58520189207047, 14.2957,0,16.67734,1,9.69154,-0.015441,16.9561,301
5.58520189207047, 17.0785,5.60168879199773, 18.9964,0,16.6888,0,8.952207,-0.436108,15.7108,301
5.60168879199773, 15.9349,5.61866459157318, 15.5965,0,16.66786,1,8.752574,-0.398475,17.6288,301
5.61866459157318, 17.007,5.63526919204742, 17.8302,0,16.67702,1,9.393941,-0.732642,17.2906,301
5.63526919204742, 16.4589,5.65246369224042, 15.6208,0,16.67128,1,9.986308,-0.074809,18.1136,301
5.65246369224042, 16.658,5.66852649208158, 17.5355,0,16.67094,1,9.289275,-1.509776,17.2761,301
5.66852649208158, 16.6135,5.68424799200147, 13.0776,0,16.66951,1,8.738142,-0.115443,18.1537,301
5.68424799200147, 18.1556,5.70156019274145, 19.9712,0,16.70575,0,10.60691,0.11729,14.6182,301
5.70156019274145, 15.6453,5.71804309356958, 15.9747,0,16.6805,1,8.905076,-0.280377,16.4337,301
5.75127109419554, 55.4306,5.76741809491068, 47.8364,0,17.58167,0,11.00314,-0.772944,16.7633,301
5.75127109419554, 0.5512,5.78467709477991, 19.3561,0,17.19461,2,8.47481,-0.915911,9.1696,301
5.75127109419554, 2.7267,5.80243219528347, 16.6496,1,16.8731,3,8.762677,-0.459578,27.9752,301
5.76741809491068, 7.4288,5.81869269441813, 17.5056,2,16.66779,3,9.804044,-0.942745,41.8985,301
5.78467709477991, 17.6214,5.83548919390887, 17.2282,2,16.68808,3,9.594211,-0.819912,51.9747,301
5.80243219528347, 16.3507,5.85223909374326, 14.7284,2,16.68105,3,9.599978,-1.275579,51.582,301
5.81869269441813, 16.139,5.86840439308435, 17.6316,2,16.66999,2,10.50455,-0.036046,49.9598,301
5.83548919390887, 17.0378,5.88456689286977, 13.9374,2,16.67735,3,9.265512,0.226587,51.4525,301
5.85223909374326, 16.8672,5.90127739217132, 18.8161,2,16.68107,2,9.860079,0.33032,48.3522,301
5.86840439308435, 16.3199,5.91862459201366, 14.8994,2,16.67413,3,9.578046,-1.183347,50.302,301
5.88456689286977, 16.8258,5.93519019242376, 19.0388,2,16.67699,2,10.02681,-0.428914,48.8817,301
5.90127739217132, 16.543,5.95156599301845, 13.9859,2,16.67451,3,9.51288,0.468319,51.0945,301
5.91862459201366, 16.82,5.96966179367155, 20.6634,2,16.67715,2,8.538247,-1.212948,48.5378,301
5.93519019242376, 16.8966,5.9865981945768, 17.0419,2,16.68107,3,11.43831,-0.423015,52.3816,301
5.95156599301845, 16.7207,6.00304329488426, 14.9926,2,16.68176,3,9.331481,-0.136282,52.5272,301
5.96966179367155, 16.4787,6.01844179444015, 17.1525,2,16.67826,3,7.457048,-0.659249,50.7992,301
5.9865981945768, 16.2582,6.03664829395711, 18.2454,2,16.67114,3,11.36341,-0.613716,51.473,301
6.00304329488426, 17.4891,6.05212469398975, 12.6846,2,16.68478,3,9.062182,-0.513683,53.4602,301
6.01844179444015, 15.9761,6.06996109336615, 19.7754,2,16.67316,2,9.532549,0.45875,48.6558,301
6.03664829395711, 16.7649,6.08469319343567, 15.4915,2,16.67464,3,10.81182,-0.601517,52.4558,301
6.05212469398975, 17.1162,6.10166269354522, 14.2376,2,16.68165,3,9.525183,0.005016,51.1826,301
6.06996109336615, 16.4802,6.11994689330459, 20.2203,2,16.6785,2,9.07235,1.982149,48.3044,301
6.08469319343567, 16.5316,6.13665909320116, 17.2892,2,16.67624,3,8.501117,-0.620018,52.0436,301
6.10166269354522, 16.8145,6.15157979354262, 12.3158,2,16.67833,3,9.280584,-0.293785,52.7996,301
6.11994689330459, 15.8017,6.16929539293051, 19.7705,2,16.66525,2,9.105551,-0.586552,48.3062,301
6.13665909320116, 16.959,6.1866223923862, 17.6516,2,16.66957,3,7.584218,-0.185119,52.2762,301
6.15157979354262, 17.1863,6.20242779329419, 13.4092,2,16.67706,3,9.505185,0.761514,52.9679,301
6.16929539293051, 16.8627,6.2195454929024, 19.365,2,16.67971,2,8.785152,-1.205853,49.1914,301
6.1866223923862, 16.5828,6.2349761929363, 16.2081,2,16.67835,3,10.84862,-0.76222,51.6945,301
6.20242779329419, 17.5179,6.25252549350262, 14.555,2,16.69001,3,9.216586,-0.128887,51.3199,301
6.2195454929024, 15.7001,6.26841589435935, 18.0593,2,16.67645,2,8.422253,0.083046,48.3571,301
6.2349761929363, 16.9647,6.28629519417882, 18.1178,2,16.68034,2,10.88132,-0.437721,50.7162,301
6.25252549350262, 17.2841,6.30176649428904, 13.2234,2,16.68839,3,9.667687,-0.214788,51.8699,301
6.26841589435935, 16.4736,6.31854879483581, 18.715,2,16.68557,2,10.08285,0.090545,47.8092,301
6.28629519417882, 16.021,6.33680159412324, 19.0621,2,16.67694,3,10.20522,-0.585122,50.051,301
6.30176649428904, 17.4418,6.35242969356477, 12.7971,2,16.68674,3,9.528988,-0.366989,53.0923,301
6.31854879483581, 16.0804,6.36882389336824, 18.5683,2,16.67907,2,10.34056,-0.217556,48.4478,301
6.33680159412324, 17.0097,6.38670529425144, 18.0895,2,16.6832,3,8.772322,-0.444223,50.9362,301
6.35242969356477, 17.2317,6.40254599414766, 13.4591,2,16.68997,3,9.268789,-0.00369,52.0161,301
6.36882389336824, 16.2193,6.41925009340048, 18.7418,2,16.68423,2,8.926656,0.307743,48.2438,301
6.38670529425144, 16.6725,6.43663749285042, 16.611,2,16.68409,3,9.639423,0.441576,50.766,301
6.40254599414766, 16.8699,6.45265519246459, 14.7263,2,16.6863,3,9.60039,-1.300091,50.7051,301
6.41925009340048, 17.0964,6.46873339265585, 18.5674,2,16.69113,2,9.086757,-0.214658,48.562,301
6.43663749285042, 16.1057,6.48525929264724, 14.7395,2,16.68432,3,9.981824,-0.797725,50.0334,301
6.45265519246459, 16.639,6.50174869224429, 15.848,2,16.6838,2,8.971591,0.028908,48.6669,301
6.46873339265585, 16.307,6.51860419288278, 18.872,2,16.67952,2,10.02376,0.270241,47.8767,301
6.48525929264724, 19.6578,6.53516069240868, 16.7747,2,16.71298,3,10.61423,-0.599326,50.4417,301
6.50174869224429, 15.2874,6.55291329324245, 15.2691,2,16.69714,3,9.745592,-0.706393,47.5588,301
6.51860419288278, 15.1162,6.56879409402609, 18.3056,2,16.67977,2,9.400159,0.42554,47.5409,301
6.53516069240868, 16.8301,6.58650059439242, 17.6315,2,16.6814,3,9.360826,-0.958327,50.7308,301
6.55291329324245, 16.7735,6.60190019477159, 13.333,2,16.68239,3,10.82679,-0.085094,51.5323,301
6.56879409402609, 15.703,6.61893799435347, 19.4679,2,16.67197,2,10.41436,0.008139,48.0921,301
6.58650059439242, 16.8322,6.63670379389077, 17.5644,2,16.67366,3,10.88613,-0.422028,51.857,301
6.60190019477159, 17.186,6.65304709319025, 14.9011,2,16.679,3,10.24749,-1.151395,52.5893,301
6.61893799435347, 16.666,6.66891809273511, 17.0935,2,16.67886,3,10.02406,-0.418062,50.3048,301
6.63670379389077, 16.5467,6.68780089262873, 19.1447,2,16.67751,3,8.651028,-0.573529,50.7327,301
6.65304709319025, 16.9477,6.7024754928425, 12.0671,2,16.68024,3,8.866695,-0.001696,53.3304,301
6.66891809273511, 16.9142,6.72136589232832, 21.1209,2,16.68258,2,9.444762,-1.011063,48.4502,301
6.68780089262873, 16.4108,6.73525119200349, 11.9705,2,16.67989,3,9.804729,-0.72463,52.6569,301
6.7024754928425, 17.4439,6.75284079276025, 19.8637,2,16.68738,2,10.7727,-0.278397,48.2169,301
6.72136589232832, 15.7079,6.76975499279797, 14.4923,2,16.67787,3,8.668563,-1.167164,50.6373,301
6.73525119200349, 17.0055,6.7860056925565, 18.5777,2,16.68102,2,9.63983,-0.695031,49.422,301
6.75284079276025, 16.5632,6.80373099260032, 16.5547,2,16.6799,3,9.232897,-0.381298,50.9946,301
6.76975499279797, 17.466,6.81879969220608, 16.9173,2,16.68732,3,8.508064,-0.090765,50.9865,301
6.7860056925565, 15.7092,6.8367878915742, 16.113,2,16.67817,3,10.24783,-0.757732,50.4377,301
6.80373099260032, 16.5991,6.85208039171994, 16.6182,2,16.67744,3,9.725798,-0.413699,50.8419,301
6.81879969220608, 16.9116,6.86980789154768, 16.1061,2,16.67959,3,9.756165,-0.769466,50.8611,301
6.8367878915742, 16.6841,6.88554189167917, 17.1534,2,16.67963,3,8.895132,-0.914233,50.0553,301
6.85208039171994, 16.5554,6.90311509184539, 16.1031,2,16.67851,3,9.231699,-1.1566,50.5252,301
6.86980789154768, 16.7627,6.91898929141462, 17.4378,2,16.67926,3,9.765866,-0.368767,50.0734,301
6.88554189167917, 16.2325,6.93639539182186, 15.0267,2,16.67531,3,9.692733,-0.563134,50.7487,301
6.90311509184539, 16.818,6.95255749113858, 18.3554,2,16.67656,2,9.8463,-0.458901,49.5428,301
6.91898929141462, 16.7394,6.96811849158257, 13.1252,2,16.67711,3,11.36517,-0.908068,51.0811,301
6.93639539182186, 17.3043,6.98560209106654, 20.3445,2,16.68251,2,9.307234,-0.547835,47.467,301
6.95255749113858, 16.241,7.00217519048601, 14.2283,2,16.67874,3,9.425501,0.862398,50.5077,301
6.96811849158257, 17.3696,7.02070069033653, 20.5712,2,16.6846,2,8.772768,0.145531,48.4949,301
6.98560209106654, 16.182,7.03564129024744, 12.7784,2,16.68037,3,10.48333,-0.527636,51.6973,301
7.00217519048601, 16.9036,7.05269218981266, 19.1996,2,16.68223,2,9.183502,-0.216703,48.2934,301
7.02070069033653, 16.2296,7.06834458932281, 13.2193,2,16.67849,3,8.160869,1.95153,50.5902,301
7.03564129024744, 17.0253,7.08668898977339, 20.5754,2,16.68134,2,9.982936,0.332163,47.5798,301
7.05269218981266, 16.3546,7.10389068908989, 15.9424,2,16.67868,3,9.718103,0.671096,51.1305,301
7.06834458932281, 18.6799,7.11969948932528, 17.0692,2,16.69482,3,9.24387,0.004329,50.7184,301
7.08668898977339, 14.5953,7.13534088991582, 13.4728,2,16.67802,3,7.182437,0.093962,49.1079,301
7.10389068908989, 17.1242,7.15395379066467, 21.0607,2,16.68156,2,9.248504,-0.102505,47.9856,301
7.11969948932528, 16.0681,7.16965979151428, 13.4067,2,16.67673,3,8.047071,-1.066972,51.9224,301
7.13534088991582, 18.1452,7.18654879182577, 19.2068,2,16.6882,2,9.235738,0.201661,49.261,301
7.15395379066467, 15.0772,7.20356719195843, 15.7074,2,16.67572,3,10.11411,-0.312306,50.3218,301
7.16965979151428, 17.39,7.22113349288702, 18.9087,2,16.68121,3,8.910772,-0.282373,50.9506,301
7.18654879182577, 15.8721,7.23635539319366, 12.9251,2,16.67503,3,10.03644,0.15886,52.4759,301
7.20356719195843, 17.2193,7.25312579330057, 18.7585,2,16.67916,2,10.32111,-0.094107,49.5292,301
7.22113349288702, 16.1314,7.26945449318737, 14.0577,2,16.67504,3,9.131773,-0.935274,51.0681,301
7.23635539319366, 17.4548,7.28765609394759, 20.571,2,16.68086,2,9.13294,0.053559,48.994,301
7.25312579330057, 16.2626,7.30249109398574, 12.5361,2,16.67776,3,8.693307,-0.368708,52.1114,301
7.26945449318737, 16.8692,7.31919729430228, 19.0961,2,16.67917,2,9.489074,-0.376275,48.3847,301
7.28765609394759, 16.4598,7.33754079509526, 17.1441,2,16.67757,3,10.71854,-0.460942,50.6127,301
7.30249109398574, 18.5739,7.35258029494435, 15.6025,2,16.69131,2,8.589308,-0.548109,50.2221,301
7.31919729430228, 15.4513,7.37138489540666, 18.2061,2,16.68239,2,10.26558,-0.417376,48.3259,301
7.33754079509526, 17.3985,7.38646699581295, 16.2595,2,16.6875,3,10.74504,-0.485643,51.0811,301
7.35258029494435, 16.3283,7.40298709552735, 14.325,2,16.68495,3,9.414009,-0.12601,49.9427,301
7.37138489540666, 16.8596,7.41930059622973, 18.3325,2,16.68618,2,8.581876,-0.914577,47.9395,301
7.38646699581295, 16.3899,7.43760139588267, 17.3215,2,16.68411,2,9.249243,0.238656,49.412,301
7.40298709552735, 17.0533,7.45257689617574, 16.3525,2,16.68668,3,9.93801,-0.594211,50.3441,301
7.41930059622973, 16.8642,7.46944459527731, 14.4938,2,16.6879,3,8.940377,-0.599278,49.6437,301
7.43760139588267, 16.0108,7.48767209611833, 20.2083,2,16.68326,2,10.01684,0.216755,47.2733,301
7.45257689617574, 16.5672,7.50277029629797, 13.1555,2,16.68247,3,10.17161,-0.323512,51.4711,301
7.46944459527731, 16.3048,7.51948309596628, 19.8135,2,16.67992,2,9.873578,-0.213279,48.0599,301
7.48767209611833, 15.7134,7.53668249677867, 15.4033,2,16.67343,3,11.18425,0.241254,51.5691,301
7.50277029629797, 17.5948,7.5533873969689, 17.7297,2,16.67958,3,8.830512,0.572687,51.259,301
7.51948309596628, 17.1035,7.56929909717292, 13.5222,2,16.68238,3,10.73918,-0.46258,51.3942,301
7.53668249677867, 16.398,7.58637119736522, 19.7948,2,16.68051,2,9.650846,-0.317247,47.8128,301
7.5533873969689, 16.4997,7.60390839818865, 15.0222,2,16.67933,3,10.01721,-0.387114,51.21,301
7.56929909717292, 18.3082,7.62048339750618, 19.072,2,16.68991,2,8.34848,-0.738781,49.7325,301
7.58637119736522, 15.9578,7.63630169723183, 13.1219,2,16.68518,3,9.339047,-0.465648,50.4966,301
7.60390839818865, 16.7892,7.6536005968228, 19.8775,2,16.68585,2,9.319114,-0.268915,47.6595,301
7.62048339750618, 16.6243,7.67065179627389, 17.087,2,16.68546,3,9.807681,0.326118,50.7498,301
7.63630169723183, 16.8639,7.68642089609057, 13.0015,2,16.68659,3,9.719048,-0.620449,51.2119,301
7.6536005968228, 15.9161,7.70341949630529, 19.5519,2,16.68174,2,10.01352,0.415084,47.3501,301
7.67065179627389, 17.0691,7.72075229603797, 14.9907,2,16.68416,3,10.45428,-0.677983,50.9862,301
7.68642089609057, 16.8859,7.73670909646899, 18.297,2,16.68542,2,8.763049,-0.02425,48.9079,301
7.70341949630529, 16.216,7.75395589601249, 16.0303,2,16.68252,3,9.211516,-0.651817,50.3193,301
7.72075229603797, 17.6978,7.77047139685601, 18.3001,2,16.68875,3,9.967883,0.340316,50.1339,301
7.73670909646899, 15.6327,7.78633879777044, 13.2971,2,16.68231,3,9.29545,-0.406751,50.7366,301
7.75395589601249, 16.7642,7.80267629865557, 19.0747,2,16.68281,2,8.694417,-0.337718,48.4012,301
7.77047139685601, 17.0067,7.81920029874891, 13.31,2,16.68476,3,9.316384,0.056615,50.7119,301
7.78633879777044, 16.9608,7.83653449919075, 20.1587,2,16.68641,2,8.958651,-0.022752,47.0155,301
7.80267629865557, 16.0313,7.85374079924077, 14.5726,2,16.68251,3,9.016418,-1.214919,50.2139,301
7.81920029874891, 17.7816,7.86971239838749, 18.6217,2,16.68901,2,9.636585,-0.472986,48.7549,301
7.83653449919075, 15.0445,7.88737579900771, 16.2355,2,16.67934,3,10.04995,0.153447,49.5952,301
7.85374079924077, 17.1023,7.90441029984504, 18.0954,2,16.68181,3,8.902119,-0.36982,50.7864,301
7.86971239838749, 16.7674,7.92039409931749, 13.6252,2,16.68231,3,10.23549,0.448713,51.78,301
7.88737579900771, 16.5299,7.93659299891442, 19.1239,2,16.68143,2,10.78885,0.164246,48.6381,301
7.90441029984504, 16.1544,7.95382549893111, 15.6382,2,16.6784,3,9.40682,-0.294921,51.2326,301
7.92039409931749, 18.802,7.97040309850127, 17.8122,2,16.69054,2,10.31249,-0.434088,50.7152,301
7.93659299891442, 15.0561,7.9874614989385, 14.7346,2,16.68125,3,9.337354,1.025945,49.7266,301
7.95382549893111, 16.8944,8.00389729905874, 19.3939,2,16.68245,2,8.675321,-0.461922,49.4056,301
7.97040309850127, 16.2962,8.02069089841098, 16.5021,2,16.68028,3,9.960788,0.174611,51.9052,301
7.9874614989385, 17.5852,8.0364835979417, 13.0641,2,16.68534,3,9.163655,-0.592356,52.1117,301
8.00389729905874, 15.5768,8.0534880971536, 19.7328,2,16.67918,2,8.454422,-0.253523,47.5904,301
8.02069089841098, 17.0039,8.07028659712523, 15.5838,2,16.68097,3,9.130589,0.46891,51.7468,301
8.0364835979417, 17.6287,8.08775759767741, 16.0022,2,16.68618,2,9.553756,-0.364857,50.3264,301
8.0534880971536, 15.8494,8.10512589756399, 20.0088,2,16.68161,2,10.66722,0.901076,48.701,301
8.07028659712523, 18.2698,8.12072519771755, 15.4517,2,16.69024,3,9.15889,-0.033391,52.8604,301
8.08775759767741, 15.6581,8.13711739704013, 13.9963,2,16.68466,3,8.246457,-0.527358,50.0432,301
8.10512589756399, 15.9895,8.15350499749184, 18.8488,2,16.68092,2,9.039524,-0.709625,48.3813,301
8.12072519771755, 17.2599,8.17049189656973, 16.9616,2,16.68402,3,8.512891,-0.137392,51.2411,301
8.13711739704013, 16.8716,8.18782859668136, 14.7814,2,16.68502,3,9.366958,0.385841,50.9261,301
8.15350499749184, 16.2077,8.20392359606922, 18.9027,2,16.68249,2,9.939825,-0.497226,48.8524,301
8.17049189656973, 16.3233,8.22024779580534, 13.6382,2,16.6806,3,9.114192,-1.002093,51.5471,301
8.18782859668136, 17.4985,8.23651589639485, 18.542,2,16.68488,2,9.064359,-0.46756,48.8626,301
8.20392359606922, 16.1222,8.25329409725964, 14.1897,2,16.68195,3,9.730926,0.086473,49.9067,301
8.22024779580534, 17.44,8.2702999971807, 18.486,2,16.68588,2,8.993393,-1.216894,47.9744,301
8.23651589639485, 16.1885,8.28749169781804, 15.5813,2,16.68332,2,9.36166,-1.175161,49.0205,301
8.25329409725964, 17.976,8.3036154974252, 18.6501,2,16.68995,2,10.65313,0.829172,48.4127,301
8.2702999971807, 15.5525,8.32031799666584, 14.262,2,16.68414,3,8.656294,-0.178395,49.0878,301
8.28749169781804, 18.12,8.3378173969686, 19.7735,2,16.69143,2,9.715061,-0.903762,47.7975,301
8.3036154974252, 13.6204,8.35418949648738, 14.8913,2,16.67592,3,9.211328,0.067871,49.4513,301
8.32031799666584, 17.9822,8.36966419685632, 16.9406,2,16.68249,3,9.542595,0.144804,50.7222,301
8.3378173969686, 15.5198,8.38683249708265, 14.8784,2,16.67667,3,8.902562,0.064437,49.6811,301
8.35418949648738, 17.0741,8.40428019780666, 19.8801,2,16.67865,2,9.628729,-0.56943,49.0402,301
8.36966419685632, 16.4848,8.42082879785448, 14.1561,2,16.67769,3,8.365596,0.622303,51.846,301
8.38683249708265, 17.2418,8.43766379822046, 19.0014,2,16.68047,2,9.387163,0.632736,49.5177,301
8.40428019780666, 16.5856,8.45371999870986, 13.8359,2,16.68,3,9.64463,0.115069,51.2784,301
8.42082879785448, 16.952,8.47091709915549, 19.2365,2,16.68133,2,9.503197,-1.124298,48.528,301
8.43766379822046, 16.3829,8.48745899926871, 14.419,2,16.67988,3,8.124264,0.463535,50.8131,301
8.45371999870986, 16.8403,8.50327149871737, 18.3897,2,16.68066,2,8.098831,-0.301132,48.8493,301
8.47091709915549, 16.3974,8.52252969797701, 18.3329,2,16.67929,3,8.871898,-1.067299,50.3997,301
8.48745899926871, 17.1832,8.53782919794321, 16.1271,2,16.68171,3,10.20096,-0.997566,52.3346,301
8.50327149871737, 16.6379,8.5548251979053, 15.6152,2,16.6815,3,8.096232,0.722367,51.2788,301
8.52252969797701, 17.2535,8.57067559845746, 17.1577,2,16.68421,3,9.910699,-1.2124,50.2572,301
8.53782919794321, 16.1018,8.58656079880893, 13.5131,2,16.68146,3,10.96467,-0.787067,50.1588,301
8.5548251979053, 16.7277,8.60316949896514, 18.3667,2,16.68168,2,10.07713,-0.594134,47.5721,301
8.57067559845746, 17.0446,8.62271849811077, 18.8598,2,16.68337,3,7.8383,-0.926801,49.2119,301
8.58656079880893, 17.3994,8.63880569860339, 17.1527,2,16.6867,3,9.907567,-0.307668,51.028,301
8.60316949896514, 14.3858,8.65450559929013, 13.2729,2,16.67605,3,9.904834,-0.702335,50.781,301
8.62271849811077, 18.4023,8.67262529954314, 20.7312,2,16.68401,2,8.792101,0.495098,49.668,301
8.63880569860339, 16.049,8.68881629966199, 14.9836,2,16.68109,3,10.98697,-0.780869,51.9973,301
8.65450559929013, 18.2064,8.70556730031967, 17.9546,2,16.68806,3,7.704735,-0.401236,50.9324,301
8.67262529954314, 15.8719,8.72133970074356, 14.3206,2,16.68435,3,10.3288,0.528597,50.6808,301
8.68881629966199, 16.742,8.74046850018203, 20.5556,2,16.68461,3,8.529569,-0.55517,49.1294,301
8.70556730031967, 14.58,8.75656870007515, 14.7941,2,16.67513,3,8.828036,-0.633537,52.9437,301
8.72133970074356, 17.2582,8.7725261002779, 16.7369,2,16.67775,3,9.204803,0.243696,53.1573,301
8.74046850018203, 17.9916,8.79096570052207, 17.841,2,16.68361,3,9.71867,0.512029,52.6356,301
8.75656870007515, 15.995,8.80644140020013, 16.0616,2,16.68055,3,9.135837,-0.394338,52.4865,301
8.7725261002779, 15.2148,8.82454520091414, 17.4227,2,16.67406,3,9.391604,0.249695,52.553,301
8.79096570052207, 18.3915,8.83877500053495, 15.4735,2,16.68163,3,8.612371,-0.794072,54.7607,301
8.80644140020013, 15.0359,8.85635080095381, 16.3294,2,16.67441,3,8.640338,-0.449839,51.8435,301
8.82454520091414, 17.9787,8.87340330053121, 18.3806,2,16.68011,3,9.227005,0.559894,53.137,301
8.83877500053495, 14.7748,8.88862360082567, 13.9302,2,16.67182,3,8.744972,-0.503073,53.5394,301
8.85635080095381, 18.5854,8.90550430119038, 18.1133,2,16.68011,3,10.48224,-0.49174,52.6945,301
8.87340330053121, 15.6329,8.92308750189841, 16.3924,2,16.67559,3,9.344706,-0.457207,52.221,301
8.88862360082567, 17.8217,8.93965590186417, 17.7409,2,16.68051,3,9.539773,-0.821374,52.9821,301
8.90550430119038, 14.6949,8.95617840252817, 15.3105,2,16.67203,3,9.64784,0.105359,52.9014,301
8.92308750189841, 18.6443,8.97242500260472, 17.5022,2,16.68042,3,9.862607,0.157292,53.5175,301
8.93965590186417, 16.3411,8.98954360187054, 16.0794,2,16.67898,3,9.352174,-1.003675,52.3757,301
8.95617840252817, 17.0154,9.00646450184286, 18.2119,2,16.6804,3,9.254841,-0.328042,52.1141,301
8.97242500260472, 16.1321,9.02262410148978, 14.6473,2,16.6781,3,8.222608,0.336991,53.3106,301
8.98954360187054, 17.2783,9.03996730223298, 18.6304,2,16.68061,3,8.875975,-0.742376,51.8268,301
9.00646450184286, 16.4492,9.05621700175107, 14.8215,2,16.67965,3,10.78324,-0.457243,53.1785,301
9.02262410148978, 16.8013,9.07288600131869, 17.8376,2,16.68015,3,7.334009,0.48649,51.5506,301
9.03996730223298, 16.8051,9.08861910179257, 14.6573,2,16.68067,3,8.741476,-0.705677,52.587,301
9.05621700175107, 16.4634,9.10663180239499, 19.2969,2,16.67977,3,9.264743,-0.303044,50.4397,301
9.07288600131869, 15.9085,9.12182150222361, 13.7577,2,16.67661,3,9.28421,-1.396011,53.2736,301
9.08861910179257, 17.7231,9.1386458016932, 18.3356,2,16.68088,3,8.524477,0.519022,51.1232,301
9.10663180239499, 16.3328,9.15673820115626, 16.8685,2,16.67947,3,8.928144,0.473555,51.7352,301
9.12182150222361, 16.4303,9.17213920131326, 16.5622,2,16.67846,3,8.678911,0.556888,52.2713,301
9.1386458016932, 16.6597,9.18948200158775, 16.2026,2,16.67838,3,12.49368,0.450521,52.4043,301
9.15673820115626, 17.2061,9.20654060132802, 18.3057,2,16.6805,3,8.181245,-0.225746,51.9465,301
9.17213920131326, 15.9256,9.22134500090033, 12.3741,2,16.67748,3,8.005012,-1.541013,53.0473,301
9.18948200158775, 17.4603,9.24037150014192, 20.9589,2,16.6806,2,8.279479,0.29332,49.4952,301
9.20654060132802, 16.3111,9.25566940009594, 13.3339,2,16.67913,3,9.625346,-0.246447,52.9941,301
9.22134500090033, 16.9754,9.27304689958692, 19.7769,2,16.68031,2,8.831713,0.157186,50.017,301
9.24037150014192, 16.7233,9.28997839987278, 15.5999,2,16.68048,3,10.00138,-0.948581,52.8186,301
9.25566940009594, 17.6315,9.30646679922938, 17.7419,2,16.6842,3,9.473847,-0.221448,51.6966,301
9.27304689958692, 16.3292,9.32354129850864, 15.9547,2,16.68282,3,9.056914,-0.226215,51.8115,301
9.28997839987278, 16.6645,9.3387030987069, 16.1927,2,16.68275,3,9.776381,-1.190382,51.4365,301
9.30646679922938, 15.8336,9.35646769870073, 16.5784,2,16.67945,3,9.456148,-0.618549,50.9624,301
9.32354129850864, 17.7128,9.37318599876016, 17.9107,2,16.68344,3,8.394115,0.305084,51.7143,301
9.3387030987069, 15.99,9.38986409921199, 15.7277,2,16.68078,3,9.617882,-0.267683,51.9118,301
9.35646769870073, 17.0671,9.40667589846998, 18.497,2,16.68226,3,12.19105,-0.18225,51.65,301
9.37318599876016, 16.1307,9.42313659843057, 14.8276,2,16.68015,3,10.20132,-0.640617,53.0805,301
9.38986409921199, 17.2582,9.43931579869241, 17.0121,2,16.68235,3,9.236083,1.116716,51.7776,301
9.40667589846998, 15.9942,9.4576735990122, 17.1812,2,16.67974,3,9.91095,0.892449,51.531,301
9.42313659843057, 17.8252,9.47246599942446, 16.039,2,16.68407,3,8.568717,-1.251818,52.7193,301
9.43931579869241, 15.4415,9.48980239965022, 16.0023,2,16.6794,3,8.964584,-0.915185,50.9332,301
9.4576735990122, 17.2347,9.50678640045226, 18.3051,2,16.68147,3,9.146751,0.169948,51.4935,301
9.47246599942446, 16.1942,9.52308520115912, 15.0528,2,16.67966,3,7.690218,-0.302419,52.5638,301
9.48980239965022, 17.0131,9.54031540080905, 18.3713,2,16.6809,3,9.644685,-0.774386,51.4229,301
9.50678640045226, 16.2793,9.55738570168614, 16.1445,2,16.67941,3,9.129452,0.977447,52.7823,301
9.52308520115912, 16.6046,9.57307630218565, 17.1351,2,16.67913,3,10.08542,-0.54772,52.6476,301
9.54031540080905, 16.5451,9.59020650200546, 15.7174,2,16.67864,3,8.831186,-0.960887,53.1781,301
9.55738570168614, 16.6725,9.60649540275335, 17.568,2,16.67862,3,9.302153,-0.804754,52.3507,301
9.57307630218565, 16.4182,9.62384400330484, 16.0166,2,16.67767,3,7.38912,-0.304221,53.2463,301
9.59020650200546, 17.4418,9.63855060376227, 15.8184,2,16.68045,3,8.874487,-1.331688,52.8449,301
9.60649540275335, 15.7489,9.65689690411091, 16.9708,2,16.67707,3,8.715254,-0.785955,51.2214,301
9.62384400330484, 17.2645,9.67366770468652, 17.9653,2,16.67919,3,10.10522,-1.154222,52.4436,301
9.63855060376227, 16.2951,9.69008410535753, 15.201,2,16.67781,3,8.870088,-1.147689,53.1446,301
9.65689690411091, 17.6571,9.70693370513618, 17.5232,2,16.68132,3,8.658855,0.311544,52.0508,301
9.67366770468652, 15.9714,9.72451110556722, 16.8672,2,16.67879,3,8.977322,-0.917823,51.9172,301
9.69008410535753, 17.5336,9.74012900516391, 16.3886,2,16.68183,3,10.52629,0.10601,52.8131,301
9.70693370513618, 15.2612,9.75701170600951, 16.3401,2,16.67679,3,9.349756,-0.847857,51.6686,301
9.72451110556722, 18.1662,9.77404530532658, 17.5602,2,16.68205,3,7.833623,-0.602924,52.7472,301
9.74012900516391, 15.1349,9.79147890582681, 17.1281,2,16.6766,3,7.80919,-0.261991,52.1418,301
9.75701170600951, 18.4374,9.80699010565877, 15.9861,2,16.68278,3,8.873457,-0.647258,54.1345,301
9.77404530532658, 14.7122,9.82419530488551, 16.4473,2,16.67589,3,8.288024,-0.517025,51.6839,301
9.79147890582681, 18.1133,9.84015630558133, 16.703,2,16.6809,3,10.05589,-0.098692,53.4192,301
9.80699010565877, 15.3737,9.85816750489175, 17.0778,2,16.67636,3,8.551858,0.320341,52.0093,301
9.82419530488551, 17.6721,9.87415670417249, 15.9469,2,16.67981,3,8.268325,-0.142226,53.7139,301
9.84015630558133, 15.6387,9.89063490368426, 18.1791,2,16.67622,3,10.16289,-0.018593,51.9889,301
9.85816750489175, 18.1598,9.90673900395632, 14.4921,2,16.68131,3,8.589359,-0.36626,54.5294,301
9.87415670417249, 15.7839,9.92213540431112, 17.1043,2,16.67824,3,8.402026,-0.282127,50.862,301
9.89063490368426, 17.4052,9.94017950352281, 16.3865,2,16.68072,3,11.31189,-1.244694,52.1676,301
9.90673900395632, 16.1725,9.95704250317067, 18.299,2,16.67899,3,9.61426,-0.791161,51.1645,301
9.92213540431112, 16.134,9.97378020267934, 15.4683,2,16.67715,3,9.859327,-0.104161,53.2907,301
9.94017950352281, 16.9267,9.9901509033516, 17.7684,2,16.67799,3,8.618694,-0.913311,52.6252,301
9.95704250317067, 17.0874,10.0068945037201, 15.4033,2,16.67937,3,17.38096,-0.226361,53.4672,301
9.97378020267934, 16.8167,10.0233032042161, 17.6168,2,16.67983,3,8.105561,1.794789,51.7816,301
9.9901509033516, 16.3009,10.0403645047918, 15.8371,2,16.67856,3,8.832011,-0.863971,52.5839,301
10.0068945037201, 17.2216,10.0570176048204, 17.8018,2,16.68037,3,12.67336,-0.652471,52.1206,301
10.0233032042161, 15.731,10.0742283044383, 15.9413,2,16.67722,3,9.163411,0.344529,52.7009,301
10.0403645047918, 18.2481,10.0908706048504, 17.885,2,16.68242,3,8.565071,0.063129,52.9114,301
10.0570176048204, 15.8596,10.1062239045277, 14.1244,2,16.6797,3,9.776971,-0.425682,52.5488,301
10.0742283044383, 16.6806,10.1238549044356, 18.8966,2,16.67971,3,9.319371,-0.158152,50.8137,301
10.0908706048504, 16.8672,10.1410537036136, 15.9917,2,16.68032,3,10.08897,-0.891622,53.03,301
10.1062239045277, 17.0257,10.1570401033387, 17.0821,2,16.68145,3,8.709082,-0.445755,52.1548,301
10.1238549044356, 15.8707,10.1741451034322, 16.1845,2,16.67881,3,9.126152,-0.710416,52.2114,301
10.1410537036136, 17.5806,10.1910289032385, 17.7502,2,16.68174,3,11.56292,-0.624977,52.5253,301
10.1570401033387, 15.831,10.2075093025342, 15.5233,2,16.67898,3,9.686755,-0.256677,52.6951,301
10.1741451034322, 17.0403,10.2248563030735, 18.5564,2,16.68015,3,8.803916,-0.22052,52.3874,301
10.1910289032385, 16.5153,10.240358303301, 14.0633,2,16.67962,3,12.25938,-0.205163,53.904,301
10.2075093025342, 16.7775,10.2570036025718, 17.7734,2,16.67993,3,10.07618,-0.313245,51.4519,301
10.2248563030735, 17.4731,10.2735940022394, 15.6776,2,16.68247,3,9.41692,-0.104329,52.4482,301
10.240358303301, 15.5298,10.2900872016326, 17.0236,2,16.6788,3,9.852663,0.035587,50.6528,301
10.2570036025718, 16.4003,10.3062617024407, 15.3154,2,16.67791,2,9.661845,-0.307789,52.1468,301
10.2735940022394, 17.1423,10.3236729027703, 18.6199,2,16.67938,3,9.368729,-0.389165,51.0621,301
10.2900872016326, 20.8502,10.3400151031092, 15.6025,2,16.69254,3,12.01001,-0.805792,52.54,301
10.3062617024407, 12.7434,10.3575592031702, 17.8949,2,16.68012,3,9.407389,-0.969296,47.2928,301
10.3236729027703, 15.8277,10.3759236028418, 17.6435,2,16.67745,3,12.23477,-0.022175,52.4443,301
10.3400151031092, 18.0833,10.3899595029652, 14.6802,2,16.68184,3,10.47689,0.730133,54.2604,301
10.3575592031702, 14.6098,10.4093121029437, 18.6961,2,16.67539,3,12.6244,-0.728781,50.8572,301
10.3759236028418, 18.0576,10.4237846033648, 14.4621,2,16.67968,3,10.87568,-0.240166,54.9439,301
10.3899595029652, 15.0514,10.4395191026852, 17.5696,2,16.67464,3,9.138267,-1.157451,51.3488,301
10.4093121029437, 18.2001,10.4574836017564, 15.8857,2,16.67935,3,9.926181,-1.076484,53.8672,301
10.4237846033648, 16.922,10.473146901466, 17.5018,2,16.68009,3,9.902066,0.506083,51.5531,301
10.4395191026852, 16.9548,10.4906217018142, 15.8769,2,16.68094,3,11.89455,-1.058129,52.1329,301
10.4574836017564, 16.0937,10.5064295018092, 17.4475,2,16.67914,3,10.52848,0.211059,51.0556,301
10.473146901466, 16.6938,10.5237101009116, 15.5855,2,16.67919,3,13.00272,0.131221,52.4088,301
10.4906217018142, 17.3354,10.5411172015592, 19.1066,2,16.68118,3,8.877429,-0.060217,51.3012,301
10.5064295018092, 16.2576,10.5564552014694, 13.6465,2,16.6799,3,12.82834,0.223925,53.0724,301
10.5237101009116, 16.8047,10.5739516010508, 19.1782,2,16.68027,2,9.105479,0.166801,50.4617,301
10.5411172015592, 16.4798,10.590805801563, 15.5201,2,16.67967,3,11.48992,0.701717,52.8357,301
10.5564552014694, 17.1961,10.6081918021664, 18.8961,2,16.68122,3,9.158375,0.094974,51.8762,301
10.5739516010508, 16.3159,10.6233726022765, 13.2402,2,16.68013,3,10.2371,-0.879733,53.576,301
10.590805801563, 16.4404,10.6418751021847, 20.2896,2,16.67941,3,9.080883,-0.21554,50.5012,301
10.6081918021664, 17.2484,10.658092902042, 14.5546,2,16.6811,3,10.13093,-0.405144,54.3502,301
10.6233726022765, 15.715,10.6745231011882, 18.5872,2,16.67824,3,9.265933,-0.536248,51.6569,301
10.6418751021847, 18.2679,10.6911251014099, 14.2421,2,16.68294,3,12.86054,-0.497552,54.5289,301
10.658092902042, 15.5424,10.7076208023354, 18.2481,2,16.67958,3,9.567744,-1.031356,50.5034,301
10.6745231011882, 17.3345,10.7243827031925, 15.2218,2,16.6815,3,10.27455,-0.70526,53.2093,301
10.6911251014099, 15.6242,10.7407652037218, 18.2711,2,16.6784,3,16.89135,0.379358,51.097,301
10.7076208023354, 17.1251,10.7572737028822, 14.5374,2,16.67971,3,16.90696,-0.053696,53.744,301
10.7243827031925, 16.3253,10.7744927024469, 19.1555,2,16.67867,3,12.67406,0.059713,51.1567,301
10.7407652037218, 16.9511,10.7907638018951, 14.6771,2,16.67947,3,10.00404,0.151565,53.9867,301
10.7572737028822, 16.9647,10.8073720009997, 18.2025,2,16.68029,3,10.0375,-0.376183,51.713,301
10.7744927024469, 17.0092,10.8251843014732, 16.4023,2,16.68124,3,9.198687,-0.873708,52.9508,301
10.7907638018951, 16.6292,10.8404837017879, 16.5668,2,16.68109,3,8.650035,-0.843933,52.3445,301
10.8073720009997, 16.1693,10.8575772019103, 15.6021,2,16.67962,3,10.60218,-0.160538,52.2817,301
10.8251843014732, 16.9183,10.8736907010898, 17.9858,2,16.68031,3,9.645208,-0.288243,51.7151,301
10.8404837017879, 16.5292,10.8907675007358, 15.3855,2,16.67987,3,12.38293,-0.589512,52.7827,301
10.8575772019103, 17.3053,10.907818400301, 18.4756,2,16.68166,3,10.23974,0.775419,51.6395,301
10.8736907010898, 16.3003,10.9239141000435, 14.2953,2,16.68057,3,12.01964,1.050956,52.8098,301
10.8907675007358, 17.0049,10.9403969002888, 18.185,2,16.68149,3,9.658012,0.825712,50.805,301
10.907818400301, 16.4495,10.957498899661, 15.7883,2,16.68084,3,12.35768,-0.465464,51.9855,301
10.9239141000435, 16.7474,10.9737370004877, 17.8467,2,16.68102,3,8.366044,1.055277,51.3245,301
10.9403969002888, 16.6494,10.9903247011825, 14.6888,2,16.68093,3,7.996488,-0.186561,52.4239,301
10.957498899661, 16.8828,11.0073549011722, 18.9428,2,16.6815,3,9.688864,1.030601,50.4633,301
10.9737370004877, 15.7193,11.0257643004879, 16.5826,2,16.67881,3,9.208723,-0.979599,52.5234,301
10.9903247011825, 17.2307,11.0416371012107, 16.4139,2,16.68035,3,7.641161,-0.660839,53.3871,301
11.0073549011722, 16.4119,11.0577639015391, 14.1851,2,16.67961,2,11.6138,1.010021,52.5704,301
11.0257643004879, 17.025,11.0744666019455, 18.8953,2,16.68056,1,8.534999,1.051571,50.3422,301
11.0744666019455, 55.8217,11.0908467015252, 16.7663,2,16.78869,0,9.719739,-0.715099,52.2146,301
11.0744666019455, 0.7468,11.1074561020359, 17.1108,0,16.74449,3,12.16528,0.355231,13.1596,301
11.0744666019455, 1.8436,11.1247749021277, 15.751,1,16.70356,3,8.607629,0.98372,29.5243,301
11.0908467015252, 9.5477,11.1408942015842, 17.649,2,16.68395,3,7.985499,0.123474,43.4317,301
11.1074561020359, 15.3441,11.1577236009762, 15.4231,2,16.68029,3,12.34197,0.538828,51.5332,301
11.1247749021277, 17.6396,11.1747780004516, 18.2388,2,16.68291,3,9.25578,-0.744618,51.5963,301
11.1408942015842, 16.3043,11.1913048001006, 15.1852,2,16.68188,3,8.277626,0.152141,52.2116,301
11.1577236009762, 16.9357,11.2073383005336, 16.832,2,16.68256,3,11.55417,-0.5864,51.0928,301
11.1747780004516, 16.0116,11.2261899998412, 18.3841,2,16.68075,3,8.865718,0.599635,50.9896,301
11.1913048001006, 17.1897,11.2406688993797, 14.6704,2,16.68212,3,9.332759,-0.6784,53.3596,301
11.2073383005336, 15.4005,11.2589695984498, 17.7917,2,16.67868,3,11.4656,-0.523935,50.843,301
11.2261899998412, 17.8613,11.2743419986218, 16.222,2,16.68185,3,10.08916,1.0273,53.2346,301
11.2406688993797, 14.7531,11.2921165991575, 17.0696,2,16.67669,3,8.6465,-0.035498,51.5954,301
11.2589695984498, 18.8356,11.3074387991801, 15.8671,2,16.68245,3,12.10153,-0.393396,53.9118,301
11.2743419986218, 14.7245,11.325659298338, 19.555,2,16.67724,3,10.0673,0.853774,50.9441,301
11.2921165991575, 18.7857,11.3413916984573, 13.6677,2,16.68283,3,7.687798,0.005385,55.7744,301
11.3074387991801, 14.579,11.3578133983538, 18.3492,2,16.67727,3,11.5808,0.016996,50.6565,301
11.325659298338, 19.1913,11.373585597612, 13.742,2,16.6839,3,9.691326,0.739671,54.4248,301
11.3413916984573, 15.0941,11.3906578971073, 18.9982,2,16.67972,3,8.286515,0.124353,48.9778,301
11.3578133983538, 17.2486,11.4073595972732, 14.7556,2,16.68121,3,11.5191,-0.557265,52.8823,301
11.373585597612, 16.2224,11.4243927979842, 18.6353,2,16.68001,3,9.467529,-0.77088,50.3893,301
11.3906578971073, 16.718,11.4412625981495, 15.1731,2,16.68011,3,9.536747,-0.886795,52.8025,301
11.4073595972732, 16.8727,11.4577132975683, 17.3156,2,16.68061,3,11.50346,-0.702374,51.2581,301
11.4243927979842, 17.8044,11.4746875977144, 18.0578,2,16.68353,3,9.60838,-0.788541,51.7014,301
11.4412625981495, 15.1371,11.4904278973117, 15.103,2,16.67952,3,11.56439,0.266658,51.9548,301
11.4577132975683, 15.5159,11.5071532977745, 15.132,2,16.67652,3,12.41427,-0.602243,51.921,301
11.4746875977144, 18.0995,11.5245826980099, 17.8586,2,16.68018,3,10.24254,0.532985,51.5373,301
11.4904278973117, 14.7928,11.541386297904, 18.388,2,16.67533,3,10.14774,-0.842673,51.2967,301
11.5071532977745, 18.265,11.5588617986068, 15.8045,2,16.67941,3,11.56534,-0.517431,54.8917,301
11.5245826980099, 16.7397,11.5756008988246, 17.988,2,16.67956,3,9.920215,0.584908,52.4318,301
11.541386297904, 16.6774,11.5908337989822, 14.8629,2,16.67956,3,8.970273,0.288195,53.6802,301
11.5588617986068, 17.139,11.6076831994578, 17.4359,2,16.68073,3,12.30873,-0.570747,51.866,301
11.5756008988246, 16.7791,11.6252207988873, 15.8447,2,16.68097,3,9.521492,1.661871,52.1561,301
11.5908337989822, 17.2267,11.6413661995903, 16.8051,2,16.68236,3,8.635505,-0.38542,51.2291,301
11.6076831994578, 15.2791,11.6590130003169, 16.8433,2,16.67881,3,10.42055,1.842889,50.8076,301
11.6252207988873, 17.2926,11.6751765003428, 17.036,2,16.68036,3,10.00613,-0.975482,52.3721,301
11.6413661995903, 15.0019,11.6932284003124, 17.1716,2,16.67614,3,7.54402,-0.038253,52.1155,301
11.6590130003169, 18.4069,11.7073090001941, 14.2141,2,16.68048,3,12.16331,0.222947,54.2856,301
11.6751765003428, 15.3615,11.7244188003242, 18.956,2,16.67718,3,7.714582,-0.302853,50.0934,301
11.6932284003124, 17.6026,11.7407991997898, 14.5007,2,16.67949,3,12.42315,0.822873,53.6877,301
11.7073090001941, 16.8287,11.7583246994764, 19.7204,2,16.67986,3,9.244553,-0.804669,50.5849,301
11.7244188003242, 16.9796,11.7741646002978, 13.0149,2,16.6806,3,11.43585,0.514741,53.4782,301
11.7407991997898, 16.5626,11.7911888994277, 19.6754,2,16.68031,2,9.533127,-0.90299,49.5137,301
11.7583246994764, 17.3187,11.807327600196, 14.2358,2,16.68189,3,9.651169,0.194698,52.6269,301
11.7741646002978, 17.2753,11.824510300532, 18.9189,2,16.68335,3,9.416059,-0.799966,49.544,301
11.7911888994277, 15.2843,11.8413676004857, 14.8792,2,16.67991,3,9.98989,0.151224,51.1879,301
11.807327600196, 16.4134,11.8583580013365, 18.6655,2,16.67926,3,10.0453,-0.736238,50.7834,301
11.824510300532, 16.9091,11.8743156008422, 14.4831,2,16.67982,3,10.62867,0.028254,53.0353,301
11.8413676004857, 16.3487,11.8917604014277, 19.1571,2,16.67901,3,10.14748,-0.493654,50.6098,301
11.8583580013365, 16.9983,11.9083078019321, 14.7964,2,16.67979,3,10.72714,-1.539295,53.4184,301
11.8743156008422, 17.0576,11.9254413023591, 18.8251,2,16.68071,3,9.962146,-0.806036,51.2146,301
11.8917604014277, 16.9176,11.9402633020654, 12.4195,2,16.68128,3,11.62025,-0.920409,52.9846,301
11.9083078019321, 16.4529,11.9582580020651, 20.3532,2,16.68073,2,9.954695,0.926018,48.4866,301
11.9254413023591, 16.2835,11.9748506015167, 15.0883,2,16.67977,3,13.50964,-0.825974,52.3873,301
11.9402633020654, 17.4806,11.9917994020507, 19.1619,2,16.6817,3,9.841609,-0.415566,51.1914,301
11.9582580020651, 16.0506,12.0076698018238, 13.6203,2,16.68019,3,12.29478,-1.426344,52.874,301
11.9748506015167, 17.0108,12.0247799018398, 18.992,2,16.68098,3,8.402374,0.207878,50.4439,301
11.9917994020507, 16.6058,12.0415392024443, 15.0517,2,16.6808,3,12.30397,0.735357,52.4251,301
12.0076698018238, 16.2862,12.058420102112, 18.523,2,16.67986,3,9.786244,-0.165105,50.8711,301
12.0247799018398, 17.0285,12.0763769028708, 16.0888,2,16.68069,3,13.24212,-1.125337,53.1084,301
12.0415392024443, 16.4926,12.0925311027095, 17.9061,2,16.68024,3,9.351243,0.741031,52.1691,301
12.058420102112, 16.7093,12.1086440021172, 14.2149,2,16.68031,3,10.0841,-0.232385,53.5825,301
12.0763769028708, 16.6996,12.1255920017138, 18.859,2,16.68035,3,9.699237,-0.020301,51.0884,301
12.0925311027095, 16.8638,12.1417623022571, 14.5288,2,16.68078,3,12.87927,0.392465,53.248,301
12.1086440021172, 16.2674,12.1593445027247, 19.226,2,16.67982,3,8.515885,1.213608,50.9129,301
12.1255920017138, 16.7914,12.1762413019314, 15.0242,2,16.68008,3,11.7924,-0.309631,53.872,301
12.1417623022571, 16.945,12.191654201597, 17.5728,2,16.68069,3,9.259335,-0.10397,52.1051,301
12.1593445027247, 16.8778,12.2085898015648, 15.2592,2,16.68115,3,10.22639,-0.43143,52.7329,301
12.1762413019314, 15.8994,12.2258087024093, 18.6314,2,16.67934,3,7.990431,1.03391,51.1146,301
12.191654201597, 17.0673,12.2422169018537, 14.7541,2,16.68024,3,11.74477,-0.818356,53.8345,301
12.2085898015648, 16.3021,12.2583053018898, 17.8131,2,16.67936,3,9.66543,-0.794322,51.5337,301
12.2258087024093, 17.3375,12.2743034027517, 13.3056,2,16.68088,3,12.28849,0.880391,53.0449,301
12.2422169018537, 15.9596,12.2913599032909, 19.5251,2,16.67922,2,8.388156,-0.776896,48.9899,301
12.2583053018898, 17.1247,12.3088564034551, 15.6451,2,16.68024,3,12.53192,1.314302,52.5793,301
12.2743034027517, 16.9837,12.3264545034617, 19.5384,2,16.68094,3,10.11781,-0.283882,51.0997,301
12.2913599032909, 16.1163,12.3418317036703, 14.0077,2,16.67965,3,9.637496,-0.470794,53.6546,301
12.3088564034551, 16.8858,12.3574516037479, 17.5098,2,16.68012,3,10.7419,-0.871406,51.5462,301
12.3264545034617, 17.7028,12.3764390042052, 17.5513,2,16.68245,3,9.217482,0.817618,52.17,301
12.3418317036703, 15.4735,12.3931264048442, 18.1948,2,16.6797,3,9.651494,-0.896945,52.0193,301
12.3574516037479, 16.8303,12.4086394049227, 13.0041,2,16.68004,3,11.99061,-0.709818,54.7406,301
12.3764390042052, 17.1358,12.4252555053681, 17.4976,2,16.68107,3,10.36538,0.793209,50.9149,301
12.3931264048442, 17.4821,12.4435688052326, 17.2102,2,16.68288,3,9.727145,-0.731025,51.2745,301
12.4086394049227, 15.3472,12.4597246050835, 18.2873,2,16.67987,3,10.05762,-0.636659,50.9878,301
12.4252555053681, 15.6651,12.4761787056923, 14.8612,2,16.67759,3,12.24869,-0.188743,53.9462,301
12.4435688052326, 17.7197,12.4929884057492, 17.849,2,16.67993,3,8.715025,-0.127856,53.1424,301
12.4597246050835, 17.6791,12.508161005564, 14.2202,2,16.68216,3,12.23576,-0.903588,53.272,301
12.4761787056923, 16.0583,12.5266326060519, 19.8344,2,16.68077,3,9.102243,-0.50582,49.8129,301
12.4929884057492, 16.1838,12.5428496068344, 15.0985,2,16.67966,3,10.38456,0.348995,53.5892,301
12.508161005564, 16.5464,12.5599760068581, 19.7705,2,16.67937,3,9.333588,0.22901,52.5042,301
12.5266326060519, 17.4103,12.5747111067176, 11.8914,2,16.68099,3,12.49542,-0.66625,55.7286,301
12.5428496068344, 16.1633,12.591753507033, 18.0829,2,16.67984,3,9.382305,-0.07211,50.2103,301
12.5599760068581, 17.6077,12.6090903077275, 17.7228,2,16.68189,3,11.04849,0.341546,52.1297,301
12.5747111067176, 15.5994,12.6254510078579, 14.6935,2,16.67951,3,8.65925,-0.657219,52.2421,301
12.591753507033, 16.2599,12.6423227079213, 18.0771,2,16.67859,3,12.20761,-0.227884,51.3396,301
12.6090903077275, 17.18,12.6600448079407, 17.3078,2,16.67969,3,9.024154,0.404596,53.1572,301
12.6254510078579, 16.6014,12.6751513080671, 17.5828,2,16.67951,3,8.627019,-0.389124,53.2847,301
12.6423227079213, 16.2732,12.6921432083473, 16.4659,2,16.67863,2,12.29718,0.238967,54.2665,301
12.6600448079407, 17.0743,12.7091864077374, 17.5828,2,16.67949,3,9.441104,0.069261,54.4592,301
12.6751513080671, 23.7444,12.7262117071077, 16.1106,2,16.69485,2,11.13692,-0.735696,54.968,301
12.6921432083473, 11.1346,12.7422894062474, 16.5644,2,16.68279,2,9.518033,-1.146153,47.3318,301
12.7091864077374, 21.4768,12.7601066054776, 16.8447,2,16.69316,3,10.17154,-1.247063,52.7627,301
12.7262117071077, 16.7285,12.7763858055696, 17.5254,2,16.69324,2,8.555996,-0.622073,48.1319,301
12.7422894062474, 9.5239,12.7936063064262, 16.2586,2,16.67779,2,11.94695,-0.102313,48.9279,301
12.7601066054776, 23.6923,12.8089226065204, 16.2328,2,16.69287,2,9.546063,-0.862453,55.6628,301
12.7763858055696, 16.8581,12.8254478061572, 15.5352,2,16.69323,2,12.92857,0.184036,48.2057,301
12.7936063064262, 16.8719,12.8424927061424, 18.1087,2,16.69361,1,9.440613,0.551706,46.8826,301
12.8424927061424, 48.5607,12.8585121063516, 15.6488,2,16.7617,0,11.55735,-0.301795,48.1077,301
12.8424927061424, 1.5942,12.8760463064536, 18.2689,0,16.72936,2,9.613164,-0.652596,15.2084,301
12.8424927061424, 1.1289,12.8927181055769, 17.7668,1,16.69617,2,10.06069,-0.099346,31.8836,301
12.8585121063516, 16.7354,12.9107511052862, 15.7839,2,16.69625,3,8.645495,-0.259296,48.5219,301
12.8760463064536, 16.9227,12.9253582051024, 16.3913,2,16.69673,2,11.7031,0.18132,47.5709,301
12.8927181055769, 11.699,12.9424008047208, 16.432,2,16.68617,2,9.256246,-0.061664,47.0389,301
12.9107511052862, 20.1512,12.9584340052679, 15.5864,2,16.69348,2,10.2988,0.062855,51.7732,301
12.9253582051024, 16.2186,12.9775781044737, 18.8133,2,16.69248,2,9.16848,-0.87392,47.2095,301
12.9424008047208, 16.7254,12.9929848043248, 15.9605,2,16.69255,2,11.11676,-0.504895,49.8041,301
12.9584340052679, 15.1249,13.0110181039199, 17.4825,2,16.68926,2,8.397645,-0.385404,49.0395,301
12.9775781044737, 19.0437,13.0260724043474, 15.236,2,16.69419,2,8.57832,0.329287,51.3971,301
12.9929848043248, 16.8383,13.0431134039536, 15.9594,2,16.69449,1,12.19899,1.077846,47.59,301
13.0431134039536, 49.6439,13.059134404175, 17.188,2,16.76313,0,9.145004,-0.027678,46.7117,301
13.0431134039536, 1.2534,13.0769589049742, 17.071,0,16.73089,2,10.24631,-0.279498,14.2562,301
13.0431134039536, 1.5042,13.0936911040917, 17.101,1,16.6993,2,10.93605,-0.674318,30.0748,301
13.059134404175, 12.6241,13.1104957042262, 16.538,2,16.69086,2,7.604878,-0.338111,45.6711,301
13.0769589049742, 20.3347,13.1252682041377, 15.6816,2,16.69839,2,8.831898,0.345587,49.5851,301
13.0936911040917, 18.5951,13.1435694042593, 17.5975,2,16.7023,2,11.52882,-0.302015,44.9331,301
13.1104957042262, 12.282,13.1598298046738, 16.0561,2,16.6932,2,9.360311,-0.585369,43.9356,301
13.1252682041377, 15.1057,13.1769382040948, 17.7364,2,16.68994,2,9.079013,-1.034023,47.7101,301
13.1435694042593, 18.7488,13.1924104038626, 14.8984,2,16.69416,2,10.98221,-0.925241,50.3416,301
13.1598298046738, 17.0604,13.20946290344, 17.6708,2,16.69491,2,8.753769,-0.569759,46.484,301
13.1769382040948, 16.2759,13.2274814043194, 17.3331,2,16.69406,2,11.80662,-0.062606,47.1021,301
13.1924104038626, 15.123,13.2429953040555, 16.2232,2,16.69086,2,9.944041,-0.631649,48.1605,301
13.20946290344, 17.4745,13.2600558036938, 16.4104,2,16.69245,2,12.44216,-0.621071,49.2608,301
13.2274814043194, 17.1022,13.2770820045844, 17.3369,2,16.69328,2,10.64291,0.214807,48.1972,301
13.2429953040555, 16.3749,13.2925981050357, 15.1336,2,16.69263,2,11.74635,-0.085666,48.4314,301
13.2600558036938, 15.9386,13.3096889043227, 18.2869,2,16.69111,2,9.768271,-1.289316,47.1917,301
13.2770820045844, 19.4501,13.3261672044173, 15.3216,2,16.69667,2,12.18909,-0.827406,49.5404,301
13.2925981050357, 12.981,13.3432067045942, 17.6707,2,16.6892,2,9.089766,0.009904,45.4118,301
13.3096889043227, 20.3582,13.3602665038779, 16.7182,2,16.69657,2,10.87802,-0.1637,50.1018,301
13.3261672044173, 13.8086,13.3772808043286, 17.3024,2,16.69078,3,10.61461,-0.005904,46.4599,301
13.3432067045942, 17.3165,13.3948318036273, 18.1114,2,16.69203,2,12.4176,-0.624086,49.9564,301
13.3602665038779, 11.3064,13.4108339035884, 14.9167,2,16.68128,3,9.2139,-0.125668,50.7519,301
13.3772808043286, 22.503,13.4263639040291, 16.1092,2,16.69288,3,11.7422,-0.249463,54.3637,301
13.3948318036273, 14.6177,13.4433982037008, 16.5093,2,16.68875,2,9.419286,-1.114158,47.9697,301
13.4108339035884, 13.3196,13.4594549033791, 16.2043,2,16.68207,3,12.26547,1.444344,49.8617,301
13.4263639040291, 21.7261,13.477464903146, 17.6471,2,16.69205,2,9.706063,0.063735,52.7459,301
13.4433982037008, 10.6906,13.4950287025422, 18.5945,2,16.68019,2,11.96936,0.380774,48.6684,301
13.4594549033791, 22.9487,13.5110698025674, 15.1993,2,16.69256,3,10.25726,-0.448704,56.5729,301
13.477464903146, 16.4414,13.5270840022713, 16.6768,2,16.69206,3,8.603465,-1.257378,48.8246,301
13.4950287025422, 11.8425,13.5431261025369, 15.346,2,16.68254,2,9.163126,-1.317052,49.0598,301
13.5110698025674, 16.4248,13.5601716022938, 17.7113,2,16.68203,3,10.2313,0.234996,52.5639,301
13.5270840022713, 23.2219,13.5771706029773, 16.97,2,16.69483,2,9.758778,-0.354211,53.8504,301
13.5431261025369, 8.8115,13.5949088037014, 16.9385,2,16.67943,2,12.93155,-1.326405,47.5988,301
13.5601716022938, 27.2312,13.6118002030998, 18.4754,2,16.7,2,11.2384,0.101701,55.7239,301
13.5771706029773, 12.6228,13.6262740027159, 12.9511,2,16.69207,3,10.37731,-0.401749,46.9624,301
13.5949088037014, 17.3519,13.6438378021121, 18.9369,2,16.69335,3,9.905605,-0.335659,47.3119,301
13.6118002030998, 10.8271,13.6607086025178, 14.8536,2,16.68198,3,13.3181,-1.234889,48.8973,301
13.6262740027159, 14.3301,13.6761778024957, 13.6354,2,16.67743,2,9.270649,1.212866,52.9248,301
13.6438378021121, 17.6704,13.6951268026605, 18.5078,2,16.67935,2,10.97246,0.641256,52.2296,301
13.6607086025178, 24.2542,13.7102953027934, 16.0697,2,16.69394,3,9.691789,-0.093094,53.0681,301
13.6761778024957, 11.1802,13.7263364028186, 14.6807,2,16.68334,3,12.05053,0.001142,44.8882,301
13.6951268026605, 13.7008,13.7438771035522, 18.5795,2,16.67761,2,8.178644,0.455612,48.3888,301
13.7102953027934, 16.4807,13.7606621030718, 15.8393,2,16.67724,3,10.06519,0.1821,53.2685,301
13.7263364028186, 20.6112,13.7770469039679, 17.6817,2,16.68476,2,10.00426,-0.554307,52.6253,301
13.7438771035522, 12.1819,13.7936046030372, 19.2426,2,16.67617,2,8.845688,0.36937,49.6991,301
13.7770469039679, 32.9011,13.8101671021432, 17.2377,2,16.70707,3,9.4594,0.721563,56.7598,301
13.7770469039679, 5.7195,13.8272351026535, 17.1031,1,16.68618,3,8.715107,-0.74093,41.0956,301
13.7936046030372, 17.3754,13.8432457018644, 12.5973,2,16.68749,3,9.91443,-0.535042,52.4807,301
13.8101671021432, 12.5107,13.8609180022031, 17.8644,2,16.67958,3,10.26614,0.354131,47.7034,301
13.8272351026535, 16.6799,13.877896502614, 17.8037,2,16.67958,2,8.56153,0.257011,53.0571,301
13.8432457018644, 16.0773,13.894533501938, 16.9754,2,16.67844,3,11.31294,0.105329,54.181,301
13.8609180022031, 20.7374,13.9105391018093, 14.0921,2,16.68609,3,9.871069,-0.338772,55.0545,301
13.877896502614, 15.4346,13.9277104008943, 18.1513,2,16.68373,3,10.16059,0.019531,48.4319,301
13.894533501938, 15.6841,13.9437941014767, 16.5045,2,16.68186,3,9.098671,0.266322,51.1515,301
13.9105391018093, 15.2493,13.960919002071, 16.6312,2,16.67918,3,10.46847,-0.214623,51.9726,301
13.9277104008943, 16.9478,13.9779832027853, 18.0244,2,16.67968,2,9.645669,0.441028,53.3543,301
13.9437941014767, 17.1886,13.9931403025985, 14.6512,2,16.68063,3,10.24648,0.007162,54.4312,301
13.960919002071, 22.3851,14.010211803019, 17.1059,2,16.69125,2,8.712823,-0.03601,51.8942,301
13.9779832027853, 11.2144,14.0273113027215, 17.9317,2,16.68107,3,10.74707,-0.954421,46.6154,301
13.9931403025985, 26.9879,14.044271402061, 15.7619,2,16.70019,3,8.796938,0.378597,53.3334,301
14.010211803019, 5.7093,14.0614989027381, 18.2134,2,16.67984,3,10.65991,-1.11597,42.1073,301
14.0273113027215, 17.3621,14.0776102021337, 14.8635,2,16.6811,3,9.497321,-1.022628,54.6116,301
14.044271402061, 16.7948,14.0944565013051, 18.0607,2,16.68131,3,11.5247,0.460489,52.1137,301
14.0614989027381, 17.1795,14.1102193016559, 14.4505,2,16.68223,3,8.90387,-0.828713,53.3791,301
14.0776102021337, 15.8631,14.1274842023849, 17.8412,2,16.68072,3,11.82613,-0.172695,50.6519,301
14.0944565013051, 18.8841,14.1449474021792, 18.2684,2,16.68476,3,10.16951,0.211104,52.6303,301
14.1102193016559, 14.6148,14.1611212026328, 14.177,2,16.68097,3,9.981913,-1.659131,51.9876,301
14.1274842023849, 15.2695,14.1762477029115, 17.109,2,16.67839,3,10.0998,0.680434,51.5775,301
14.1449474021792, 18.8594,14.1934867035598, 15.4303,2,16.68237,3,10.5776,-0.653041,53.4166,301
14.1611212026328, 15.0842,14.2113170027733, 19.9255,2,16.67946,3,8.952331,0.000784,49.9879,301
14.1762477029115, 16.4902,14.2279765028507, 14.7642,2,16.67912,3,13.26447,0.253266,54.8297,301
14.1934867035598, 16.9583,14.2447221037, 17.3549,2,16.67962,3,8.980541,0.037319,53.1039,301
14.2113170027733, 18.0239,14.2606270033866, 17.2893,2,16.68206,3,12.33402,0.439464,53.5002,301
14.2279765028507, 15.462,14.2782859038562, 15.9637,2,16.67985,3,9.233834,-1.064681,52.7669,301
14.2447221037, 16.4014,14.293644904159, 16.5448,2,16.67935,3,10.31178,-0.008059,53.2685,301
14.2606270033866, 17.5669,14.3102597044781, 15.2706,2,16.68095,3,9.251236,0.037183,53.412,301
14.2782859038562, 16.4869,14.3281411053613, 19.1813,2,16.6806,3,9.980281,0.04503,51.1162,301
14.293644904159, 16.8999,14.3438019054011, 14.1184,2,16.681,3,10.47086,0.165979,53.8107,301
14.3102597044781, 16.8673,14.3607269050553, 17.5559,2,16.68133,3,10.57012,-0.062865,51.0293,301
14.3281411053613, 17.0434,14.3781694052741, 18.7783,2,16.68198,3,9.34107,-0.556932,51.7177,301
14.3438019054011, 16.2396,14.3941797045991, 15.015,2,16.68119,3,10.29642,1.111873,53.4533,301
14.3607269050553, 15.1721,14.4115355042741, 18.2847,2,16.6785,3,8.480165,-0.775802,52.2291,301
14.3781694052741, 18.5128,14.4274287046865, 14.9044,2,16.68176,3,10.33643,-0.121559,55.3418,301
14.3941797045991, 15.494,14.4444854045287, 17.6773,2,16.67965,3,10.00513,0.166544,51.7336,301
14.4115355042741, 18.0059,14.4606948038563, 14.6392,2,16.682,3,9.508202,-0.193665,53.9169,301
14.4274287046865, 14.9412,14.4772471031174, 18.6293,2,16.67892,3,10.14886,0.346102,50.5506,301
14.4444854045287, 17.6576,14.4944654023275, 15.4538,2,16.68065,3,10.82626,0.775562,54.2388,301
14.4606948038563, 15.7973,14.5107744028792, 16.0528,2,16.67909,3,9.202465,-0.247956,52.0353,301
14.4772471031174, 17.2857,14.5275196032599, 18.4813,2,16.68016,3,10.8299,0.211677,52.2913,301
14.4944654023275, 16.4067,14.5446676025167, 15.717,2,16.67968,3,9.137138,-0.196769,53.4709,301
14.5107744028792, 16.2473,14.5612381016836, 17.0843,2,16.67892,3,9.674556,0.48626,52.7772,301
14.5275196032599, 17.3617,14.5789932021871, 15.6416,2,16.68012,2,9.216523,-1.472432,53.6345,301
14.5446676025167, 16.598,14.5946466019377, 17.4206,2,16.67997,1,10.18017,0.170758,51.8991,301
14.5946466019377, 55.2761,14.6112848026678, 16.7128,2,16.74733,0,9.29064,0.268238,52.7376,301
14.5946466019377, 0.6792,14.6292571024969, 17.7407,0,16.71934,2,9.953032,-0.014447,14.1752,301
14.5946466019377, 1.8704,14.6444075023755, 13.5938,1,16.69351,1,10.81704,0.126426,31.2374,301
14.6444075023755, 47.9293,14.6613304028288, 18.227,2,16.74774,0,10.52546,-0.383063,42.9614,301
14.6444075023755, 1.9005,14.6774974027649, 17.6887,0,16.72201,3,9.241147,-0.003015,13.2585,301
14.6444075023755, 0.6466,14.6943662026897, 15.3456,1,16.6942,3,10.72167,-1.413219,29.0476,301
14.6613304028288, 7.6404,14.7112911017612, 17.4145,2,16.67856,3,9.877063,0.565299,43.7473,301
14.6774974027649, 17.7191,14.7274019019678, 17.0055,2,16.68036,3,9.696415,-0.359693,53.5037,301
14.6943662026897, 17.668,14.744501802139, 15.6562,2,16.68206,3,9.981119,0.122806,52.8076,301
14.7112911017612, 14.6443,14.7622081013396, 19.1976,2,16.67855,3,10.3277,-0.876456,50.7963,301
14.7274019019678, 18.302,14.7783031007275, 14.348,2,16.68134,3,9.440893,-0.057763,55.3497,301
14.744501802139, 16.7308,14.7945566000417, 17.8949,2,16.68142,3,8.998894,-0.32398,51.396,301
14.7622081013396, 17.2039,14.8111836994067, 15.2556,2,16.68232,3,9.686256,0.587805,52.5602,301
14.7783031007275, 15.8685,14.8286245996132, 18.042,2,16.68093,3,9.924263,0.414263,50.6122,301
14.7945566000417, 16.6199,14.8451040992513, 17.527,2,16.68082,3,9.89288,-0.19256,52.7859,301
14.8111836994067, 16.6098,14.8604635996744, 13.6587,2,16.6807,3,9.501395,-1.461654,53.6932,301
14.8286245996132, 15.5754,14.8773719994351, 18.065,2,16.67883,3,10.22884,-0.150201,50.7421,301
14.8451040992513, 18.1909,14.8950428990647, 16.4497,2,16.68139,3,8.73336,0.064309,53.2318,301
14.8604635996744, 16.6215,14.9113839985803, 17.5946,2,16.68129,3,10.91935,0.14374,51.4912,301
14.8773719994351, 15.779,14.9283063979819, 15.6314,2,16.67977,3,10.4944,-0.185289,52.4639,301
14.8950428990647, 17.3761,14.9444455979392, 17.6931,2,16.68094,3,10.78429,-0.106751,52.317,301
14.9113839985803, 16.168,14.9604033986107, 14.3757,2,16.68007,3,9.16606,-0.371023,52.6346,301
14.9283063979819, 17.2328,14.9786225995049, 18.1543,2,16.681,3,10.37969,-0.020441,50.842,301
14.9444455979392, 15.9962,14.9947605999187, 17.4768,2,16.67986,3,9.290051,-0.050461,51.7636,301
14.9604033986107, 16.794,15.0114366998896, 15.7004,2,16.68005,3,10.56102,0.488935,53.2447,301
14.9786225995049, 16.5911,15.0273951003328, 17.5278,2,16.6799,3,9.630741,0.457128,52.1517,301
14.9947605999187, 16.8524,15.0464762011543, 17.5148,2,16.68019,3,10.47546,-0.857094,53.0883,301
15.0114366998896, 16.1147,15.0616475008428, 14.9144,2,16.67924,3,9.354265,0.068856,53.7513,301
15.0273951003328, 17.0569,15.0785459000617, 18.1639,2,16.67987,3,10.09287,0.609746,52.5511,301
15.0464762011543, 16.3491,15.0953852999955, 15.6739,2,16.67932,3,8.889894,-0.130091,53.652,301
15.0616475008428, 17.2951,15.1114911008626, 17.0663,2,16.68034,3,11.45264,0.312525,52.9836,301
15.0785459000617, 16.7105,15.12866150029, 16.1151,2,16.68039,3,9.231254,0.514975,52.7548,301
15.0953852999955, 16.5486,15.1448178999126, 17.4935,2,16.68018,3,9.920991,0.326255,52.1598,301
15.1114911008626, 16.0191,15.1614629998803, 15.3928,2,16.67908,3,9.520475,0.940222,53.1049,301
15.12866150029, 17.0834,15.1790068000555, 19.3156,2,16.67975,3,10.01762,-0.200746,52.4791,301
15.1448178999126, 16.7673,15.1945500001311, 13.7771,2,16.6799,3,8.948145,-0.222543,54.7112,301
15.1614629998803, 16.6721,15.2113892994821, 18.39,2,16.67988,3,10.10478,-0.303456,51.7214,301
15.1790068000555, 17.7364,15.2286587003618, 15.9585,2,16.68161,3,8.227046,-0.496838,53.4394,301
15.1945500001311, 16.5586,15.2445847000927, 16.2505,2,16.68141,3,10.84274,-0.98952,51.6613,301
15.2113892994821, 15.5089,15.2629543002695, 17.6813,2,16.6795,3,9.754456,-0.274641,51.3533,301
15.2286587003618, 17.5178,15.278810299933, 15.6189,2,16.68086,3,10.75664,-0.614189,53.5267,301
15.2445847000927, 14.7675,15.2945560999215, 17.7261,2,16.67775,3,10.41182,0.221869,51.6277,301
15.2629543002695, 18.5634,15.3117104005069, 15.1904,2,16.68081,3,11.78274,0.225082,54.5867,301
15.278810299933, 15.7489,15.328743500635, 18.9271,2,16.6793,3,9.836489,-0.703797,51.2143,301
15.2945560999215, 17.3602,15.3454210013151, 14.808,2,16.6804,3,10.91743,0.213365,54.3921,301
15.3117104005069, 16.3503,15.3623412009329, 18.5992,2,16.67987,3,9.697918,-0.294881,51.8405,301
15.328743500635, 17.3004,15.3782897014171, 14.3177,2,16.68087,3,8.739397,-1.254974,54.0897,301
15.3454210013151, 16.0303,15.3951457012445, 18.7113,2,16.67982,3,10.73263,0.14039,51.1072,301
15.3623412009329, 17.6073,15.4126159008592, 16.2367,2,16.68132,3,8.721581,-0.91315,53.7883,301
15.3782897014171, 15.5192,15.4286080002785, 17.2444,2,16.67945,3,10.92817,-0.165535,52.4178,301
15.3951457012445, 17.6949,15.446196500212, 15.8741,2,16.68108,3,10.04611,-0.992914,54.1433,301
15.4126159008592, 16.5138,15.4627046007663, 18.0982,2,16.68081,3,10.84245,-0.39631,52.3186,301
15.4286080002785, 17.5215,15.4801775012165, 15.8137,2,16.68216,3,10.01894,0.326917,53.9071,301
15.446196500212, 15.8261,15.4946733014658, 16.0474,2,16.68079,3,10.82301,-1.043652,52.1996,301
15.4627046007663, 17.4113,15.5141883017495, 18.8766,2,16.68195,3,10.05691,-0.185872,52.4206,301
15.4801775012165, 16.0153,15.5288867019117, 15.1628,2,16.68089,3,11.15158,-0.024398,53.8863,301
15.4946733014658, 16.3812,15.5469114016742, 17.0724,2,16.68042,3,8.726952,0.686492,53.0339,301
15.5141883017495, 17.5054,15.5623313020915, 16.2063,2,16.68172,3,11.76177,-0.786112,53.7257,301
15.5288867019117, 16.1618,15.5787553023547, 15.4165,2,16.6809,3,9.267398,0.990151,52.4262,301
15.5469114016742, 17.1189,15.5950793027878, 17.4901,2,16.68159,3,10.42441,0.525311,51.682,301
15.5623313020915, 15.7867,15.6122664026916, 16.3236,2,16.68018,3,8.210412,0.270835,52.0508,301
15.5787553023547, 17.2891,15.6286671031266, 17.4485,2,16.68114,3,11.65275,0.218433,52.5906,301
15.5950793027878, 15.6081,15.6466345023364, 16.8944,2,16.67945,3,8.044689,0.010332,52.7497,301
15.6122664026916, 17.4737,15.6615270022303, 15.8762,2,16.6807,3,10.16897,0.105625,54.036,301
15.6286671031266, 16.4214,15.678777301684, 16.1241,2,16.68029,3,8.265367,-0.180149,52.4389,301
15.6466345023364, 17.5916,15.6944494023919, 16.9518,2,16.68172,3,10.70747,-0.327015,52.1418,301
15.6615270022303, 15.8231,15.7117475029081, 16.083,2,16.68038,3,9.135575,0.209992,51.5023,301
15.678777301684, 17.2351,15.7285095024854, 17.792,2,16.68124,3,10.59185,-0.230051,51.763,301
15.6944494023919, 16.1261,15.7469266019762, 17.1202,2,16.68038,3,9.002715,-0.298744,52.3202,301
15.7117475029081, 17.0898,15.7624111017212, 16.5606,2,16.68102,3,11.14881,0.853833,53.3145,301
15.7285095024854, 16.2958,15.7787294024602, 15.3491,2,16.68042,3,8.671951,-0.535774,52.7853,301
15.7469266019762, 17.2618,15.7957990029827, 18.2203,2,16.68132,3,10.67824,-0.133049,51.8392,301
15.7624111017212, 16.0165,15.8128146035597, 16.1543,2,16.68029,3,9.156067,-0.693906,52.7974,301
15.7787294024602, 17.3815,15.8297494044527, 17.9327,2,16.68137,3,9.435374,-0.299479,52.9276,301
15.7957990029827, 16.1594,15.8458256041631, 14.981,2,16.68057,3,9.547249,0.064529,53.487,301
15.8128146035597, 16.9421,15.8626649035141, 17.0363,2,16.68097,3,10.62921,-0.523608,52.3088,301
15.8297494044527, 17.0232,15.8792932042852, 16.5329,2,16.6815,2,9.322879,-0.710532,52.4033,301
15.8458256041631, 16.9215,15.8953611040488, 14.5192,2,16.68187,1,10.61947,-0.323367,51.9134,301
15.8953611040488, 54.5419,15.9127745041624, 18.4499,2,16.74002,0,8.823808,-0.754068,49.511,301
15.8953611040488, 1.7985,15.9289896050468, 17.5405,0,16.71711,3,11.21103,-0.836281,13.4199,301
15.8953611040488, 1.5039,15.945533704944, 15.7254,1,16.69381,3,9.707067,-0.481731,29.163,301
15.9127745041624, 7.2151,15.9627625057474, 18.081,2,16.67932,3,10.59477,1.198764,43.3851,301
15.9289896050468, 17.149,15.9793193051592, 15.4008,2,16.68003,3,9.427981,0.438002,54.2263,301
15.945533704944, 17.2324,15.9955948060378, 16.8822,2,16.68088,3,11.42713,-0.14046,52.5022,301
15.9627625057474, 16.571,16.0124370055273, 15.425,2,16.68071,2,9.162536,-0.079122,52.1515,301
15.9793193051592, 16.6197,16.0297771049663, 18.6732,2,16.68062,1,9.256798,-0.384284,51.006,301
16.0297771049663, 56.0461,16.0456832041964, 16.2593,2,16.74035,0,9.52826,-0.449336,53.0596,301
16.0297771049663, 0.5226,16.0636401036754, 17.033,0,16.71578,3,12.02932,0.086773,13.2736,301
16.0297771049663, 1.6457,16.0788299040869, 16.4391,1,16.69298,3,9.808584,-0.390332,29.7893,301
16.0456832041964, 7.8341,16.0962618039921, 16.1075,2,16.6796,3,9.727436,-0.248908,44.5833,301
16.0636401036754, 17.2908,16.112543203868, 16.9114,2,16.68052,3,9.296827,0.115828,52.8523,301
16.0788299040869, 16.0723,16.1301018046215, 18.5337,2,16.6796,3,10.23003,-0.027523,52.4566,301
16.0962618039921, 17.3836,16.1457648044452, 13.7997,2,16.68066,3,9.263808,-0.692546,54.9376,301
16.112543203868, 15.284,16.1624941052869, 18.3813,2,16.67857,3,10.52347,-0.116423,51.3545,301
16.1301018046215, 19.1091,16.1786827044562, 14.473,2,16.68221,3,8.966023,-0.719371,54.452,301
16.1457648044452, 15.1657,16.1959365038201, 19.3078,2,16.67994,3,10.46435,-0.685662,49.8159,301
16.1624941052869, 17.1606,16.2132835043594, 15.9833,2,16.68066,3,10.31072,-0.43031,53.9579,301
16.1786827044562, 15.666,16.2300107041374, 18.1393,2,16.67914,3,8.608171,-0.904551,52.7811,301
16.1959365038201, 18.0217,16.2471563043073, 15.3438,2,16.68114,3,10.61596,-0.706684,55.2548,301
16.2132835043594, 15.2754,16.2632414037362, 18.1343,2,16.67905,3,9.50751,-0.520952,52.5773,301
16.2300107041374, 18.7229,16.2803605040535, 14.9319,2,16.68209,3,9.962851,-0.078653,55.4359,301
16.2471563043073, 15.0723,16.2971655046567, 17.6536,2,16.6797,3,9.575684,-0.35967,51.6453,301
16.2632414037362, 16.5172,16.312769504264, 16.4395,2,16.67946,3,10.38525,-1.257381,54.2269,301
16.2803605040535, 16.7688,16.3307387046516, 17.2362,2,16.67959,3,7.516253,-0.84399,54.1496,301
16.2971655046567, 17.0977,16.3456983044744, 15.6189,2,16.68021,3,10.52737,-0.834399,54.6168,301
16.312769504264, 17.0607,16.3634700048715, 16.4604,2,16.68077,3,8.861081,-0.478809,53.1386,301
16.3307387046516, 16.1423,16.3798102047294, 17.059,2,16.67998,3,11.80029,-0.296638,52.5386,301
16.3456983044744, 16.6315,16.3957274053246, 15.399,2,16.67991,3,9.480499,-0.535461,53.4551,301
16.3634700048715, 16.6209,16.4128015059978, 17.8685,2,16.67982,3,11.40831,-0.233277,52.2233,301
16.3798102047294, 17.1799,16.4294879063964, 15.382,2,16.68055,3,9.456938,-1.172961,53.4319,301
16.3957274053246, 16.3035,16.4465964064002, 18.5269,2,16.68,3,10.96376,-1.126193,51.6729,301
16.4128015059978, 16.5134,16.463231805712, 15.3981,2,16.67976,3,10.32458,-0.341901,53.8966,301
16.4294879063964, 17.5917,16.4808300063014, 18.8557,2,16.68109,3,8.944361,-0.227763,52.7817,301
16.4465964064002, 16.3619,16.4966886062175, 14.6111,2,16.68062,3,10.51879,0.557981,54.0463,301
16.463231805712, 15.9115,16.5131254065782, 17.8289,2,16.6795,3,12.0681,0.503656,52.2953,301
16.4808300063014, 18.2283,16.5296468064189, 15.4514,2,16.68176,3,10.88876,-0.839319,54.213,301
16.4966886062175, 15.5187,16.54681590572, 18.0151,2,16.68007,3,9.176719,-0.660776,51.4361,301
16.5131254065782, 17.3066,16.5629925057292, 16.9928,2,16.68097,3,10.05794,0.232711,53.9332,301
16.5296468064189, 15.7982,16.5793397054076, 14.383,2,16.6797,3,8.749919,-0.291948,53.6198,301
16.54681590572, 17.4966,16.5967185050249, 19.2381,2,16.68088,3,10.56478,-0.83789,52.2044,301
16.5629925057292, 15.8888,16.612665405497, 14.141,2,16.67974,3,9.812789,0.15783,53.9465,301
16.5793397054076, 16.934,16.6295580063015, 18.4966,2,16.6801,3,10.64915,-0.033652,52.1987,301
16.5967185050249, 17.838,16.6466945055872, 15.5783,2,16.68177,3,10.52179,-1.062142,53.7615,301
16.612665405497, 15.1789,16.6629042048007, 17.2444,2,16.67961,3,10.35857,-0.664403,51.5026,301
16.6295580063015, 17.7761,16.6796100046486, 15.5731,2,16.68118,3,10.00095,-0.984408,53.5677,301
16.6466945055872, 16.0405,16.6966071054339, 18.1294,2,16.68026,3,9.510242,-0.138621,51.3654,301
16.6629042048007, 16.442,16.7129161059856, 15.7132,2,16.67992,3,11.9766,-0.97871,53.4541,301
16.6796100046486, 16.8251,16.7291149068624, 16.1863,2,16.68013,3,9.697608,-0.622799,52.7253,301
16.6966071054339, 17.0088,16.7493360061198, 19.4001,2,16.6806,3,11.88192,-1.148612,52.087,301
16.7129161059856, 15.9932,16.7638985058293, 15.3253,2,16.67962,3,8.84031,-0.670572,54.4783,301
16.7291149068624, 15.3693,16.7817168058828, 17.1376,2,16.67776,3,12.5126,-0.505194,53.8106,301
16.7493360061198, 19.5888,16.7966561056674, 14.8751,2,16.68189,3,9.513512,-0.189708,55.5794,301
16.7638985058293, 15.1672,16.8132769055665, 18.8151,2,16.67974,3,11.95767,-0.905399,50.866,301
16.7817168058828, 17.5254,16.8295225054026, 14.0511,2,16.68094,3,9.718394,-0.150307,54.5139,301
16.7966561056674, 16.1104,16.8465864062309, 18.7586,2,16.68013,3,11.52041,-0.272189,51.0401,301
16.8132769055665, 17.157,16.8632245063782, 15.0482,2,16.68081,3,9.533499,0.172581,53.6885,301
16.8295225054026, 16.0652,16.8801891058683, 18.431,2,16.67994,3,11.73331,-1.720592,51.5802,301
16.8465864062309, 17.2919,16.8964645061642, 14.6844,2,16.6808,3,9.251089,-0.370465,53.9457,301
16.8632245063782, 15.6108,16.9138563070446, 19.0481,2,16.6793,3,11.14272,-0.45525,51.3385,301
16.8801891058683, 17.9082,16.9314886070788, 16.7171,2,16.68102,3,8.996792,-0.199726,54.7757,301
16.8964645061642, 15.1281,16.9477925077081, 16.3907,2,16.67884,3,13.25566,-1.031122,53.5855,301
16.9138563070446, 18.8166,16.9639329072088, 14.5055,2,16.68184,2,9.58525,-0.579779,54.8486,301
16.9314886070788, 15.4841,16.9800566080958, 18.1263,2,16.68016,1,11.17713,-0.505264,50.5371,301
16.9800566080958, 53.7309,16.9966525081545, 17.0246,2,16.73191,0,8.694422,-0.332903,53.1794,301
16.9800566080958, 1.9776,17.0122960079461, 16.4036,0,16.71133,3,11.75888,0.973889,16.4743,301
16.9800566080958, 1.4789,17.0298854075372, 14.5421,1,16.69012,3,9.445064,0.451336,30.901,301
16.9966525081545, 9.8247,17.0465297084302, 18.4768,2,16.68057,2,11.0745,-0.126149,43.965,301
17.0122960079461, 15.994,17.0638319086283, 16.9338,2,16.67961,1,9.232711,0.143436,52.6079,301
17.0638319086283, 54.1939,17.0802037082613, 17.2603,2,16.73165,0,9.827064,-0.36264,53.5565,301
17.0638319086283, 2.1703,17.0966615080833, 15.2247,0,16.71148,3,8.599349,0.529465,16.623,301
17.0638319086283, 2.3225,17.1128948088735, 17.8275,1,16.69157,3,11.06666,0.763711,29.6788,301
17.0802037082613, 8.9327,17.1303281094879, 15.8296,2,16.68086,3,8.88614,-0.514225,45.1839,301
17.0966615080833, 16.5076,17.1467211097479, 18.0961,2,16.68062,3,11.03983,-0.258461,52.0803,301
17.1128948088735, 16.4621,17.1637420095503, 15.428,2,16.68032,3,8.495689,0.221378,53.6688,301
17.1303281094879, 16.1608,17.1794239096344, 17.1528,2,16.6796,3,10.15112,-0.064603,52.6351,301
17.1467211097479, 17.8135,17.1963475104421, 15.6862,2,16.68116,3,9.257961,-0.660922,53.6026,301
17.1637420095503, 15.7109,17.2129416111857, 18.1405,2,16.67983,3,10.67852,-1.301465,51.4999,301
17.1794239096344, 16.6864,17.2301894109696, 15.3927,2,16.67984,3,8.725403,-0.935508,53.9084,301
17.1963475104421, 16.9373,17.2472662106156, 18.3579,2,16.68019,3,10.65132,-0.159455,52.6363,301
17.2129416111857, 16.3565,17.2635876107961, 15.4178,2,16.67975,3,9.519365,0.793327,54.0571,301
17.2301894109696, 16.993,17.2802534103394, 17.9055,2,16.68018,3,12.89621,-0.51642,53.1188,301
17.2472662106156, 17.7983,17.2974127102643, 15.7783,2,16.6817,3,10.04496,-1.61572,54.0306,301
17.2635876107961, 15.47,17.3136702105403, 17.4727,2,16.68005,3,11.09057,0.745639,52.0119,301
17.2802534103394, 17.3521,17.3301748111844, 15.1473,2,16.68097,3,8.23052,0.697767,54.0143,301
17.2974127102643, 16.3722,17.3473237119615, 17.7569,2,16.68055,3,10.90352,-0.424314,51.8029,301
17.3136702105403, 17.1991,17.3638230115175, 17.2888,2,16.68125,3,10.04686,-0.474286,53.1951,301
17.3301748111844, 15.9126,17.3812037110329, 17.6873,2,16.68021,3,9.202433,-0.811578,53.2688,301
17.3473237119615, 16.3842,17.397256411612, 15.9277,2,16.67981,3,7.692214,0.661594,55.0598,301
17.3638230115175, 17.6597,17.4138175118715, 14.9607,2,16.68113,3,11.36939,0.46703,54.6035,301
17.3812037110329, 16.5269,17.4310044124722, 17.5672,2,16.68092,3,10.55158,0.539059,51.9054,301
17.397256411612, 17.5045,17.4475501123816, 17.5258,2,16.68203,3,10.02601,-0.947605,52.9282,301
17.4138175118715, 14.8128,17.4632263127714, 14.2402,2,16.67952,3,8.41787,0.767427,52.9672,301
17.4310044124722, 16.8323,17.4804179128259, 18.5281,2,16.67972,3,10.24134,0.311038,52.3946,301
17.4475501123816, 18.2125,17.497697012499, 16.0628,2,16.68178,3,9.069405,0.778494,54.0906,301
17.4632263127714, 15.2658,17.5141330119222, 17.9704,2,16.67988,3,11.53067,-1.164398,51.9408,301
17.4804179128259, 17.3661,17.5311172120273, 15.4772,2,16.6808,3,8.376962,-0.766105,54.6459,301
17.497697012499, 16.1442,17.5474115125835, 17.5999,2,16.68008,3,9.960006,-0.11459,52.7576,301
17.5141330119222, 17.7838,17.5672210119665, 16.8972,2,16.68156,3,6.867698,-0.396775,54.2127,301
17.5311172120273, 15.5865,17.5792511124164, 15.1176,2,16.6801,3,11.6602,-0.272889,53.3269,301
17.5474115125835, 17.6243,17.5974747128785, 16.8161,2,16.68135,3,10.25759,0.824585,52.8576,301
17.5474115125835, 13.682,17.6143409125507, 17.4314,2,16.67737,3,9.214875,-0.827303,52.0504,301
17.5792511124164, 18.193,17.6311748120934, 17.3212,3,16.67938,3,11.20449,-0.456891,55.7997,301
17.5974747128785, 16.7181,17.6472462117672, 14.7664,2,16.67943,3,9.804415,-0.090277,54.9277,301
17.6143409125507, 16.7513,17.6637378111482, 17.7152,2,16.67953,3,9.165803,0.250937,52.9762,301
17.6311748120934, 18.3923,17.6808647103608, 16.0208,2,16.68179,3,8.269191,-0.370125,53.9406,301
17.6472462117672, 15.1408,17.6977139096707, 18.4637,2,16.67976,3,8.483177,-0.016912,51.5693,301
17.6637378111482, 17.2569,17.7135691102594, 14.0118,2,16.68052,3,7.586263,0.370401,54.892,301
17.6808647103608, 15.9269,17.7310086097568, 18.1004,2,16.67953,3,8.160425,0.177229,51.6479,301
17.6977139096707, 18.6115,17.7475593090057, 17.7572,2,16.68206,3,8.281012,-0.475398,53.821,301
17.7135691102594, 14.7982,17.7637030091137, 14.7931,2,16.67959,3,8.113199,-0.648708,52.9672,301
17.7310086097568, 16.4841,17.7805860098451, 18.1255,2,16.67933,3,7.283471,-0.303718,52.9443,301
17.7475593090057, 18.4853,17.7972620092332, 15.0128,2,16.6817,3,7.721198,-0.960728,54.604,301
17.7637030091137, 15.3445,17.8134641088545, 17.7562,2,16.67995,3,8.180008,-0.130697,51.1314,301
17.7805860098451, 17.3437,17.8312753085047, 16.0777,2,16.68082,3,9.343818,-0.770749,53.5439,301
17.7972620092332, 15.774,17.8473884090781, 16.9303,2,16.67963,3,7.928828,0.264685,52.2781,301
17.8134641088545, 16.6475,17.864605108276, 16.2964,2,16.67959,3,8.977497,-0.901381,53.4346,301
17.8312753085047, 16.6925,17.8804809078574, 16.4415,2,16.67961,3,7.406549,-0.557457,53.0839,301
17.8473884090781, 16.851,17.8975734077394, 17.8751,2,16.67983,3,6.321715,-1.215834,52.8327,301
17.864605108276, 16.3446,17.9144220072776, 15.531,2,16.6794,3,7.232881,0.12612,53.8574,301
17.8804809078574, 15.8278,17.9311686065048, 18.1584,2,16.6783,3,7.533457,-0.043039,53.0435,301
17.8975734077394, 18.6777,17.9472731072456, 14.8801,2,16.68088,3,7.786734,1.301976,55.3748,301
17.9144220072776, 15.3166,17.9648063071072, 18.9576,2,16.67912,3,8.90708,-0.35501,51.5726,301
17.9311686065048, 18.0145,17.9807305075228, 14.544,2,16.68084,3,6.784139,-0.013196,55.2185,301
17.9472731072456, 15.3601,17.9964215066284, 17.293,2,16.67914,3,7.516024,-0.671482,51.7477,301
17.9648063071072, 18.455,18.0143785066903, 16.3873,2,16.68143,3,6.72471,-0.343977,53.6762,301
17.9807305075228, 14.9193,18.031283006072, 18.2958,2,16.67916,3,8.186096,0.491365,51.6136,301
17.9964215066284, 17.1821,18.048330405727, 15.3735,2,16.67981,3,8.924782,-0.165021,54.9898,301
18.0143785066903, 16.2976,18.0643885061145, 17.7852,2,16.67932,3,8.436577,-1.348618,53.1816,301
18.031283006072, 16.468,18.0804615058005, 14.1453,2,16.67904,3,8.057235,-0.49972,54.6702,301
18.048330405727, 16.9834,18.0978074055165, 19.0548,2,16.67944,3,7.654421,-0.157662,52.3472,301
18.0643885061145, 18.0624,18.114360705018, 15.0411,2,16.6812,3,7.820018,0.180777,54.4191,301
18.0804615058005, 15.1527,18.1312030050904, 17.4034,2,16.67925,3,8.82302,-0.981733,51.3983,301
18.0978074055165, 18.2393,18.1471280045807, 16.818,2,16.68124,3,7.921862,-0.635788,53.6492,301
18.114360705018, 15.2919,18.1648637037724, 16.9047,2,16.67947,3,8.560423,0.697557,52.2278,301
18.1312030050904, 16.4511,18.1811174042523, 17.3241,2,16.67918,3,7.513833,-0.473991,53.841,301
18.1471280045807, 16.9645,18.1981400046498, 15.6996,2,16.67954,3,9.315288,-0.12627,54.7141,301
18.1648637037724, 16.7187,18.2145183049142, 17.7252,2,16.67959,3,8.338443,0.209795,53.4496,301
18.1811174042523, 17.6047,18.2324849050492, 16.2198,2,16.68076,3,7.699991,-0.944216,54.4559,301
18.1981400046498, 16.9881,18.2473564054817, 16.4991,2,16.68115,3,8.17227,-0.60219,53.0716,301
18.2145183049142, 16.1267,18.2637239061296, 14.8164,2,16.68045,3,8.455105,-0.782187,52.5828,301
18.2324849050492, 16.929,18.2812447063625, 18.7031,2,16.68077,3,7.810616,-0.430752,51.2726,301
18.2473564054817, 16.3556,18.2972477059811, 14.6082,2,16.68036,3,9.37749,-0.093129,53.0466,301
18.2637239061296, 17.4135,18.3133239056915, 17.5122,2,16.68128,3,7.777287,0.258892,51.2998,301
18.2812447063625, 15.8745,18.3312088064849, 16.8307,2,16.68027,3,9.141752,1.110713,51.3984,301
18.2972477059811, 15.8066,18.3475656062365, 17.5783,2,16.67917,3,8.175929,0.452662,52.3552,301
18.3133239056915, 16.4882,18.3634642064571, 14.6464,2,16.67893,3,8.138108,-0.709004,54.127,301
18.3312088064849, 17.1685,18.3804713059217, 18.2599,2,16.67954,3,7.516287,-0.35657,52.2855,301
18.3475656062365, 17.0093,18.3984422050416, 17.1054,2,16.67995,3,6.101638,-0.993363,53.3772,301
18.3634642064571, 16.9374,18.4136286051944, 16.1455,2,16.68027,3,7.866904,0.354244,53.4734,301
18.3804713059217, 16.0391,18.4313097046688, 16.5995,2,16.67948,3,8.44017,1.181487,52.6819,301
18.3984422050416, 17.4866,18.4474717052653, 16.9785,2,16.68048,3,8.611963,0.550052,53.2423,301
18.4136286051944, 15.8011,18.4648951059207, 15.9265,2,16.67939,3,9.088156,-0.088578,52.7343,301
18.4313097046688, 17.6803,18.4824067065492, 18.9643,2,16.68063,3,8.134513,-0.748508,52.8596,301
18.4474717052653, 16.0403,18.4973275065422, 13.9347,2,16.67984,3,6.222848,-0.382739,54.1442,301
18.4648951059207, 17.0061,18.5145152062178, 18.4082,2,16.68024,3,7.705378,-0.04257,52.0392,301
18.4824067065492, 17.6997,18.5316861066967, 15.8219,2,16.6815,3,7.716108,-0.20867,53.441,301
18.4973275065422, 15.7891,18.5475516058505, 17.0638,2,16.6804,3,9.048839,1.130463,51.5637,301
18.5145152062178, 16.6178,18.5653428062797, 16.5753,2,16.68032,3,8.01837,-1.032017,52.8385,301
18.5316861066967, 16.4692,18.5820202063769, 18.2802,2,16.68006,3,7.74727,-0.151648,52.7963,301
18.5475516058505, 16.397,18.5979283060879, 14.5478,2,16.67971,3,7.503037,0.010004,54.6071,301
18.5653428062797, 17.1793,18.6148816067725, 18.0875,2,16.68033,3,5.693117,-1.157644,52.7585,301
18.5820202063769, 17.6121,18.6317912060767, 15.7719,2,16.68147,3,9.421248,0.165413,53.6667,301
18.5979283060879, 15.5,18.6476417053491, 16.2317,2,16.68002,3,7.166396,-0.392202,51.8266,301
18.6148816067725, 17.1001,18.6647297050804, 16.0748,2,16.68054,2,8.996844,-1.03584,52.5586,301
18.6317912060767, 16.3002,18.6813469044864, 15.8405,2,16.68007,1,12.05289,-0.191478,51.5338,301
18.6813469044864, 55.8973,18.6988687049598, 19.0513,2,16.72802,0,10.2292,-0.816044,51.072,301
18.6988687049598, 17.5442,18.7165061049163, 17.0611,0,16.72901,0,10.83754,-0.37451,14.2281,301
18.6988687049598, 0.5812,18.7331162057817, 17.3457,0,16.70932,3,12.83598,-0.578281,13.7461,301
18.6988687049598, 1.8333,18.7488508056849, 16.6333,1,16.6912,3,10.93124,-0.668871,30.5113,301
18.7165061049163, 8.2365,18.7665575053543, 16.9983,2,16.68091,3,11.77301,-0.31395,45.3114,301
18.7331162057817, 16.2953,18.7830484062433, 17.2834,2,16.68044,3,10.79588,-0.94923,54.0726,301
18.7488508056849, 17.6322,18.7988397069275, 14.411,2,16.6816,3,8.243071,0.002427,55.0612,301
18.7665575053543, 15.9893,18.8151670061052, 18.193,2,16.68076,3,7.64435,0.314284,51.8403,301
18.7830484062433, 17.8152,18.8328744061291, 15.6363,2,16.68213,3,7.26073,0.218449,54.044,301
18.7988397069275, 15.0389,18.8479800056666, 16.6249,2,16.68015,3,11.34447,-0.360711,51.8656,301
18.8151670061052, 17.7797,18.8644643053412, 15.064,2,16.68147,3,10.13182,0.111612,53.4515,301
18.8328744061291, 15.6627,18.881918605417, 18.0017,2,16.68025,3,9.037651,-0.477967,50.7362,301
18.8479800056666, 17.0142,18.8988378047943, 18.0503,2,16.68065,3,8.737111,-0.084095,53.0755,301
18.8644643053412, 16.5971,18.9148096051067, 14.2621,2,16.68055,3,11.33559,0.314477,54.1121,301
18.881918605417, 15.7749,18.9322532042861, 18.6175,2,16.67946,3,9.865367,-1.217294,51.7771,301
18.8988378047943, 18.6179,18.9484024047852, 15.0516,2,16.68179,3,10.04039,-0.807065,54.6198,301
18.9148096051067, 15.4182,18.9646554049104, 17.5683,2,16.68027,3,10.09212,-0.456505,51.0538,301
18.9322532042861, 17.3597,18.9829228054732, 17.2004,2,16.68109,3,8.741594,-0.132206,53.204,301
18.9484024047852, 16.2318,18.9989280048758, 17.1575,2,16.68055,3,10.77477,0.260983,53.045,301
18.9646554049104, 16.3018,19.0168551057577, 16.9623,2,16.6801,3,10.3504,-0.172645,53.9617,301
18.9829228054732, 17.7335,19.0320099061355, 15.1783,2,16.68135,3,9.099906,0.012033,54.6318,301
18.9989280048758, 16.423,19.0492949066684, 18.2739,2,16.68105,3,10.02342,-0.910732,52.0766,301
19.0168551057577, 17.0889,19.0650165071711, 14.1275,2,16.68153,3,8.493045,-0.339506,53.9274,301
19.0320099061355, 14.7923,19.0824417071417, 18.1095,2,16.67928,3,10.31167,0.4645,50.9664,301
19.0492949066684, 18.6708,19.0989181073382, 17.5119,2,16.68165,3,8.937132,-0.050274,54.284,301
19.0650165071711, 16.0529,19.1167343081906, 16.268,2,16.6809,3,11.17131,-1.601137,53.1258,301
19.0824417071417, 15.7669,19.1323037082329, 16.5999,2,16.67982,3,10.0046,-1.007556,53.3408,301
19.0989181073382, 18.2825,19.1488212076947, 15.4215,2,16.68172,3,8.421774,0.109619,54.1736,301
19.1167343081906, 16.5723,19.1650320077315, 16.8097,2,16.68159,3,10.92394,0.067858,51.3131,301
19.1323037082329, 16.2642,19.1819903077558, 17.8802,2,16.6811,3,10.49646,0.145504,51.5509,301
19.1488212076947, 16.6196,19.1986425081268, 15.2298,2,16.68102,3,11.74758,-0.623148,53.1674,301
19.1650320077315, 14.9649,19.2143996087834, 17.461,2,16.679,3,8.500942,0.254001,51.7771,301
19.1819903077558, 18.3123,19.2331756083295, 17.6766,2,16.68092,3,10.4214,-1.062201,54.274,301
19.1986425081268, 15.4131,19.2490809084848, 15.6227,2,16.67943,3,9.745548,-1.041497,53.6384,301
19.2143996087834, 17.3732,19.2657259078696, 17.7534,2,16.68025,3,9.137099,0.147874,53.8314,301
19.2331756083295, 16.6294,19.2822680072859, 14.9325,2,16.68019,3,9.853601,-0.866803,54.2287,301
19.2490809084848, 16.1059,19.2989942068234, 17.9483,2,16.67952,3,9.990697,-0.61729,52.5315,301
19.2657259078696, 18.4634,19.3155940072611, 15.3932,2,16.6816,3,11.40243,0.134313,54.3741,301
19.2822680072859, 15.9268,19.3318846067414, 16.9828,2,16.68072,3,8.902903,-0.542548,51.305,301
19.2989942068234, 16.7731,19.3491186061874, 18.0573,2,16.68083,3,11.46759,0.118801,52.3608,301
19.3155940072611, 16.5905,19.3662656070665, 15.7598,2,16.68072,3,10.59129,-0.641402,53.6456,301
19.3318846067414, 15.2572,19.3832471063361, 17.3966,2,16.67907,3,8.494048,-0.256424,52.8149,301
19.3491186061874, 18.6215,19.3989495066926, 17.0291,2,16.68132,3,10.1586,-0.732175,54.9544,301
19.3662656070665, 15.9778,19.4159620059654, 15.3089,2,16.68051,3,8.552402,-0.920668,53.3623,301
19.3832471063361, 16.524,19.4325043065473, 17.9324,2,16.68032,3,10.33192,-0.335529,52.6935,301
19.3989495066926, 17.4308,19.4486125065014, 14.3283,2,16.68119,3,9.335475,-0.709109,54.1021,301
19.4159620059654, 16.6034,19.4656382063404, 17.4659,2,16.6811,3,11.37717,-0.642331,51.0001,301
19.4325043065473, 15.667,19.4814218068495, 16.785,2,16.67993,3,9.426729,-0.175149,51.8622,301
19.4486125065014, 17.8409,19.4989759074524, 16.6872,2,16.68127,3,10.65141,-0.324323,52.9809,301
19.4656382063404, 15.5731,19.5167732080445, 18.4964,2,16.67999,3,11.27953,0.809403,51.827,301
19.4814218068495, 16.2318,19.5322580076754, 14.5532,2,16.67948,3,9.478149,-0.218971,54.7504,301
19.4989759074524, 17.1586,19.5486775077879, 17.5629,2,16.68003,3,10.44222,-0.254045,53.0724,301
19.5167732080445, 18.0818,19.5655976086855, 15.8374,2,16.68164,3,10.0373,0.977141,53.477,301
19.5322580076754, 15.2643,19.5819928087294, 17.5196,2,16.68001,3,11.08137,-0.547373,51.2324,301
19.5486775077879, 16.6297,19.5999745093286, 18.2639,2,16.67996,3,10.33755,-0.259687,53.4882,301
19.5655976086855, 17.054,19.616750208661, 16.6433,2,16.68038,3,10.29976,-0.865149,55.1228,301
19.5819928087294, 16.3697,19.6327620092779, 14.8231,2,16.68003,3,9.271773,-0.632405,54.7132,301
19.5999745093286, 16.9551,19.6490574087948, 17.3111,2,16.68034,3,12.37449,-0.382961,53.1666,301
19.616750208661, 17.7496,19.6656879093498, 15.3509,2,16.68156,3,10.82105,-0.945516,53.5227,301
19.6327620092779, 16.1703,19.6828906089067, 18.8061,2,16.68098,3,9.814505,-0.521856,51.1244,301
19.6490574087948, 16.4552,19.6987573094666, 14.3595,2,16.68072,3,11.15226,0.49582,53.7602,301
19.6656879093498, 16.0139,19.7163857091218, 18.7375,2,16.67996,3,10.41682,-0.108897,51.6649,301
19.6828906089067, 18.0479,19.7353257089853, 18.8819,2,16.68152,3,10.09166,-0.517426,54.388,301
19.6987573094666, 15.1594,19.7498404085636, 13.253,2,16.67979,3,11.11778,-0.579551,55.2223,301
19.7163857091218, 17.8105,19.7657425086945, 17.535,2,16.68107,3,8.602397,0.186145,53.3164,301
19.7353257089853, 16.4073,19.783034408465, 15.811,2,16.68076,3,10.93193,-0.017582,53.0408,301
19.7498404085636, 16.016,19.7996984086931, 18.3691,2,16.68001,3,9.722851,-1.337472,52.4451,301
19.7657425086945, 17.5684,19.8152911085635, 14.0208,2,16.68102,3,11.15036,-1.112161,54.7981,301
19.783034408465, 15.6792,19.8330914080143, 19.3014,2,16.67989,3,9.788082,-0.097326,51.2509,301
19.7996984086931, 17.8454,19.849255008623, 14.4638,2,16.6812,3,8.941172,-0.454465,54.8728,301
19.8152911085635, 15.2359,19.8666307087988, 18.5664,2,16.67957,3,11.96516,-0.22124,51.4919,301
19.8330914080143, 18.3558,19.8832131084055, 15.5178,2,16.68146,3,10.57983,-0.767244,54.8229,301
19.849255008623, 16.0019,19.8998273089528, 17.8776,2,16.68069,3,10.81186,-1.488299,51.9851,301
19.8666307087988, 17.5634,19.9165487084538, 15.5802,2,16.68168,3,9.89694,0.053354,53.8607,301
19.8832131084055, 15.4254,19.9322156086564, 16.9249,2,16.68027,3,10.94924,-0.478944,51.8782,301
19.8998273089528, 17.8908,19.949803609401, 16.0022,2,16.68163,3,9.935399,-0.50263,53.3773,301
19.9165487084538, 15.7393,19.9657995086163, 17.6106,2,16.68058,3,12.24095,-1.201573,51.4893,301
19.9322156086564, 16.6082,19.9826552085578, 15.3261,2,16.6805,3,10.76654,1.130255,53.3112,301
19.949803609401, 16.6681,19.9999785088003, 18.7738,2,16.68048,3,9.96913,-0.286767,52.0788,301
19.9657995086163, 16.9236,20.0163302086294, 14.8476,2,16.68075,3,10.94957,-0.15671,54.1845,301
19.9826552085578, 16.4907,20.0329927094281, 18.2947,2,16.68054,3,10.10155,0.041897,52.1085,301
19.9999785088003, 17.5269,20.0497905090451, 14.9381,2,16.68148,3,9.266467,-0.530579,53.9136,301
20.0163302086294, 15.9531,20.0666572097689, 18.9301,2,16.68067,3,11.03331,-0.023864,51.3249,301
20.0329927094281, 17.4183,20.08302241005, 14.4072,2,16.68149,3,9.549103,-0.545115,54.302,301
20.0497905090451, 15.7078,20.1005526091903, 19.3622,2,16.68041,3,10.55538,-0.60121,51.2907,301
20.0666572097689, 18.1457,20.1179267093539, 15.7882,2,16.68204,3,10.16986,0.266908,54.9459,301
20.08302241005, 15.3298,20.1334018092602, 16.9885,2,16.68054,3,10.73542,-0.882506,52.5881,301
20.1005526091903, 18.5182,20.1486125094816, 13.7554,2,16.68257,3,9.92271,-0.708619,54.2471,301
20.1179267093539, 15.2534,20.1656114095822, 18.4106,2,16.68099,3,11.20929,-0.118916,49.4845,301
20.1334018092602, 17.3582,20.1837391098961, 15.5947,2,16.68174,3,8.573606,-0.87188,52.6417,301
20.1486125094816, 14.8887,20.2012417102233, 19.3442,2,16.67977,2,11.47942,-0.704728,50.8788,301
20.1656114095822, 17.2593,20.2165803099051, 14.8505,2,16.6804,2,9.771016,-0.008342,55.3345,301
20.2012417102233, 33.3855,20.2334643090144, 18.114,2,16.69876,3,10.49298,-0.946143,52.9257,301
20.2012417102233, 9.5964,20.2497030096129, 14.8668,1,16.69096,3,10.92123,-0.469548,37.6547,301
20.2165803099051, 8.9927,20.2652762094513, 17.1571,2,16.68252,3,9.920942,-0.111619,42.9249,301
20.2334643090144, 15.8979,20.2829139092937, 16.0664,2,16.68166,3,10.98234,-0.129992,51.0898,301
20.2497030096129, 15.4403,20.2995562097058, 18.4455,2,16.68031,3,9.935548,0.122384,51.2591,301
20.2652762094513, 16.3438,20.3164912099019, 15.3398,2,16.67994,3,11.42732,-0.623933,54.2642,301
20.2829139092937, 17.0192,20.3327336097136, 16.9343,2,16.68031,3,9.180592,-0.450182,53.2607,301
20.2995562097058, 17.6239,20.3495441088453, 17.4743,2,16.68134,3,11.05302,0.310439,53.1595,301
20.3164912099019, 15.789,20.3664554087445, 15.37,2,16.68036,3,9.135233,-0.380672,53.0251,301
20.3327336097136, 15.9325,20.3826356092468, 17.8499,2,16.67955,3,11.49758,0.511872,52.6072,301
20.3495441088453, 17.9767,20.3997433101758, 15.7182,2,16.68096,3,9.467361,0.341784,54.5038,301
20.3664554087445, 16.1877,20.4163928097114, 16.868,2,16.68043,3,9.907772,1.13773,52.2662,301
20.3826356092468, 17.0688,20.4353735102341, 18.2987,2,16.68085,3,9.348728,-1.055862,52.9472,301
20.3997433101758, 16.0275,20.4497695099562, 15.2541,2,16.68014,3,10.15512,1.644522,54.1774,301
20.4163928097114, 16.0551,20.4689754098654, 18.1686,2,16.67946,3,8.73847,-0.192403,53.388,301
20.4163928097114, 16.3404,20.4828770095482, 14.9397,2,16.67909,3,9.607862,1.132196,55.5181,301
20.4497695099562, 17.1297,20.4996105087921, 17.6724,3,16.67958,3,10.23708,-0.131698,54.1171,301
20.4689754098654, 18.4459,20.5161221092567, 15.0491,2,16.68149,3,8.048203,-0.376778,54.6601,301
20.4828770095482, 14.7296,20.5333698084578, 18.6351,2,16.67938,3,9.567204,-0.726419,51.264,301
20.4996105087921, 18.3048,20.5503372093663, 15.6305,2,16.68113,3,9.177498,-0.23267,55.1532,301
20.5161221092567, 15.549,20.5676757087931, 18.8622,2,16.67992,3,9.652378,-0.50907,52.4956,301
20.5333698084578, 18.041,20.583564308472, 14.63,2,16.68138,3,10.91752,0.768837,55.8085,301
20.5503372093663, 15.7707,20.6007714075968, 17.2689,2,16.6804,3,10.10837,-1.003484,52.3983,301
20.5676757087931, 16.1553,20.6162987072021, 16.7184,2,16.67984,3,10.46487,-0.405761,53.8904,301
20.583564308472, 16.9092,20.6356519069523, 16.3336,2,16.68008,3,9.692763,-1.460105,54.4599,301
20.6007714075968, 16.255,20.6503037065268, 17.6515,2,16.67963,3,9.486184,-0.806683,53.8843,301
20.6162987072021, 18.2124,20.6663168072701, 14.2085,2,16.68127,3,10.29396,-0.709799,55.2814,301
20.6162987072021, 13.1922,20.6837206073105, 18.1573,2,16.67754,3,10.84801,0.955584,51.2773,301
20.6503037065268, 18.8076,20.6999245081097, 17.5147,3,16.67981,3,10.57518,-0.273136,56.2423,301
20.6663168072701, 16.4449,20.7162409089506, 14.351,2,16.67956,3,11.1784,-0.590625,54.9501,301
20.6837206073105, 16.8847,20.7336822096258, 18.8554,2,16.67978,3,10.06872,-0.199999,52.8563,301
20.6999245081097, 18.5191,20.7509735096246, 16.6761,2,16.68174,3,9.628036,0.149633,54.8271,301
20.7162409089506, 14.7821,20.7673610094935, 16.6644,2,16.67972,3,9.748525,0.401262,52.984,301
20.7336822096258, 18.1709,20.7839767094702, 16.0046,2,16.6813,3,11.0824,-0.230336,54.8611,301
20.7509735096246, 15.7321,20.8004220090806, 18.0451,2,16.6803,3,9.543767,-0.065304,52.7009,301
20.7673610094935, 17.3769,20.8172672092915, 16.735,2,16.68103,3,10.07014,-0.114572,55.0142,301
20.7839767094702, 15.8436,20.8333128094673, 15.8192,2,16.68015,3,8.819936,-0.73844,54.3723,301
20.8004220090806, 18.3263,20.8504157103598, 15.3824,2,16.68189,3,10.5141,0.049892,54.3486,301
20.8172672092915, 14.6075,20.868739509955, 19.3332,2,16.6797,3,10.16847,-0.458025,51.4046,301
20.8333128094673, 18.1974,20.8824335103855, 14.4445,2,16.6813,3,10.31754,-0.612459,56.1306,301
20.8504157103598, 15.2775,20.9006358096376, 16.42,2,16.67982,3,12.48051,-0.043935,52.3781,301
20.868739509955, 18.2968,20.9165027095005, 17.4864,2,16.68152,3,10.71422,-0.172244,53.5206,301
20.8824335103855, 15.7102,20.9357202099636, 16.1807,2,16.6805,3,9.851259,-0.58166,52.7103,301
20.9006358096376, 16.3707,20.9525439096615, 18.189,2,16.68017,3,10.80814,-0.427376,53.1758,301
20.9165027095005, 15.5675,20.9673786098137, 14.5956,2,16.67901,3,9.408944,0.169108,55.0004,301
20.9165027095005, 15.0154,20.9832985093817, 17.7795,2,16.67727,3,10.68976,-0.477108,54.0283,301
20.9357202099636, 18.457,21.0029939087108, 16.8671,3,16.67913,3,10.48948,0.707794,56.7929,301
20.9673786098137, 17.1995,21.0161753082648, 15.4522,3,16.67967,3,11.74349,-0.766626,55.1849,301
20.9832985093817, 17.9012,21.0333024086431, 16.0577,2,16.68095,3,9.752308,-0.01393,53.4557,301
20.9832985093817, 13.4416,21.0506027089432, 17.6339,2,16.67757,3,10.17381,-0.387293,51.6127,301
21.0161753082648, 18.8445,21.0674139084294, 17.8867,3,16.67983,3,9.814026,0.482741,55.8055,301
21.0333024086431, 16.8112,21.0841383086517, 15.7171,2,16.67996,3,10.06103,-0.546269,54.8479,301
21.0506027089432, 16.0794,21.1024916088209, 18.1721,2,16.67934,3,10.63599,-0.517608,53.7531,301
21.0674139084294, 18.8156,21.1176741085947, 15.0867,2,16.68156,3,10.40196,-0.945166,55.8465,301
21.0841383086517, 14.7935,21.134282508865, 17.8912,2,16.6796,3,8.552269,-0.408309,52.1181,301
21.0841383086517, 16.1912,21.1504273097962, 15.2354,2,16.67909,3,11.43251,0.184547,55.2163,301
21.1176741085947, 17.0138,21.1674954090267, 18.0099,3,16.67944,3,9.733366,0.289295,54.2605,301
21.134282508865, 18.596,21.185915209353, 17.6215,2,16.68142,3,11.94341,0.608406,55.2567,301
21.1504273097962, 14.5874,21.2002152092755, 15.0622,2,16.67926,3,9.313753,0.157205,54.2828,301
21.1674954090267, 18.6293,21.2174545098096, 16.3454,2,16.68127,3,10.0098,0.511845,54.7579,301
21.1674954090267, 14.5423,21.2361635100096, 16.74,2,16.67907,3,8.554594,0.666553,52.4745,301
21.2002152092755, 17.9062,21.2504736101255, 17.3474,3,16.68033,3,9.889795,-0.361457,54.6721,301
21.2174545098096, 13.8522,21.2677387101576, 15.5655,2,16.67742,3,8.436155,0.841172,54.1141,301
21.2174545098096, 18.403,21.2833726098761, 17.2657,2,16.67919,3,10.18435,-0.795106,55.8274,301
21.2504736101255, 18.6529,21.3002383103594, 15.1107,3,16.68122,3,9.212757,0.207487,54.6905,301
21.2677387101576, 16.2419,21.3176842099056, 18.8003,2,16.68077,3,9.455228,-0.059733,51.1484,301
21.2833726098761, 16.6911,21.3339087096974, 14.8486,2,16.68078,3,8.902206,-0.810586,53.7071,301
21.3002383103594, 16.1935,21.3504045093432, 17.1153,2,16.68028,3,9.962113,-0.369887,51.8601,301
21.3176842099056, 17.7896,21.3673065090552, 17.9964,2,16.68141,3,10.18063,-0.361345,52.787,301
21.3339087096974, 15.8834,21.3834718083963, 16.3174,2,16.6806,3,9.804086,0.049566,52.9938,301
21.3504045093432, 15.3027,21.4002182083204, 15.2737,2,16.67919,3,11.08509,0.001842,53.4279,301
21.3673065090552, 18.4927,21.417293808423, 18.0581,2,16.68104,3,9.896845,0.860338,53.3993,301
21.3834718083963, 16.587,21.4336078083143, 15.0818,2,16.68095,3,11.19713,0.080083,52.965,301
21.4002182083204, 16.0256,21.4505210081115, 17.8771,2,16.68028,3,9.352058,-0.211384,51.4602,301
21.417293808423, 17.1355,21.4675481086597, 15.8662,2,16.68074,3,10.65716,-0.372559,53.3114,301
21.4336078083143, 15.8965,21.4844954079017, 19.0409,2,16.67995,3,8.485217,0.088543,52.0424,301
21.4505210081115, 17.2516,21.5013281079009, 15.1307,2,16.68052,3,10.54818,-0.475435,55.1851,301
21.4675481086597, 16.3063,21.5173881081864, 17.2202,2,16.68015,3,9.407559,-0.72357,53.0666,301
21.4844954079017, 17.7505,21.5339060081169, 15.1013,2,16.68123,3,10.63626,-0.023472,53.9806,301
21.5013281079009, 15.8397,21.5504373079166, 17.7787,2,16.68038,3,9.303935,-0.73704,51.3317,301
21.5173881081864, 16.9944,21.5675120083615, 15.858,2,16.6807,3,8.98757,-0.580248,53.2646,301
21.5339060081169, 15.9969,21.5834529092535, 17.0287,2,16.68001,3,11.29007,-0.08943,52.1348,301
21.5504373079166, 16.9736,21.6006450084969, 16.315,2,16.6803,3,8.73504,-0.546494,53.1667,301
21.5675120083615, 16.5406,21.6174449091777, 17.7744,2,16.68016,3,11.27855,-0.541217,52.5083,301
21.5834529092535, 16.1777,21.63359780889, 14.9484,2,16.67966,3,9.46023,-0.231247,53.7352,301
21.6006450084969, 18.1865,21.6510518090799, 18.5101,2,16.68117,3,10.56259,-0.598046,52.5132,301
21.6174449091777, 16.0599,21.6679593091831, 15.8229,2,16.68055,3,9.998817,-1.042566,52.8371,301
21.63359780889, 16.238,21.6843529092148, 16.9777,2,16.6801,3,11.10615,0.687278,52.5935,301
21.6510518090799, 17.4584,21.7011965094134, 17.9693,2,16.68088,3,9.659746,0.340487,53.34,301
21.6679593091831, 15.634,21.7197298100218, 15.6915,2,16.67983,3,10.62467,-0.249855,53.851,301
21.6843529092148, 16.3057,21.7351498100907, 18.7024,2,16.67946,3,11.12242,-0.390395,53.9091,301
21.7011965094134, 18.4842,21.7532401103526, 14.7941,2,16.68126,3,8.400613,-0.299628,56.3058,301
21.7011965094134, 13.0919,21.7675025099888, 17.3071,2,16.67768,3,9.756755,-0.742135,52.6154,301
21.7351498100907, 18.8152,21.7849425105378, 15.5118,3,16.67981,3,9.304295,-0.359074,56.8314,301
21.7351498100907, 14.4756,21.800940210931, 17.6139,2,16.67762,3,11.10633,-0.408074,53.528,301
21.7675025099888, 20.2497,21.8178679114208, 15.2644,3,16.68117,3,8.973635,-0.12067,56.6662,301
21.7849425105378, 15.1889,21.834085711278, 17.0196,2,16.67969,3,11.59637,-0.479292,51.6813,301
21.800940210931, 17.9633,21.8511481108144, 17.682,2,16.68096,3,9.526074,0.158464,53.5123,301
21.8178679114208, 15.1186,21.8675171108916, 14.9909,2,16.67941,3,11.15707,1.075726,53.2309,301
21.834085711278, 16.7041,21.8883171109483, 20.4071,2,16.67944,3,9.408492,0.649764,53.1038,301
21.8511481108144, 18.0401,21.9009428108111, 13.2934,2,16.68078,3,11.40704,0.219802,56.8032,301
21.8675171108916, 15.6963,21.9178619114682, 17.8799,2,16.67981,3,9.038474,-0.33736,52.0607,301
21.8675171108916, 17.8419,21.934318411164, 15.4604,2,16.68096,3,9.001136,-0.385722,54.2445,301
21.9009428108111, 15.5665,21.9516970114782, 18.5091,3,16.67986,3,9.290998,-1.47409,51.8625,301
21.9178619114682, 17.5282,21.9674522122368, 14.5944,2,16.68069,3,11.46626,-0.572004,54.8059,301
21.934318411164, 15.4432,21.9848680114374, 17.8498,2,16.67948,3,10.01212,-0.574318,51.8722,301
21.9516970114782, 16.688,22.0015637120232, 17.7637,2,16.67948,3,9.68179,0.047468,54.2782,301
21.9674522122368, 16.6802,22.0184052111581, 15.1703,2,16.67949,3,9.955804,-0.279646,55.3546,301
21.9848680114374, 16.8694,22.035405411385, 18.8566,2,16.67967,3,12.09542,-0.541505,53.8425,301
22.0015637120232, 18.3119,22.0536768110469, 15.306,2,16.68127,3,10.29263,-1.027025,55.8323,301
22.0184052111581, 15.0592,22.0676341112703, 15.2638,2,16.67968,3,10.04225,-0.227544,52.8268,301
22.035405411385, 17.2305,22.0850708112121, 18.481,2,16.68022,3,9.467505,-0.472848,53.0316,301
22.035405411385, 15.8651,22.1016450114548, 14.0431,2,16.67942,3,10.92572,-0.14101,54.2826,301
22.0676341112703, 16.9917,22.1187778115273, 19.0398,3,16.67973,2,9.778944,-1.151141,52.461,301
22.0850708112121, 18.0022,22.1358179114759, 17.6861,2,16.68102,1,10.62855,-0.909281,54.5086,301
22.1358179114759, 52.2832,22.1505142115057, 13.0177,2,16.71576,1,9.21411,-0.990773,54.1913,301
22.1358179114759, 3.9056,22.1687335111201, 20.423,0,16.70327,3,10.47064,-0.435823,13.4503,301
22.1358179114759, 0.5488,22.1847705114633, 14.5104,1,16.68754,3,9.998681,-0.0229,31.4533,301
22.1505142115057, 8.4917,22.2010023109615, 17.2126,2,16.67957,3,10.98587,-0.3695,45.4156,301
22.1687335111201, 18.9294,22.2200329117477, 16.7865,2,16.68175,3,9.544823,-0.404352,54.1362,301
22.1847705114633, 15.3974,22.2366910111159, 17.6009,2,16.68051,3,10.8326,0.076383,51.9929,301
22.2010023109615, 16.3231,22.2516594110057, 14.8079,2,16.68016,3,9.1581,-0.355563,54.1969,301
22.2010023109615, 15.4535,22.2688253102824, 18.3746,2,16.67897,3,10.41995,-0.515912,52.6825,301
22.2366910111159, 16.9125,22.2844703095034, 15.8982,3,16.6792,3,9.194017,-0.06482,55.5897,301
22.2516594110057, 16.9498,22.3016689093783, 16.2785,2,16.67946,3,10.09776,-0.299928,54.5892,301
22.2688253102824, 17.7063,22.3182030087337, 17.5303,2,16.68045,3,9.308212,0.416941,53.9187,301
22.2844703095034, 16.6647,22.3344587078318, 15.0686,2,16.68044,3,10.83942,-0.182282,53.7423,301
22.3016689093783, 16.3098,22.3515635086223, 18.4381,2,16.68008,3,9.762528,-0.295113,52.147,301
22.3182030087337, 17.7308,22.3674841085449, 14.5245,2,16.68109,3,9.156559,0.205768,54.2755,301
22.3344587078318, 15.2807,22.3851254088804, 18.294,2,16.67974,3,8.143282,0.060544,51.0689,301
22.3515635086223, 18.0804,22.4021753082052, 17.979,2,16.68109,3,8.905113,-0.929035,54.0826,301
22.3674841085449, 15.4417,22.4179390082136, 14.3226,2,16.6799,3,10.62593,-0.416118,53.9812,301
22.3851254088804, 16.5144,22.4368540076539, 17.43,2,16.67974,3,9.739256,0.169481,52.8628,301
22.4021753082052, 18.5756,22.4534603068605, 18.0863,2,16.68156,3,8.894935,-0.064503,53.7782,301
22.4179390082136, 14.7956,22.4686032067984, 16.5238,2,16.67975,3,11.33592,0.166441,53.2761,301
22.4179390082136, 15.8878,22.4877328071743, 16.7567,2,16.67899,3,9.487619,-0.145857,55.0113,301
22.4534603068605, 18.4081,22.501907707192, 16.2982,3,16.68065,3,10.1065,1.93289,55.8873,301
22.4686032067984, 17.1063,22.5186590077356, 15.659,2,16.68105,3,8.817759,-1.61378,53.7775,301
22.4686032067984, 13.4889,22.5348173072562, 16.5991,2,16.67801,3,10.02106,-0.14606,52.3309,301
22.501907707192, 19.5806,22.5519933076575, 16.6986,3,16.68077,3,9.10341,0.068809,55.4405,301
22.5186590077356, 15.9151,22.5681806085631, 16.5638,2,16.68005,3,8.88878,0.177283,52.5518,301
22.5348173072562, 16.4522,22.5850032093003, 17.8871,2,16.67983,3,10.44706,-0.408506,53.2079,301
22.5519933076575, 16.8279,22.6017614090815, 15.1577,2,16.67997,3,10.31139,-0.584662,54.6434,301
22.5681806085631, 16.0992,22.6175094088539, 17.104,2,16.67942,3,9.560917,-0.183178,52.9727,301
22.5850032093003, 18.4735,22.6350488094613, 16.0438,2,16.68112,3,8.921706,0.018597,53.9782,301
22.6017614090815, 14.779,22.6522109089419, 17.6586,2,16.67932,3,10.83506,-0.816067,51.5486,301
22.6175094088539, 17.585,22.6710440097377, 18.6463,2,16.68018,3,9.800978,-0.040858,54.4286,301
22.6350488094613, 16.378,22.6856801100075, 14.2149,2,16.67989,3,10.4605,-0.198693,55.4903,301
22.6522109089419, 16.3304,22.7021590098739, 18.3451,2,16.67956,3,8.678967,-0.712092,53.327,301
22.6710440097377, 17.0295,22.7187604103237, 14.9171,2,16.67989,3,11.34686,-0.530243,55.3425,301
22.6856801100075, 16.7011,22.735761910677, 18.1731,2,16.67991,3,9.925993,-0.499961,53.2301,301
22.7021590098739, 16.709,22.7516599111259, 16.077,2,16.67994,3,8.813192,-0.966596,54.7027,301
22.7187604103237, 16.8617,22.7688109111041, 16.0408,2,16.68011,3,10.73924,0.088711,54.0708,301
22.735761910677, 16.9177,22.7862990107387, 19.271,2,16.68033,3,9.289661,-0.403899,53.25,301
22.7516599111259, 17.0809,22.8025642111897, 15.087,2,16.68071,3,10.9627,0.109268,55.6035,301
22.7688109111041, 16.7709,22.8207590114325, 17.1068,2,16.68079,3,9.886589,-0.68543,53.6102,301
22.7862990107387, 17.4823,22.8356057116762, 16.9409,2,16.68154,3,10.4908,-0.280325,53.9458,301
22.8025642111897, 15.1968,22.8528267117217, 15.425,2,16.68015,3,10.24133,-0.116906,53.405,301
22.8207590114325, 17.8684,22.8686817111447, 15.8853,2,16.68126,3,10.62333,-0.042325,53.6328,301
22.8356057116762, 17.0557,22.8853284111246, 17.9267,2,16.68162,3,10.85732,-0.611167,51.6502,301
22.8528267117217, 15.3832,22.9030567118898, 16.7872,2,16.6804,3,9.666306,0.157893,52.5219,301
22.8686817111447, 16.2614,22.9190435120836, 16.8961,2,16.68001,3,10.81553,-0.520132,53.9261,301
22.8853284111246, 17.518,22.9354680115357, 15.2221,2,16.68079,3,9.339867,-1.497192,54.561,301
22.9030567118898, 16.6803,22.9522174121812, 18.0783,2,16.68079,3,11.13301,-0.221498,52.2652,301
22.9190435120836, 17.1352,22.9690226120874, 15.6492,2,16.68122,3,8.862332,-0.058914,53.6479,301
22.9354680115357, 15.6718,22.98679961171, 19.0417,2,16.68028,3,10.99909,0.246141,52.1778,301
22.9522174121812, 17.4772,23.0032215109095, 15.334,2,16.68102,3,10.3854,-0.265294,55.548,301
22.9690226120874, 16.2823,23.0191169111058, 16.9185,2,16.68065,3,10.68061,-0.863895,53.4048,301
22.98679961171, 18.0805,23.0354403117672, 15.0627,2,16.68195,3,9.060959,-0.193746,54.0412,301
23.0032215109095, 15.6081,23.0519564123824, 17.3991,2,16.68095,3,10.36959,-0.338785,51.0239,301
23.0191169111058, 16.9298,23.0701570129022, 17.2495,2,16.68118,3,9.265295,-0.160756,52.81,301
23.0354403117672, 15.8627,23.0853240126744, 15.5619,2,16.68042,3,11.80155,-0.922437,53.1356,301
23.0519564123824, 17.1001,23.1021929131821, 17.5004,2,16.68081,3,9.427285,0.12902,52.8348,301
23.0701570129022, 17.0532,23.118542813696, 15.0463,2,16.68115,3,11.06686,-0.288973,53.2354,301
23.0853240126744, 14.9184,23.1354826139286, 18.2807,2,16.67953,3,10.34454,0.048663,51.2287,301
23.1021929131821, 18,23.1512323142961, 14.5244,2,16.68075,3,10.20398,-0.308689,54.5913,301
23.118542813696, 16.1569,23.1703216144815, 19.5931,2,16.68026,3,9.980773,0.992059,51.1156,301
23.1354826139286, 17.2572,23.188644615002, 17.7758,2,16.68079,3,9.337237,-0.816806,54.5526,301
23.1512323142961, 15.7733,23.2033210154623, 16.4739,2,16.67996,3,10.32049,-1.095762,55.0718,301
23.1703216144815, 17.4831,23.2200684156269, 15.8216,2,16.6807,3,9.274541,-0.22574,55.7719,301
23.188644615002, 18.0656,23.2367045152932, 16.4082,2,16.68197,3,9.738406,-0.921105,54.1106,301
23.2033210154623, 16.2957,23.2528591156006, 16.9987,2,16.68161,3,9.918062,-1.535773,52.4535,301
23.2200684156269, 15.403,23.2717247158289, 17.5619,2,16.68044,3,11.78544,-0.348102,53.1573,301
23.2367045152932, 16.509,23.2865644162521, 14.5232,2,16.68029,3,9.764905,-0.664144,55.3157,301
23.2528591156006, 17.8099,23.3027233155444, 17.3443,2,16.68132,3,11.83497,-1.438398,53.3305,301
23.2528591156006, 15.048,23.3195456163958, 17.0766,2,16.67983,3,11.002,-1.100873,52.8657,301
23.2865644162521, 17.1834,23.3356640161946, 15.1011,3,16.68029,3,10.85194,0.179951,54.8946,301
23.3027233155444, 17.9428,23.3520577168092, 16.7438,2,16.68144,3,9.954498,-1.31443,52.8121,301
23.3195456163958, 16.7158,23.3687275173143, 17.4458,2,16.68147,3,11.98957,-0.327817,51.6137,301
23.3356640161946, 15.3088,23.3886212175712, 17.974,2,16.68022,3,10.40785,-0.839148,52.3436,301
23.3520577168092, 15.8394,23.4028889173642, 16.8219,2,16.67946,3,9.98283,-0.089284,54.973,301
23.3687275173143, 17.9222,23.4186020167544, 13.9205,2,16.68058,3,10.51862,0.706575,55.9917,301
23.3687275173143, 14.5493,23.4360020169988, 18.0218,2,16.67865,3,10.59305,-1.028727,51.9904,301
23.4028889173642, 18.3383,23.452420017682, 17.803,3,16.68015,3,10.30278,-0.560326,55.4628,301
23.4186020167544, 16.6834,23.4684120183811, 13.9271,2,16.68016,3,11.05772,-0.078548,54.928,301
23.4360020169988, 16.2674,23.4854171192273, 18.6061,2,16.67978,3,8.770427,-0.88921,52.1722,301
23.452420017682, 18.619,23.5028089201078, 16.5133,2,16.68154,3,11.51593,0.219277,54.5108,301
23.4684120183811, 15.1553,23.5186562193558, 16.6757,2,16.68016,3,9.790148,0.18505,52.4053,301
23.4854171192273, 17.6728,23.5360317202285, 15.9465,2,16.68106,3,10.64911,-0.583922,53.9261,301
23.5028089201078, 15.2295,23.5531160207465, 17.7526,2,16.67975,3,10.26762,-0.272644,52.2003,301
23.5186562193558, 17.852,23.5687869200483, 16.5328,2,16.6808,3,10.37275,-0.056681,54.7237,301
23.5360317202285, 16.1779,23.5864889202639, 16.0658,2,16.68035,3,8.774822,-0.874053,53.3972,301
23.5531160207465, 16.2577,23.6031800201163, 17.3514,2,16.67997,3,10.90884,-0.482325,53.2851,301
23.5687869200483, 17.6184,23.6188064208254, 16.6399,2,16.68081,3,9.496081,-0.543697,54.3869,301
23.5864889202639, 15.8156,23.6352723212913, 15.0391,2,16.68004,3,10.41075,0.327031,53.4088,301
23.6031800201163, 16.5714,23.6528113214299, 18.7382,2,16.67994,3,10.86242,0.085116,52.6325,301
23.6188064208254, 17.8395,23.6693232217804, 14.842,2,16.68098,3,11.4665,1.063602,54.7997,301
23.6352723212913, 16.5833,23.6882572220638, 18.8548,2,16.68089,3,12.31687,0.180357,51.8026,301
23.6528113214299, 17.113,23.7026976216584, 14.6914,2,16.68128,3,10.00148,1.111857,54.074,301
23.6693232217804, 15.7547,23.7188886217773, 17.5658,2,16.68045,3,9.622398,0.977696,51.6365,301
23.6693232217804, 15.5999,23.7363296225667, 16.7862,2,16.67948,3,8.953843,0.107262,53.4641,301
23.7026976216584, 17.332,23.7549113221467, 16.6845,3,16.68007,3,9.001943,-0.251686,54.6501,301
23.7188886217773, 17.3688,23.7706487216055, 18.8238,2,16.68068,3,8.680404,0.623239,54.0014,301
23.7363296225667, 13.6246,23.7864452209324, 14.631,2,16.67796,3,8.080938,-0.790508,55.4587,301
23.7363296225667, 18.3723,23.8023327216506, 16.5017,2,16.67947,3,10.35539,-0.996157,56.4655,301
23.7706487216055, 19.9285,23.8214200213552, 18.2224,3,16.68235,3,8.845561,-0.209905,54.5947,301
23.7864452209324, 13.6239,23.8365960214287, 15.6955,2,16.67964,3,9.888808,0.003835,52.8894,301
23.8023327216506, 17.0977,23.8547239210457, 16.6718,2,16.68001,3,9.947657,-0.692352,54.9605,301
23.8214200213552, 17.6792,23.8716718219221, 17.3987,2,16.68089,3,11.56491,0.083076,54.5356,301
23.8365960214287, 16.1091,23.8864942220971, 14.5422,2,16.68039,3,10.24296,-0.451009,54.2555,301
23.8547239210457, 17.0822,23.9025300228968, 17.4645,2,16.68074,3,8.877052,-0.883657,52.6887,301
23.8547239210457, 15.1539,23.9215094232932, 18.025,2,16.67939,3,11.29622,0.679747,53.0644,301
23.8864942220971, 17.1072,23.9361997237429, 15.2543,3,16.67977,3,9.360909,0.011994,55.943,301
23.9025300228968, 16.8898,23.9548212243244, 20.0589,2,16.67996,3,10.98596,1.174749,54.0898,301
23.9215094232932, 17.7388,23.969424424693, 12.6874,2,16.68089,3,10.10385,-0.251781,57.2417,301
23.9361997237429, 15.1365,23.9852400254458, 16.4028,2,16.67953,3,9.585006,0.352535,52.2082,301
23.9548212243244, 18.9989,24.0052605252713, 19.5773,2,16.68157,3,9.109951,-0.615014,53.4745,301
23.969424424693, 14.9772,24.0192031254992, 13.5494,2,16.68007,3,8.829681,0.118583,54.053,301
23.9852400254458, 15.3566,24.0369011247531, 19.4091,2,16.67891,3,10.33387,-0.088037,52.6246,301
23.9852400254458, 17.4254,24.0530059253797, 14.2697,2,16.67957,3,8.742114,1.040846,56.6784,301
24.0192031254992, 16.9116,24.0696876244619, 18.5759,3,16.67977,3,11.29582,-0.058442,53.5233,301
24.0369011247531, 18.9712,24.0863897250965, 15.0063,2,16.68178,3,9.868337,-0.315637,55.1874,301
24.0530059253797, 14.5468,24.1026319256052, 16.8783,2,16.67991,3,9.039554,-0.704659,51.2231,301
24.0696876244619, 18.6721,24.1192334247753, 17.1109,2,16.68165,3,9.452342,-0.39506,53.5544,301
24.0863897250965, 14.9725,24.1361450245604, 15.5536,2,16.68016,3,9.535237,-0.459382,51.9942,301
24.1026319256052, 16.0004,24.1533977249637, 18.3738,2,16.67956,3,10.79626,-1.364615,52.5744,301
24.1192334247753, 17.771,24.1700556250289, 15.6715,2,16.68052,3,10.66706,0.706938,54.9486,301
24.1361450245604, 16.351,24.1873011244461, 19.1055,2,16.68023,3,9.471782,-0.059549,52.8494,301
24.1533977249637, 17.6787,24.2039732253179, 15.6097,2,16.6811,3,10.92031,-0.114564,55.6042,301
24.1700556250289, 15.6677,24.219568525441, 14.4248,2,16.68022,3,10.13976,-0.242465,53.5355,301
24.1873011244461, 16.6003,24.236301724799, 18.2876,2,16.68015,3,9.144149,-0.184584,52.2882,301
24.2039732253179, 16.7283,24.2530310256407, 15.4506,2,16.68019,3,10.20396,-0.272111,53.9805,301
24.219568525441, 16.2029,24.2703425260261, 17.5703,2,16.67977,3,9.133465,-0.647833,52.7031,301
24.236301724799, 17.6302,24.2886426253244, 16.7216,2,16.6806,2,10.88068,-0.093098,54.0709,301
24.2530310256407, 16.1162,24.3036038251594, 16.9231,2,16.68011,2,9.597111,0.356979,53.1626,301
24.2703425260261, 32.4573,24.3217630246654, 17.3145,2,16.69377,3,10.90323,0.646473,53.9628,301
24.2886426253244, 11.897,24.336439024657, 14.6354,2,16.68962,3,10.5964,-0.333352,38.8261,301
24.3036038251594, 6.5983,24.3552197255194, 19.1232,2,16.6809,3,9.225821,-0.113046,41.5661,301
24.3217630246654, 16.7726,24.3724283259362, 16.0555,2,16.68098,3,10.14633,-0.12795,54.0913,301
24.336439024657, 15.0854,24.3873326256871, 18.0392,2,16.6796,3,9.432152,-0.694682,53.3743,301
24.336439024657, 16.3212,24.4032417256385, 13.9989,2,16.67929,3,9.085046,-0.374655,56.328,301
24.3552197255194, 15.5327,24.4195760264993, 16.496,3,16.6783,3,10.45765,-1.265149,54.0063,301
24.3873326256871, 18.3911,24.4387537259609, 19.1763,3,16.67978,3,9.208482,-0.389327,54.9697,301
24.4032417256385, 17.0016,24.4551254268736, 15.8172,2,16.68005,3,11.56196,0.569944,55.7552,301
24.4195760264993, 15.8616,24.4713341277093, 15.3566,2,16.67935,3,10.77745,-0.481697,54.5709,301
24.4387537259609, 18.4976,24.4863726273179, 16.5534,2,16.68091,3,10.67383,-0.73001,54.0664,301
24.4387537259609, 14.4522,24.5034099277109, 17.8103,2,16.679,3,10.66646,-0.487366,52.1228,301
24.4551254268736, 16.3008,24.5203089285642, 16.8836,3,16.67868,3,8.853497,-0.77455,55.4808,301
24.4863726273179, 19.6423,24.5363611280918, 14.5517,3,16.68121,3,10.98011,0.484521,56.064,301
24.5034099277109, 16.2394,24.5555481277406, 19.2324,2,16.68084,3,10.09877,0.604078,50.9736,301
24.5203089285642, 15.3199,24.5720576271415, 15.6235,2,16.67967,3,10.94255,-0.063786,53.9671,301
24.5363611280918, 16.4986,24.5865741269663, 16.6447,2,16.67952,3,10.10458,-0.519067,54.2705,301
24.5363611280918, 16.4221,24.6050834273919, 17.6248,2,16.6793,3,8.517422,-0.486791,54.4173,301
24.5555481277406, 16.6391,24.6202952275053, 15.84,3,16.67926,3,8.559886,0.026144,55.6204,301
24.5865741269663, 17.2209,24.6392265269533, 18.1964,3,16.67973,3,10.41867,-0.764575,54.8209,301
24.6050834273919, 17.2956,24.6535390270874, 14.331,2,16.68025,3,9.788391,0.108433,55.797,301
24.6202952275053, 15.9337,24.6702231271192, 17.971,2,16.67961,3,11.12046,0.969259,52.8325,301
24.6202952275053, 16.6207,24.6871425276622, 15.7772,2,16.67956,3,8.991275,0.232795,54.8702,301
24.6535390270874, 16.9682,24.7033971277997, 17.2693,3,16.67981,3,11.32047,-0.524517,54.0273,301
24.6702231271192, 18.319,24.7204130282626, 15.8558,2,16.6812,3,9.261841,0.033868,54.3285,301
24.6871425276622, 15.1578,24.7392621291801, 17.506,2,16.67991,3,7.067205,0.034783,51.8657,301
24.7033971277997, 17.7568,24.754118328914, 18.1818,2,16.68082,3,10.48962,-1.019316,54.2139,301
24.7204130282626, 15.6402,24.7702153287828, 13.8806,2,16.67994,3,9.632532,0.039413,54.6391,301
24.7204130282626, 16.2859,24.7873204294592, 17.6244,2,16.67961,3,10.49302,-0.430944,52.8799,301
24.754118328914, 18.4482,24.8034508302808, 17.4744,3,16.6811,3,8.822216,0.259863,54.2192,301
24.7702153287828, 14.8677,24.8208641298115, 15.6544,2,16.67957,3,11.47999,0.156379,53.2454,301
24.7873204294592, 16.8645,24.8366007301956, 17.0816,2,16.67973,3,8.862144,0.092304,54.0322,301
24.8034508302808, 18.3758,24.8541329298168, 16.3706,2,16.68115,3,11.07984,0.142073,54.2499,301
24.8208641298115, 15.5698,24.8704739306122, 17.2751,2,16.68022,3,9.196821,-0.875604,52.2449,301
24.8366007301956, 17.3398,24.8864482305944, 14.8634,2,16.68077,3,10.3605,0.0196,53.9504,301
24.8541329298168, 15.9233,24.9040199313313, 18.2426,2,16.68014,3,9.164827,-0.664582,51.4744,301
24.8704739306122, 17.7079,24.920714430511, 17.6438,2,16.681,3,10.2659,-0.489535,53.794,301
24.8864482305944, 15.7105,24.9376523308456, 15.1246,2,16.68019,3,10.0242,0.158523,53.7301,301
24.9040199313313, 16.2938,24.9536543302238, 16.9102,2,16.67986,3,10.70278,-0.16776,53.1441,301
24.920714430511, 18.462,24.9703724309802, 17.8879,2,16.68135,3,9.774535,-0.195334,53.761,301
24.9376523308456, 15.4098,24.9875532314181, 15.7532,2,16.68029,3,11.12858,-0.084426,53.1875,301
24.9536543302238, 16.0558,25.0039375312626, 17.4202,2,16.67977,3,9.03966,0.097061,53.5312,301
24.9703724309802, 18.4863,25.0207837317139, 15.6889,2,16.68128,3,10.87783,-0.209275,54.8958,301
24.9875532314181, 15.6192,25.0376125313342, 17.7759,2,16.68039,3,9.266626,0.636285,52.0989,301
25.0039375312626, 17.166,25.0541171319783, 15.4893,2,16.6808,3,11.00864,1.268715,54.2558,301
25.0207837317139, 16.116,25.0708766318858, 16.5464,2,16.68033,3,8.762175,0.034122,52.5791,301
25.0376125313342, 16.3768,25.0866827312857, 17.215,2,16.68007,3,11.03681,-1.368118,53.01,301
25.0541171319783, 17.223,25.1066721305251, 17.3594,2,16.68052,3,8.357785,-1.081283,53.8484,301
25.0708766318858, 16.3781,25.1212013307959, 16.2541,2,16.68027,3,9.268778,0.384615,53.977,301
25.0866827312857, 17.1839,25.138686131686, 16.5431,2,16.68069,3,8.965118,-0.374487,53.8613,301
25.0866827312857, 14.1503,25.154776731506, 17.3135,2,16.67859,3,11.88978,-0.147847,53.2212,301
25.1212013307959, 18.5259,25.1705494318157, 14.9355,3,16.68012,3,10.16238,0.063331,56.3839,301
25.138686131686, 17.3471,25.1879910323769, 19.0479,2,16.68068,3,11.24759,-0.359032,52.7943,301
25.154776731506, 16.5263,25.204071931541, 14.6905,2,16.68055,3,8.609047,-1.503837,54.4958,301
25.1705494318157, 15.9854,25.2217117324471, 18.4607,2,16.67997,3,10.44057,-0.544474,52.66,301
25.1879910323769, 18.3919,25.2374933324754, 13.7406,2,16.68139,2,9.008732,-0.615381,55.1357,301
25.204071931541, 15.0474,25.2544228322804, 18.5231,2,16.68004,1,10.82364,-0.372917,50.4842,301
25.2544228322804, 57.049,25.2715292330831, 17.1751,2,16.71335,0,10.34637,-0.752381,53.9605,301
25.2544228322804, 0.6503,25.2895975336432, 16.254,0,16.7001,3,10.96128,-0.613832,14.0867,301
25.2544228322804, 1.8867,25.3061093334109, 17.9247,1,16.6879,3,9.194417,-0.401192,29.6922,301
25.2715292330831, 8.1497,25.3208154337481, 14.6278,2,16.68088,3,10.53868,-0.903417,45.7303,301
25.2715292330831, 15.0752,25.337673834525, 17.8519,2,16.67955,3,10.27913,-0.498363,52.2082,301
25.3061093334109, 16.7735,25.3535891352221, 14.8488,3,16.67963,3,9.491392,-0.490401,54.9842,301
25.3208154337481, 16.8494,25.3708276348189, 17.9281,2,16.67977,3,10.80352,1.816637,53.0596,301
25.337673834525, 17.6168,25.38824193459, 18.3094,2,16.68054,3,9.633163,-0.513258,54.1389,301
25.3535891352221, 15.6925,25.4034901345149, 13.957,2,16.67973,3,10.5965,0.30316,54.8314,301
25.3708276348189, 16.7741,25.4203131338581, 17.7649,2,16.67981,3,10.40976,-0.727727,53.0805,301
25.38824193459, 18.6341,25.4379169335589, 15.0667,2,16.68141,3,8.792358,-0.677911,54.0875,301
25.4034901345149, 15.0947,25.4541384326294, 18.2174,2,16.68011,2,10.21694,-0.854045,50.5202,301
25.4203131338581, 16.7627,25.4710901333019, 16.7707,2,16.68018,1,8.731427,-0.288961,53.6383,301
25.4710901333019, 52.8887,25.4875145340338, 17.6492,2,16.70973,1,10.47061,-0.022739,53.652,301
25.4710901333019, 2.1028,25.505679034628, 15.1131,0,16.69782,3,9.478245,0.55036,18.4123,301
25.4710901333019, 1.8055,25.5207930346951, 17.5335,1,16.68568,3,11.10896,-0.151378,31.4233,301
25.4875145340338, 10.9784,25.537720833905, 16.1346,2,16.68103,3,9.152639,0.243138,47.1527,301
25.4875145340338, 12.5193,25.5547244334593, 17.3748,2,16.67765,3,10.20804,-0.759891,52.3079,301
25.5207930346951, 19.847,25.5725524341688, 16.9548,3,16.68023,3,8.026478,1.286142,57.1529,301
25.537720833905, 16.1734,25.587875533849, 16.1553,2,16.67981,3,10.07526,-0.079601,54.2722,301
25.5547244334593, 16.5817,25.6061696335673, 17.6868,2,16.67973,3,9.488891,-0.775715,54.2534,301
25.5725524341688, 18.282,25.6229634340852, 15.4471,2,16.68103,3,9.448758,-0.103679,55.3583,301
25.587875533849, 14.9742,25.6377140339464, 18.1935,2,16.67965,3,9.799501,-0.519261,52.5245,301
25.587875533849, 16.2231,25.6538688335568, 14.011,2,16.67928,3,8.824415,-0.913298,55.7438,301
25.6061696335673, 16.794,25.6710171326995, 17.6781,3,16.67937,3,11.29738,-0.202518,53.532,301
25.6377140339464, 18.5422,25.6876870319247, 17.3349,3,16.68088,3,9.820661,0.421081,54.4165,301
25.6538688335568, 15.0752,25.7040299326181, 15.2813,2,16.67958,3,8.986098,0.042485,53.209,301
25.6710171326995, 16.8942,25.7229800317436, 18.9037,2,16.67976,3,11.31642,0.065952,53.4154,301
25.6876870319247, 18.0776,25.7400682326406, 15.704,2,16.68088,3,9.137619,-0.222196,55.4253,301
25.7040299326181, 15.1211,25.7545940326527, 17.1871,2,16.67963,3,9.148515,-0.067682,53.0446,301
25.7040299326181, 16.3325,25.7706937333569, 14.8848,2,16.67935,3,9.167348,-0.62128,55.1182,301
25.7229800317436, 16.82,25.7880024341866, 19.2573,3,16.67946,3,9.839796,-0.295877,53.6627,301
25.7545940326527, 18.5473,25.8042697338387, 14.2371,3,16.68096,3,8.476882,-0.027797,56.1081,301
25.7706937333569, 15.4439,25.8232050342485, 17.5894,2,16.67997,3,8.39648,-1.512717,51.7987,301
25.7880024341866, 16.0887,25.8377602342516, 17.032,2,16.67949,3,9.285577,-0.058517,53.9445,301
25.8042697338387, 16.9563,25.8545487336814, 15.4002,2,16.67971,3,10.5835,-0.834991,54.8878,301
25.8042697338387, 16.1131,25.873147033155, 17.5501,2,16.67926,3,7.931517,1.686401,53.3316,301
25.8377602342516, 18.7144,25.8900596331805, 18.2712,3,16.68089,3,10.16812,1.083235,54.7696,301
25.8545487336814, 15.3803,25.9067215323448, 17.2785,2,16.67985,3,10.43179,-0.101593,54.3267,301
25.8545487336814, 16.0903,25.922054531984, 13.3404,2,16.67938,2,9.623199,-0.721664,56.2252,301
25.8900596331805, 18.6311,25.9380595320836, 17.7674,3,16.68094,1,10.12457,0.779989,53.4756,301
25.9380595320836, 53.7452,25.9547659317032, 16.1336,2,16.71052,0,8.614393,-1.15258,52.6123,301
25.9380595320836, 0.6096,25.97168753203, 17.9217,0,16.69768,3,10.69646,-0.748806,15.0011,301
25.9380595320836, 2.0736,25.9875577325001, 16.4202,1,16.68603,3,9.598711,-0.190169,32.315,301
25.9547659317032, 8.813,26.0073930332437, 18.5106,2,16.67976,3,9.40858,-0.102007,46.6615,301
25.97168753203, 17.1199,26.0216699335724, 13.9081,2,16.68011,3,10.63811,0.034636,56.359,301
25.9875577325001, 17.1717,26.0382910333574, 16.8441,2,16.6805,3,11.25967,0.440038,53.1468,301
25.9875577325001, 16.0068,26.0551426336169, 17.945,2,16.67996,3,10.30721,0.164746,52.8196,301
26.0216699335724, 16.5866,26.0713403336704, 15.3786,3,16.67989,3,9.101264,0.078407,54.7438,301
26.0382910333574, 16.9593,26.0886738337576, 18.1898,2,16.68011,3,10.06676,-0.427313,53.5498,301
26.0551426336169, 17.7328,26.1050120331347, 15.3494,2,16.68094,3,8.574654,-0.04037,54.7764,301
26.0713403336704, 15.7218,26.1240599323064, 17.7018,2,16.68019,3,10.16729,0.43586,52.3979,301
26.0886738337576, 17.8951,26.1385195320472, 16.98,2,16.68115,3,8.956813,-0.624705,54.3785,301
26.1050120331347, 15.656,26.1543668312952, 14.3773,2,16.68034,3,10.40267,-0.118533,53.4633,301
26.1050120331347, 16.1548,26.171481131576, 18.0048,2,16.67992,3,9.07434,1.011948,52.1849,301
26.1385195320472, 18.2845,26.1886038323864, 17.9485,3,16.68119,3,8.130505,-0.427744,54.0351,301
26.1543668312952, 15.2478,26.2052810331807, 15.2349,2,16.68006,3,9.748833,0.151037,53.6994,301
26.171481131576, 16.5723,26.2219455325976, 17.924,2,16.67997,3,10.08405,-0.909631,53.6868,301
26.1886038323864, 18.2796,26.2386533329263, 15.4392,2,16.68123,3,10.02714,-0.71701,55.0388,301
26.2052810331807, 15.4705,26.254439833574, 16.2871,2,16.68028,3,9.355463,0.04691,52.1978,301
26.2219455325976, 16.332,26.2720936341211, 18.4892,2,16.68001,3,10.46693,-0.466204,53.015,301
26.2386533329263, 17.0072,26.2891415348276, 15.8347,2,16.68026,3,9.88871,-0.595303,55.1728,301
26.254439833574, 15.8021,26.3071505343542, 16.6129,2,16.67957,3,11.45989,-0.371296,54.0003,301
26.2720936341211, 18.8503,26.3241925342008, 18.3443,2,16.68128,3,9.339904,-0.895038,54.8111,301
26.2720936341211, 12.9315,26.3383731339127, 13.8502,2,16.67834,3,11.1705,-0.833084,54.2918,301
26.2891415348276, 18.2055,26.3568295333534, 18.4741,3,16.67953,3,10.74,-0.429263,55.2086,301
26.3071505343542, 17.1236,26.3718879334629, 15.662,3,16.67988,3,9.422438,-0.809705,55.4802,301
26.3383731339127, 16.4116,26.3906096331775, 17.1186,3,16.67967,3,9.786684,-0.574951,54.0333,301
26.3383731339127, 16.2418,26.407001433894, 16.3956,2,16.67933,3,11.19356,-0.225576,54.7403,301
26.3568295333534, 15.1673,26.4226685333997, 18.7297,3,16.67815,3,9.818805,0.045178,54.8945,301
26.3718879334629, 18.5804,26.4405584335327, 16.7298,3,16.67963,3,11.41605,0.165948,58.4562,301
26.3906096331775, 16.3158,26.4552817335352, 14.4647,3,16.67935,3,10.22028,-0.448931,56.6069,301
26.4226685333997, 20.2696,26.4719971334562, 17.5307,3,16.68214,3,11.02992,-0.590527,54.7561,301
26.4226685333997, 11.4464,26.4885700335726, 15.4722,2,16.67807,3,8.675252,-0.738433,52.018,301
26.4552817335352, 19.0832,26.5047597335652, 17.2564,3,16.67994,3,10.22443,-0.371635,56.0431,301
26.4719971334562, 17.7308,26.5244990335777, 17.642,2,16.68076,3,9.686927,-1.076796,54.2171,301
26.4885700335726, 15.8522,26.5401164339855, 15.2133,2,16.68011,3,11.26713,-0.570352,54.1282,301
26.5047597335652, 17.3643,26.5558428345248, 19.3005,2,16.68064,3,10.16854,-0.450822,53.4898,301
26.5047597335652, 13.1141,26.5724385352805, 14.6689,2,16.67788,3,10.9916,-0.984968,55.4185,301
26.5244990335777, 18.4126,26.5884318361059, 15.6135,3,16.67922,3,10.64305,-0.26697,56.9807,301
26.5558428345248, 20.6796,26.6053792359307, 18.3602,3,16.68232,3,11.01032,-0.140952,54.183,301
26.5558428345248, 11.4249,26.6216405360028, 15.1713,2,16.67825,3,9.917568,-0.435386,51.8638,301
26.5884318361059, 18.6363,26.6407095352188, 18.7538,3,16.67977,3,11.64947,-0.190946,55.6103,301
26.6053792359307, 18.4621,26.6543778348714, 13.772,2,16.68114,3,9.820752,0.652991,55.7281,301
26.6216405360028, 15.1343,26.6736045349389, 17.7982,2,16.67995,3,10.67729,0.31291,51.038,301
26.6216405360028, 16.2201,26.6901196353137, 17.7358,2,16.6796,3,10.37775,1.859198,53.6831,301
26.6543778348714, 17.1844,26.7067165356129, 17.5302,3,16.67998,3,9.090909,-0.613019,55.2052,301
26.6543778348714, 15.5289,26.7222283352166, 17.1,2,16.6791,3,10.08389,0.13711,55.5645,301
26.6901196353137, 19.0023,26.7384973354638, 14.2193,3,16.68089,3,8.056502,-0.566878,57.136,301
26.7067165356129, 16.5872,26.754785835743, 16.4352,2,16.68081,3,9.946519,-0.30404,52.3533,301
26.7222283352166, 15.7041,26.7735735364258, 18.4197,2,16.68006,3,9.31629,-0.715252,52.2012,301
26.7384973354638, 16.5858,26.7886012364179, 15.0751,2,16.67999,3,10.48338,-0.399589,54.9176,301
26.754785835743, 16.4314,26.8070487361401, 17.2315,2,16.6798,3,9.55324,-0.623873,53.4068,301
26.7735735364258, 16.0754,26.823539936915, 17.8558,2,16.67934,3,10.98775,0.278717,54.1743,301
26.7886012364179, 17.4439,26.838630836457, 15.3037,2,16.67992,3,10.64669,-0.624541,55.9783,301
26.7886012364179, 15.7808,26.8571003358811, 18.3588,2,16.67923,3,9.648673,-0.365599,53.8479,301
26.823539936915, 18.5149,26.8736380357295, 16.6366,3,16.68064,3,11.34048,-0.601894,56.4071,301
26.838630836457, 15.5605,26.8906688354909, 15.1925,2,16.67978,3,7.619041,0.11143,54.5484,301
26.8571003358811, 16.2386,26.9051869353279, 17.7653,2,16.67945,3,10.9978,-0.780254,54.1805,301
26.8571003358811, 14.9936,26.9240860352293, 15.7613,2,16.67816,3,9.800894,-0.075939,55.7076,301
26.8736380357295, 18.3003,26.9402786353603, 17.3923,3,16.6794,3,11.02017,-0.07601,56.4668,301
26.9051869353279, 18.8243,26.9552906351164, 15.7505,3,16.68103,3,9.194554,0.056217,55.5516,301
26.9051869353279, 14.6562,26.9739831360057, 18.0663,2,16.67949,3,11.27764,0.374634,52.4943,301
26.9402786353603, 18.4249,26.9895862359554, 16.3073,3,16.68081,3,10.10961,0.766612,55.9047,301
26.9552906351164, 15.5618,27.0053099356592, 15.6912,2,16.67996,3,9.027683,-0.827713,53.788,301
26.9552906351164, 15.7588,27.0239185355604, 18.4945,2,16.67927,3,10.53777,-0.026443,53.8986,301
26.9739831360057, 15.2206,27.0385283352807, 13.721,3,16.67816,3,8.363588,-0.001865,56.6481,301
27.0053099356592, 18.8094,27.0576576357707, 19.635,3,16.67978,3,9.744313,0.440913,55.1546,301
27.0239185355604, 16.2552,27.0726449359208, 14.8676,2,16.67945,3,11.15504,0.730291,55.9804,301
27.0385283352807, 17.0388,27.0892727356404, 17.4127,2,16.67973,3,9.356665,-1.218964,54.5927,301
27.0385283352807, 16.5003,27.1077896356583, 17.5028,2,16.67959,3,12.00209,0.232769,54.9671,301
27.0726449359208, 16.7688,27.1223114356399, 15.2964,3,16.67966,3,9.642509,-0.375885,55.97,301
27.0892727356404, 17.5187,27.1414446365088, 18.4204,2,16.68029,3,8.668564,-0.875992,54.4981,301
27.1077896356583, 16.0497,27.1554956361651, 14.486,2,16.67982,3,12.32623,0.233048,55.3994,301
27.1223114356399, 16.6801,27.1743892356753, 18.7741,2,16.67982,3,8.581985,0.476976,53.8268,301
27.1223114356399, 16.867,27.1887459354475, 14.5076,2,16.67996,3,10.75189,-0.249522,55.9303,301
27.1554956361651, 16.8564,27.2052672347054, 16.1975,3,16.68009,3,10.22235,0.248219,53.5712,301
27.1554956361651, 15.8434,27.2240492338315, 19.2757,2,16.67946,3,10.12122,-0.769933,52.913,301
27.1887459354475, 17.7604,27.2383437342942, 15.3876,3,16.68027,3,9.198022,-0.324969,56.3132,301
27.2052672347054, 16.1731,27.2582824341953, 16.7497,2,16.67989,3,11.06758,-0.421548,53.9729,301
27.2240492338315, 18.1201,27.2746629342437, 17.6051,2,16.68097,3,9.372933,-0.831439,54.5332,301
27.2383437342942, 16.5976,27.2893495345488, 14.7578,2,16.68091,3,10.15687,-0.402982,54.0352,301
27.2383437342942, 13.4727,27.3079923344776, 17.3966,2,16.6785,3,10.55865,-1.151272,52.1881,301
27.2582824341953, 18.3032,27.3238397343084, 18.5597,3,16.67972,3,9.711339,-0.294472,56.1196,301
27.2893495345488, 17.0107,27.3392644347623, 14.1179,3,16.67997,3,11.32258,0.006387,56.3765,301
27.2893495345488, 16.0822,27.3562264339998, 17.3415,2,16.67952,3,9.566972,-0.761871,53.4842,301
27.3238397343084, 19.9244,27.3743904335424, 17.4858,3,16.68195,3,11.72277,0.452277,54.744,301
27.3392644347623, 13.2865,27.3912255326286, 15.8657,2,16.67941,3,10.10941,-0.332417,52.2982,301
27.3562264339998, 17.1257,27.4061878323555, 16.8904,2,16.67974,3,8.813171,-0.084064,54.8852,301
27.3562264339998, 16.2907,27.4227197319269, 17.0036,2,16.67945,3,11.17172,0.786382,54.6501,301
27.3743904335424, 16.7755,27.4391143321991, 14.0898,3,16.67953,3,10.42822,-0.259826,55.3634,301
27.4061878323555, 17.209,27.4562336318195, 19.9376,3,16.67992,2,9.020964,-0.179201,52.6781,301
27.4227197319269, 17.9421,27.4742887318134, 15.1306,2,16.68086,3,9.175718,-0.700147,55.4073,301
27.4391143321991, 19.9923,27.4892123313621, 17.2449,2,16.68332,3,9.102226,-0.312276,52.5958,301
27.4562336318195, 13.0399,27.5062442319468, 16.603,2,16.68061,3,9.479001,-0.627546,49.849,301
27.4562336318195, 14.821,27.5240114321932, 15.9763,2,16.67923,3,10.50135,-0.504664,53.4126,301
27.4892123313621, 18.4052,27.5383571321145, 16.613,3,16.68051,3,10.58758,-0.424984,54.5435,301
27.5062442319468, 15.7384,27.5554251326248, 15.968,2,16.67982,3,10.56455,-1.378401,52.7591,301
27.5062442319468, 15.6849,27.572731432505, 17.7851,2,16.67908,3,10.68736,-0.510276,53.0058,301
27.5383571321145, 18.2865,27.5916061317548, 18.5527,3,16.68027,3,9.478184,-0.129065,55.1058,301
27.5554251326248, 15.4036,27.6075391313061, 14.512,2,16.67933,3,10.9944,0.323276,55.3729,301
27.572731432505, 16.9226,27.6240368308499, 17.6249,2,16.6795,3,10.57728,0.031787,54.4816,301
27.572731432505, 16.9643,27.6394591312855, 15.8996,2,16.67971,3,11.21377,-0.234422,55.1845,301
27.5916061317548, 15.8569,27.6561109311879, 16.2139,3,16.67911,3,10.23572,-0.248459,54.1199,301
27.6075391313061, 16.4327,27.6731631308794, 18.8,3,16.67893,3,8.260213,0.116133,54.4523,301
27.6394591312855, 17.5949,27.6893498301506, 14.5056,3,16.6796,3,10.73002,-0.618398,56.8449,301
27.6561109311879, 17.951,27.7064540293068, 17.5203,2,16.68054,3,9.071559,-0.182106,53.7557,301
27.6731631308794, 16.9566,27.7250553295016, 18.2702,2,16.68074,3,10.83477,0.566202,53.3252,301
27.6893498301506, 16.0121,27.7394757298753, 14.0559,2,16.68025,3,9.344298,0.144758,54.6394,301
27.7064540293068, 16.5347,27.7583762304857, 17.8817,2,16.68014,3,9.951106,-0.078195,52.6748,301
27.7250553295016, 18.198,27.7745802300051, 17.2968,2,16.68126,3,10.5892,-0.17346,54.0304,301
27.7394757298753, 14.6393,27.7912905300036, 15.5561,2,16.67976,3,8.000942,0.339924,53.1037,301
27.7394757298753, 16.5879,27.8059070296586, 17.4378,2,16.67969,3,9.597695,-0.424478,54.0469,301
27.7583762304857, 16.2568,27.8222162295133, 14.863,3,16.67938,3,9.17696,-0.453289,54.897,301
27.7745802300051, 16.6287,27.8396000303328, 18.2178,3,16.67934,3,8.912876,0.544418,53.5041,301
27.8059070296586, 18.718,27.8564853295684, 16.1992,3,16.68084,3,10.16768,-0.129174,55.0928,301
27.8222162295133, 15.2375,27.8731607291847, 16.1205,2,16.67978,3,10.96579,-0.357989,52.575,301
27.8396000303328, 16.5416,27.8896885290742, 18.1118,2,16.67968,3,9.721482,-0.306965,53.4582,301
27.8564853295684, 17.5988,27.9060736298561, 14.8507,2,16.68035,3,9.613674,-0.162882,55.0282,301
27.8731607291847, 16.0587,27.922494629398, 16.4008,2,16.6799,3,9.398889,0.868671,52.2599,301
27.8896885290742, 16.6534,27.9397533293813, 19.1512,2,16.67988,3,10.85867,0.647726,52.6228,301
27.9060736298561, 17.3305,27.9565191287547, 15.3862,2,16.68035,3,9.462182,-0.135224,55.1212,301
27.922494629398, 16.4115,27.9726537279785, 17.2583,2,16.68015,3,10.49403,-0.483804,53.1772,301
27.9397533293813, 18.1978,27.9904250279069, 17.0686,2,16.68126,3,8.135574,-0.636427,54.0234,301
27.9565191287547, 15.8706,28.0075075272471, 17.2381,2,16.68067,3,9.482324,0.858162,52.8958,301
27.9726537279785, 16.465,28.0251556281, 15.6932,2,16.68051,3,9.247004,-0.682793,54.2636,301
27.9904250279069, 16.8288,28.0412399284542, 17.8876,2,16.68062,3,10.86513,-0.463422,53.4917,301
27.9904250279069, 14.4136,28.0580594278872, 15.9418,2,16.67898,3,10.14774,-0.787868,54.551,301
28.0075075272471, 17.4104,28.0727131282911, 15.0161,3,16.67951,3,9.580493,-0.478031,56.0785,301
28.0412399284542, 19.302,28.0900634275749, 17.8323,3,16.68141,3,10.70002,-1.452525,53.6854,301
28.0412399284542, 13.5959,28.106480226852, 17.1578,2,16.67917,3,9.882268,0.843915,52.2158,301
28.0727131282911, 17.758,28.1231366274878, 15.8599,3,16.67995,3,11.51613,0.575317,55.7778,301
28.0900634275749, 16.643,28.1399789275602, 16.8866,2,16.67993,3,9.920925,0.515149,53.8751,301
28.106480226852, 16.4107,28.1564451279119, 17.203,2,16.67973,3,12.07189,0.587335,54.1235,301
28.1231366274878, 16.6961,28.1732104280964, 15.6359,2,16.67974,3,9.161483,0.513492,54.9162,301
28.1399789275602, 16.9707,28.1891622273251, 17.124,2,16.67995,3,8.072751,0.037206,53.8556,301
28.1564451279119, 17.8651,28.206549926661, 16.8188,2,16.68081,3,8.276965,0.940887,54.0093,301
28.1732104280964, 15.5484,28.225015626289, 16.4975,2,16.67999,3,9.137508,0.33466,52.9638,301
28.1891622273251, 17.5301,28.23997462634, 17.349,2,16.6806,3,9.409194,-0.196827,53.9125,301
28.206549926661, 15.5598,28.2562471264973, 15.236,2,16.6798,3,9.093013,-0.043465,53.7321,301
28.206549926661, 16.172,28.2740293266252, 17.8339,2,16.67943,3,8.21674,-0.524934,53.4079,301
28.23997462634, 18.5664,28.2910133274272, 18.2004,3,16.68079,3,10.36973,-0.807154,55.0707,301
28.2562471264973, 15.7804,28.3064715275541, 14.1436,2,16.68014,3,9.703165,-0.83321,54.7049,301
28.2740293266252, 16.4486,28.325208327733, 17.5451,2,16.67998,3,9.315634,1.210006,53.0682,301
28.2910133274272, 19.0198,28.3402166273445, 17.4116,2,16.68165,3,10.89505,-0.005744,54.1652,301
28.3064715275541, 14.2124,28.3566488269717, 15.0723,2,16.67989,3,10.82591,-1.018099,52.5517,301
28.3064715275541, 16.0963,28.3756378274411, 17.7838,2,16.67947,3,10.06309,-0.297157,53.4172,301
28.3402166273445, 19.019,28.3902691276744, 17.3793,3,16.68114,3,8.778944,-0.516941,55.1053,301
28.3566488269717, 15.012,28.4066872270778, 14.9463,2,16.67995,3,8.634499,-1.202079,53.4662,301
28.3566488269717, 16.4066,28.4241914274171, 18.7302,2,16.67975,3,11.39576,-0.885438,53.4002,301
28.3902691276744, 18.6457,28.4423079276457, 17.636,3,16.68115,3,10.05444,-0.172993,55.7246,301
28.4066872270778, 15.1341,28.4584683282301, 14.068,2,16.68005,3,8.902979,-0.994239,54.7146,301
28.4241914274171, 18.5867,28.4734191279858, 16.5832,2,16.68141,3,11.68684,-0.309241,53.6484,301
28.4241914274171, 12.5497,28.4896525274962, 14.7711,2,16.67847,2,9.762493,-0.05969,51.6457,301
28.4423079276457, 17.9045,28.5066546276212, 19.7905,3,16.67934,1,9.929139,-0.913159,53.8667,301
28.5066546276212, 55.2867,28.524878827855, 16.3869,3,16.70678,1,9.934541,0.044028,55.7537,301
28.5066546276212, 0.6855,28.5426358282566, 18.0093,0,16.6954,3,10.66959,0.048992,16.8545,301
28.5066546276212, 2.1839,28.5568795278668, 14.0884,1,16.6851,3,9.597159,-0.923446,34.1795,301
28.524878827855, 9.8252,28.5758602283895, 17.827,2,16.68024,3,9.745172,-1.146023,46.0837,301
28.524878827855, 16.2124,28.5925108287483, 16.6313,2,16.67991,3,10.36101,-0.289313,54.0858,301
28.5568795278668, 16.5375,28.6084688287228, 17.3128,3,16.67981,3,9.690846,-0.44629,54.5045,301
28.5568795278668, 14.6147,28.6232813289389, 14.7272,2,16.67834,3,9.732123,0.899062,55.2804,301
28.5758602283895, 18.7108,28.6405888283625, 18.2386,3,16.67978,3,11.37431,-0.493922,55.378,301
28.6084688287228, 16.2899,28.6567153288051, 15.3957,3,16.6795,3,9.31639,-0.997188,54.9216,301
28.6232813289389, 17.1174,28.6740733282641, 17.719,2,16.67982,3,11.15594,-0.220568,54.0275,301
28.6405888283625, 16.8066,28.6907303286716, 17.1725,2,16.6799,3,8.978322,0.244774,54.6292,301
28.6567153288051, 17.1867,28.707669028081, 15.5787,2,16.68026,3,10.96939,-0.604692,54.9862,301
28.6740733282641, 16.5985,28.7242970289662, 17.5019,2,16.6802,3,10.08467,-0.189346,53.3875,301
28.6907303286716, 18.0618,28.7397960294038, 16.5439,2,16.68118,3,9.978226,-0.902084,54.2911,301
28.707669028081, 15.4283,28.758084628731, 16.8534,2,16.6803,3,9.977892,0.270008,52.7724,301
28.7242970289662, 16.7394,28.7768859285861, 17.4153,2,16.68034,3,7.835146,-0.072886,54.1985,301
28.7397960294038, 17.3177,28.7923635281622, 16.5566,2,16.68078,3,9.886984,-0.083074,54.8747,301
28.758084628731, 16.7333,28.8087624274194, 15.2902,2,16.68082,3,10.06539,0.423683,54.1142,301
28.758084628731, 16.2204,28.8238956276327, 16.8915,2,16.6805,3,8.526086,-0.27751,52.6714,301
28.7768859285861, 15.4997,28.8422356285155, 17.51,3,16.67967,3,9.510474,-0.889681,53.3277,301
28.7923635281622, 16.2416,28.8572281282395, 15.0801,3,16.67936,3,9.520917,1.400062,55.3526,301
28.8238956276327, 17.1555,28.8746676277369, 17.9681,3,16.6797,3,8.82751,-0.599828,54.1922,301
28.8238956276327, 16.3716,28.8911983277649, 17.6458,2,16.67948,3,10.95888,-0.149858,55.0032,301
28.8572281282395, 17.5143,28.9076157286763, 14.8402,3,16.68007,3,10.17934,-0.671729,56.2794,301
28.8746676277369, 17.0421,28.9238763283938, 16.206,2,16.68032,3,8.836928,-1.512301,53.6058,301
28.8911983277649, 18.3316,28.9419367276132, 19.7843,2,16.68147,3,10.26286,1.77449,52.7697,301
28.9076157286763, 14.9123,28.9577967282385, 15.0112,2,16.68024,3,6.886129,-0.913575,54.2226,301
28.9238763283938, 17.0217,28.9738497287035, 16.078,2,16.68048,3,10.8791,0.038157,54.321,301
28.9419367276132, 18.9083,28.9907223284245, 15.0338,2,16.68203,2,11.15611,-0.51082,53.378,301
28.9577967282385, 14.0522,29.0078626275063, 19.52,2,16.6802,1,8.253975,-0.483127,49.5044,301
29.0078626275063, 52.8503,29.0253126267344, 16.3435,2,16.70537,2,11.38104,-0.465577,54.9724,301
29.0078626275063, 2.0274,29.0412894263864, 16.2683,0,16.69516,3,8.66192,-0.893533,18.4657,301
29.0078626275063, 1.8037,29.0589529257268, 15.9833,1,16.68481,3,11.07423,-0.965195,32.7073,301
29.0078626275063, 8.478,29.07502922602, 17.1963,2,16.67911,3,9.179677,-0.73471,46.8868,301
29.0253126267344, 15.5967,29.0903571257368, 15.8763,3,16.67836,3,10.85563,-0.150337,55.5852,301
29.0412894263864, 17.9836,29.1092455266044, 17.2978,3,16.67927,3,10.65699,-0.189434,55.8853,301
29.07502922602, 16.4316,29.1254556262866, 17.3022,3,16.67909,3,10.22481,0.345551,55.1998,301
29.0903571257368, 17.1578,29.1424495270476, 16.8358,2,16.67942,3,11.35244,0.305505,56.071,301
29.0903571257368, 16.867,29.1579030267894, 16.0269,2,16.67956,3,9.661734,-0.701883,55.7483,301
29.1254556262866, 17.7806,29.17612952739, 16.766,3,16.68032,3,10.67135,-0.661556,54.9096,301
29.1254556262866, 15.4263,29.1926492266357, 17.5353,2,16.67945,3,8.247195,-0.598354,53.8949,301
29.1424495270476, 15.0443,29.2076771268621, 15.5902,3,16.67832,3,9.316883,0.030937,56.0044,301
29.1579030267894, 18.6426,29.2262566266581, 16.9093,3,16.67968,3,11.57236,0.625328,56.55,301
29.17612952739, 16.6045,29.2425851272419, 17.3212,3,16.67962,3,9.965754,-0.13934,54.8176,301
29.2076771268621, 16.895,29.259390826337, 15.71,3,16.67977,3,11.19566,-0.261937,55.5343,301
29.2076771268621, 16.5886,29.2756209271029, 16.4332,2,16.67971,3,10.30877,-0.737713,54.349,301
29.2262566266581, 16.3921,29.2921161269769, 17.9986,3,16.67951,3,10.28454,0.019487,54.1935,301
29.2425851272419, 15.093,29.3077297266573, 15.6403,3,16.67842,3,10.03844,0.782596,55.8015,301
29.259390826337, 17.8918,29.325559027493, 16.0311,3,16.67925,3,9.405313,0.191793,56.3526,301
29.2921161269769, 18.5094,29.3428776282817, 18.726,3,16.68051,3,11.44971,-0.568484,54.4934,301
29.2921161269769, 13.6696,29.3576206285506, 15.2488,2,16.67845,3,9.007104,-0.892438,54.7098,301
29.3077297266573, 17.7637,29.3765738289803, 17.1207,3,16.67919,3,9.633807,0.150111,56.279,301
29.325559027493, 17.2113,29.3931232281029, 17.9212,3,16.67956,3,8.271784,1.264,55.6468,301
29.3576206285506, 17.2024,29.4093631282449, 14.9609,3,16.67991,3,10.95164,-0.2266,56.357,301
29.3576206285506, 15.171,29.4259865283966, 17.8261,2,16.67888,3,11.13749,-0.782876,54.1155,301
29.3931232281029, 19.4975,29.4430138282478, 15.6419,3,16.68081,3,8.6427,-0.468989,56.7713,301
29.3931232281029, 14.7513,29.4591482281685, 16.1532,2,16.67949,3,9.5043,-0.222224,52.9156,301
29.4259865283966, 18.3144,29.4757928289473, 18.0472,3,16.68061,3,10.83068,-0.876596,54.3178,301
29.4259865283966, 13.3205,29.4909080285579, 15.5334,2,16.67831,3,10.95449,1.592387,54.0508,301
29.4430138282478, 18.1475,29.5076795294881, 17.63,3,16.67931,3,9.824124,0.054989,56.2637,301
29.4591482281685, 16.7021,29.5268454290926, 18.347,3,16.67933,3,9.622196,-0.694974,55.747,301
29.4909080285579, 17.2183,29.5412097293884, 14.2242,3,16.6797,3,11.74471,0.336701,57.3918,301
29.5076795294881, 18.143,29.5575900301337, 17.8372,2,16.68069,3,9.199711,-0.400048,54.3985,301
29.5076795294881, 13.157,29.5750134307891, 15.4912,2,16.6783,3,10.25807,0.420738,54.0931,301
29.5412097293884, 18.996,29.5907008312643, 17.3604,3,16.67987,3,10.2904,-0.482126,56.4267,301
29.5575900301337, 18.9368,29.6082087308168, 16.0841,2,16.6814,3,9.347348,-0.489735,54.7914,301
29.5750134307891, 15.7286,29.6244866307825, 15.8353,2,16.68076,3,10.18636,-0.270934,51.9397,301
29.5907008312643, 16.5497,29.6444277316332, 20.0375,2,16.68067,3,8.671726,-0.679842,52.0467,301
29.6082087308168, 16.6686,29.6598261315376, 16.0039,2,16.68066,3,11.01853,-0.294862,55.5345,301
29.6244866307825, 16.2696,29.6744029317051, 14.7092,2,16.68038,3,9.730034,0.529198,54.8548,301
29.6244866307825, 16.9601,29.6911927312613, 17.798,2,16.68057,3,10.63354,0.027791,53.3101,301
29.6444277316332, 15.1322,29.7083650305867, 15.9211,3,16.67952,3,10.04506,-0.54011,54.1485,301
29.6744029317051, 19.1441,29.724818430841, 16.1569,3,16.68119,3,10.8703,-0.17238,54.9373,301
29.6911927312613, 16.4912,29.742786731571, 17.4596,2,16.68106,3,10.04771,-0.662106,51.9502,301
29.7083650305867, 16.109,29.7598742321134, 16.4211,2,16.68068,3,8.54391,0.063639,52.9195,301
29.724818430841, 15.5,29.7752960324287, 16.3526,2,16.67988,3,11.34098,-0.872581,53.2215,301
29.742786731571, 17.472,29.7910818327218, 15.7439,2,16.68041,3,10.40001,-0.162555,54.0844,301
29.742786731571, 14.7537,29.8076757322997, 16.8866,2,16.67912,3,9.605461,-0.424593,52.3481,301
29.7598742321134, 16.2239,29.8254455327988, 17.7206,3,16.67881,3,10.63318,-1.131094,54.4903,301
29.7910818327218, 17.5227,29.8429364319891, 16.3418,3,16.67938,3,10.23475,-0.32818,55.9868,301
29.8076757322997, 16.2662,29.8592298328876, 17.2841,2,16.6791,3,10.54629,-0.218543,54.8069,301
29.8254455327988, 16.5209,29.8766201324761, 17.6343,2,16.67899,3,9.952994,0.040102,55.8251,301
29.8254455327988, 17.2277,29.8930212333798, 15.0525,2,16.67936,3,11.76948,-0.633989,56.9386,301
29.8592298328876, 16.5994,29.9095366336405, 18.2873,3,16.67931,3,10.20764,-0.616658,54.7565,301
29.8766201324761, 22.352,29.9264943338931, 15.4389,2,16.68311,3,9.246998,-0.169336,56.4356,301
29.8766201324761, 11.206,29.9422204345465, 17.0396,2,16.67944,3,10.80169,-0.477628,49.5389,301
29.9095366336405, 16.7187,29.9585110340267, 14.7338,3,16.67947,2,10.57316,-0.304425,55.3731,301
29.9095366336405, 16.697,29.9762502331287, 21.8669,2,16.67948,1,9.367936,-0.183451,53.3787,301
29.9762502331287, 54.2115,29.9913172330707, 14.2094,3,16.70458,3,10.29403,-0.299624,58.5423,301
29.9762502331287, 2.2619,30.010073132813, 16.8833,0,16.69493,3,9.552425,-0.195849,18.5563,301
29.9762502331287, 2.0514,30.0262820329517, 16.4694,1,16.68515,3,10.54945,-1.064323,33.1795,301
29.9913172330707, 10.4937,30.0437813326716, 16.1756,2,16.68101,3,9.455524,0.997185,47.5978,301
29.9913172330707, 14.4613,30.0599277317524, 17.3582,2,16.67953,3,10.64045,0.069493,53.2793,301
30.010073132813, 15.0181,30.0763368308544, 14.9975,3,16.67843,3,10.78002,-1.059931,56.155,301
30.0262820329517, 18.8648,30.0912471311167, 16.4401,3,16.67988,3,10.24751,0.244293,56.1565,301
30.0599277317524, 16.4227,30.1102927317843, 18.6122,3,16.67971,3,9.574507,-0.560356,53.732,301
30.0599277317524, 16.1335,30.1269772322848, 15.5017,2,16.67935,3,9.993731,0.15017,55.9214,301
30.0912471311167, 17.6783,30.1433143327013, 18.0182,3,16.68001,3,10.13721,-0.457418,55.2902,301
30.0912471311167, 16.1138,30.1604535328224, 15.5473,2,16.67964,3,9.500456,0.420143,55.6299,301
30.1102927317843, 16.6283,30.1770874327049, 17.6334,3,16.6796,3,11.24993,-0.403596,54.9899,301
30.1433143327013, 16.7806,30.1914360327646, 14.7964,3,16.67967,3,8.882118,-0.151535,56.0697,301
30.1433143327013, 16.7366,30.2083765333518, 16.7098,2,16.67971,3,10.86876,0.297626,54.0739,301
30.1604535328224, 16.8816,30.2271422324702, 19.004,3,16.67984,3,9.091396,-0.239149,54.059,301
30.1914360327646, 17.0715,30.2416640324518, 14.3721,3,16.6801,3,12.02923,0.133297,56.1655,301
30.2083765333518, 16.9133,30.2606956316158, 19.4798,2,16.68025,3,10.18737,-0.561135,53.4825,301
30.2271422324702, 16.2185,30.2779238307849, 15.4978,2,16.67995,3,9.698949,-0.431006,56.049,301
30.2416640324518, 16.7094,30.2915279306471, 16.2881,2,16.67997,3,10.1237,-1.035146,55.3288,301
30.2416640324518, 16.6411,30.3091341312975, 16.5415,2,16.67994,3,8.881435,-0.573476,54.9077,301
30.2606956316158, 15.3483,30.3243457311764, 15.407,3,16.67906,3,10.92981,0.157517,54.809,301
30.2915279306471, 19.8208,30.343988631852, 19.4783,3,16.68114,3,9.760146,-1.219089,54.8674,301
30.2915279306471, 13.3454,30.3612093320116, 15.4352,2,16.67894,3,11.59328,-1.091698,54.5256,301
30.3243457311764, 17.7538,30.3750319322571, 16.5477,3,16.67965,3,10.34008,-0.179474,56.6158,301
30.343988631852, 17.2695,30.3939037313685, 16.2408,2,16.68003,3,8.717889,-0.60255,55.4007,301
30.343988631852, 16.9847,30.4100311314687, 17.3056,2,16.68023,3,11.4329,-0.341226,54.3809,301
30.3750319322571, 17.9819,30.4263623310253, 16.8279,3,16.68109,3,10.35787,-0.68996,54.7024,301
30.3750319322571, 12.7457,30.4429634315893, 14.9481,2,16.6785,3,11.97475,-0.384295,53.5486,301
30.3939037313685, 18.0907,30.4599987315014, 17.0071,3,16.67943,3,10.43563,-0.673244,55.7516,301
30.4100311314687, 15.3488,30.4756588311866, 18.145,3,16.67856,3,10.39126,-0.45167,54.6685,301
30.4263623310253, 17.3536,30.4937671320513, 16.9237,3,16.679,3,9.423195,-0.170484,57.4649,301
30.4429634315893, 17.1287,30.5106650320813, 16.899,3,16.6793,3,10.99404,-0.630818,57.0352,301
30.4756588311866, 19.5787,30.5265621328726, 14.9181,3,16.68119,3,10.13997,-0.537552,56.7779,301
30.4756588311866, 14.2374,30.5430178334936, 17.4546,2,16.6796,3,10.68148,0.563297,52.1455,301
30.4937671320513, 16.9016,30.5605373336002, 16.1988,3,16.67974,3,9.987618,-0.027984,55.3636,301
30.5106650320813, 15.9588,30.5769672328606, 17.5695,3,16.67927,3,9.718852,-0.584058,54.6435,301
30.5430178334936, 18.6633,30.5937184328213, 15.4923,3,16.68056,3,10.2402,-1.123838,56.2573,301
30.5430178334936, 13.1774,30.6106779323891, 16.7804,2,16.67828,3,9.238684,-0.634521,53.1008,301
30.5605373336002, 18.6294,30.6262713326141, 16.5737,3,16.67955,3,10.47356,-0.739877,56.7047,301
30.5769672328606, 16.6486,30.6415133327246, 15.3104,3,16.67953,3,8.954338,-1.02626,54.6453,301
30.5937184328213, 16.9942,30.6600675322115, 18.7847,3,16.67974,3,11.62232,-0.107286,53.3114,301
30.6262713326141, 17.3897,30.6763350330293, 16.6937,3,16.6802,3,10.62638,1.705167,55.1017,301
30.6415133327246, 15.5913,30.6936892326921, 15.7276,2,16.67949,3,9.97346,-0.470393,54.4064,301
30.6415133327246, 16.4003,30.7082174327224, 17.5772,2,16.67931,3,11.37219,-1.037055,54.5428,301
30.6600675322115, 15.3486,30.7262308318168, 16.9335,3,16.67844,3,9.152933,-0.514823,55.72,301
30.6763350330293, 18.2854,30.7437453325838, 16.0978,3,16.67949,3,10.13259,-0.822416,57.3051,301
30.7082174327224, 18.1366,30.7606404330581, 17.7031,3,16.68043,3,9.619055,1.460969,55.1178,301
30.7082174327224, 13.4905,30.7772446330637, 15.2358,2,16.67836,3,11.41512,-0.807692,54.6847,301
30.7262308318168, 18.4434,30.7920450326055, 16.4372,3,16.67951,3,8.837216,-0.634983,56.4303,301
30.7437453325838, 16.9045,30.8101377319545, 17.8069,3,16.67965,3,11.28123,-0.168633,54.4243,301
30.7606404330581, 16.3091,30.8273089323193, 15.7752,3,16.67941,3,10.37999,-0.438312,55.327,301
30.7920450326055, 17.2149,30.8436775319278, 16.3854,3,16.67976,3,10.01878,1.53885,54.7869,301
30.8101377319545, 16.1271,30.8600896317512, 18.1182,2,16.6794,3,11.30063,0.186612,53.9641,301
30.8101377319545, 16.9212,30.8752391319722, 15.1209,2,16.67956,3,10.44011,-0.477426,55.9554,301
30.8273089323193, 16.4458,30.8937297314405, 16.9205,3,16.67941,3,8.84335,-0.427864,54.1361,301
30.8600896317512, 16.6209,30.9095740318298, 17.8978,3,16.67937,3,8.245588,-0.196922,54.6304,301
30.8752391319722, 16.8454,30.9270516317338, 16.7292,2,16.67948,3,11.58633,-1.09543,55.9074,301
30.8752391319722, 16.6005,30.9435956310481, 15.4021,2,16.67943,3,10.50126,0.991871,55.792,301
30.9095740318298, 19.034,30.9600661303848, 16.4825,3,16.68094,3,11.05242,-0.347793,54.5942,301
30.9095740318298, 14.2315,30.9770916309208, 18.0674,2,16.67937,3,9.80783,-0.386082,52.0428,301
30.9270516317338, 16.5506,30.9941690303385, 15.8739,3,16.67928,3,10.06893,-0.242793,55.8547,301
30.9435956310481, 16.3506,31.0085516301915, 16.6151,3,16.67907,3,8.243993,-0.654938,55.2031,301
30.9600661303848, 17.255,31.0263213301077, 17.5299,3,16.67944,3,11.01088,-0.011924,55.4677,301
30.9770916309208, 15.1008,31.0433761300519, 15.0432,3,16.67843,3,10.84899,-0.417371,55.7433,301
31.0085516301915, 18.3356,31.0608916291967, 18.7267,3,16.67949,3,9.586638,0.675293,55.6856,301
31.0263213301077, 20.8937,31.0772783299908, 15.1641,2,16.68219,3,10.88782,-0.187828,56.0775,301
31.0263213301077, 11.7872,31.0937349302694, 17.479,2,16.67906,3,9.382171,-1.040316,50.348,301
31.0433761300519, 17.6527,31.1091725304723, 16.0414,3,16.67968,3,10.71291,-0.676373,56.0342,301
31.0608916291967, 16.271,31.127467431128, 16.7713,3,16.67942,3,9.697828,-0.258545,54.4098,301
31.0772783299908, 16.546,31.1434494312853, 16.2319,3,16.67933,3,9.394716,-0.227777,54.9035,301
31.0937349302694, 15.3913,31.1602708306164, 17.948,3,16.67851,3,11.69047,-0.237156,54.6147,301
31.1091725304723, 18.2933,31.1773771308362, 16.8242,3,16.67954,3,10.37424,-0.281062,57.1724,301
31.127467431128, 16.0014,31.1937084309757, 15.1532,3,16.67911,3,9.108377,-1.065625,55.704,301
31.1602708306164, 16.9909,31.2106275316328, 18.3067,3,16.67931,3,10.56776,-0.135398,54.8485,301
31.1602708306164, 16.8201,31.2274577319622, 15.684,2,16.6794,3,9.324862,0.275826,56.1721,301
31.1773771308362, 16.4786,31.2433890327811, 16.9959,3,16.67927,3,10.56553,0.753089,55.0363,301
31.2106275316328, 18.6575,31.2601786330342, 17.1639,3,16.68053,3,10.9604,1.979356,55.5544,301
31.2106275316328, 15.0916,31.2777749337256, 15.8302,2,16.67952,3,9.152574,-0.583725,54.0615,301
31.2274577319622, 15.9668,31.2936946339905, 17.2694,3,16.67907,3,10.00321,-0.173996,54.7898,301
31.2433890327811, 15.7926,31.3101361338049, 16.6975,3,16.6785,3,10.07154,-0.435425,56.0939,301
31.2601786330342, 18.5159,31.3262398336083, 16.5283,3,16.67967,3,8.404725,0.100527,57.0081,301
31.2777749337256, 15.9918,31.342492133379, 16.7875,3,16.67923,3,11.2307,0.676295,55.0215,301
31.2936946339905, 15.4685,31.3602373339236, 17.0861,3,16.67846,3,9.442925,-0.839754,55.8172,301
31.3262398336083, 19.0738,31.3753667343408, 15.1823,3,16.67998,3,10.45807,1.550801,57.4352,301
31.342492133379, 17.896,31.3941522352397, 18.5543,2,16.68075,3,10.023,-0.458869,53.5435,301
31.342492133379, 13.6349,31.4097417350858, 15.3581,2,16.67883,3,10.30675,-0.395409,54.2026,301
31.3753667343408, 18.188,31.4262788351625, 17.7736,3,16.67978,3,8.253799,-0.467266,55.9258,301
31.3753667343408, 16.2398,31.4421581346542, 14.6447,2,16.6795,3,8.202069,-1.01378,55.5117,301
31.4097417350858, 18.2969,31.461028534919, 17.6049,3,16.68052,3,10.41811,1.807976,53.917,301
31.4262788351625, 16.3468,31.4778030347079, 17.8866,2,16.68031,3,9.570866,-0.438604,53.2247,301
31.4421581346542, 15.5896,31.494103435427, 16.96,2,16.67962,3,10.77928,-1.443027,54.7648,301
31.4421581346542, 16.5763,31.5111638363451, 15.2776,2,16.67956,3,10.19882,0.018853,56.1361,301
31.461028534919, 16.7571,31.5282279364765, 18.1988,3,16.67961,3,9.244304,-0.707601,54.8369,301
31.4778030347079, 16.3594,31.5451651364565, 15.7623,3,16.67941,3,10.71553,-0.429368,56.2748,301
31.494103435427, 16.9743,31.5597739368677, 16.9513,3,16.67959,3,8.094447,-0.854511,55.6822,301
31.5282279364765, 17.2945,31.576280336827, 15.3141,3,16.67998,3,10.1056,0.368839,55.66,301
31.5282279364765, 16.5188,31.5949467364699, 17.4125,2,16.67988,3,11.17017,-1.428756,53.6796,301
31.5597739368677, 18.4099,31.6115211360157, 17.8385,3,16.68096,3,9.492311,1.02476,54.574,301
31.576280336827, 15.4861,31.626584735699, 15.1115,2,16.68021,3,11.00136,-0.429738,54.0028,301
31.576280336827, 16.067,31.643382336013, 17.3392,2,16.67983,3,8.930056,-0.474823,53.6284,301
31.5949467364699, 16.6387,31.6599280359223, 17.2625,3,16.6798,3,11.83654,-0.414936,54.8938,301
31.626584735699, 17.5047,31.6766563365236, 15.7867,3,16.68032,3,10.72164,-0.853299,55.525,301
31.643382336013, 16.808,31.6956915361807, 18.5141,2,16.6804,3,9.664723,-1.148789,53.8072,301
31.6599280359223, 17.9963,31.7096346365288, 14.1928,2,16.68122,3,8.832936,0.161811,55.5133,301
31.6766563365236, 15.8259,31.7267650356516, 16.8956,2,16.68069,3,8.410799,-0.752626,51.7104,301
31.6766563365236, 15.9798,31.7430979358032, 17.0477,2,16.68025,3,10.87059,0.113652,52.7706,301
31.7096346365288, 16.9642,31.7614739360288, 17.3717,3,16.68043,3,11.11629,0.149418,53.8484,301
31.7267650356516, 16.6572,31.7764539364725, 16.2572,2,16.68041,3,9.378726,-0.774919,54.2563,301
31.7430979358032, 16.365,31.7945035360754, 17.4728,2,16.68022,3,10.98435,0.220799,53.8558,301
31.7614739360288, 18.0437,31.8111053369939, 15.139,2,16.68107,3,10.44038,-0.319046,54.9643,301
31.7764539364725, 15.4897,31.8282777369022, 18.0659,2,16.68032,3,9.262619,0.178195,52.0603,301
31.7764539364725, 15.3936,31.8425793368369, 14.8202,2,16.67952,3,10.6329,-0.8666,54.6366,301
31.7945035360754, 16.5232,31.8595160376281, 16.6416,3,16.67943,3,8.960946,-0.539329,54.0559,301
31.8111053369939, 17.195,31.8784288372844, 18.6425,3,16.67975,3,9.005405,-0.305517,54.1676,301
31.8425793368369, 16.1735,31.8934149369597, 15.8453,3,16.67943,3,10.4878,-0.858632,55.6229,301
31.8595160376281, 17.523,31.91142603755, 16.7533,2,16.67996,3,9.403829,1.170803,55.3019,301
31.8595160376281, 16.3986,31.9282772373408, 17.9389,2,16.67978,3,10.32662,0.141237,54.5327,301
31.8784288372844, 14.4658,31.946819037199, 16.9991,3,16.67841,3,9.612332,-0.880422,56.0735,301
31.8934149369597, 18.5784,31.9612448373809, 14.4739,3,16.67959,3,10.5378,-0.344397,58.6068,301
31.91142603755, 16.9146,31.9784787381068, 19.7387,3,16.67973,3,9.155563,-1.08295,54.5028,301
31.9282772373408, 14.5246,31.9924977384508, 12.5688,3,16.6784,3,9.525622,-0.070375,57.3274,301
31.946819037199, 18.3603,32.0092463381588, 18.3109,3,16.67944,3,10.5157,-0.313864,55.3713,301
31.9784787381068, 21.073,32.026721637696, 16.5771,3,16.68216,3,8.70255,-0.358721,55.323,301
31.9924977384508, 12.9762,32.0433205384761, 16.4931,2,16.67986,3,11.65658,-0.150412,50.8271,301
32.0092463381588, 16.4882,32.0617952384055, 17.9446,2,16.67975,3,8.708564,-0.591627,54.3364,301
32.026721637696, 17.2149,32.0762724382803, 14.9666,2,16.68008,3,10.52732,0.349758,55.8009,301
32.0433205384761, 16.6083,32.0953053375706, 18.8041,2,16.68003,3,9.796612,-0.775298,53.5528,301
32.0617952384055, 16.4457,32.1094975378364, 13.7585,2,16.67989,3,8.974827,0.511313,55.7488,301
32.0762724382803, 16.5317,32.1288959383965, 18.43,2,16.6798,3,10.35694,-0.882646,53.0623,301
32.0762724382803, 16.8287,32.1451029386371, 17.344,2,16.67989,3,8.617898,-1.064718,54.9604,301
32.1094975378364, 16.8478,32.1625997386873, 16.3713,3,16.67999,3,10.81089,-0.441009,55.4756,301
32.1094975378364, 16.6116,32.1788989380002, 17.4209,2,16.67995,3,8.719246,-1.312581,54.9947,301
32.1451029386371, 16.4168,32.193918437697, 14.8966,3,16.67979,3,10.89032,0.780909,55.8095,301
32.1451029386371, 17.239,32.2098410381004, 16.4218,2,16.68013,3,11.36931,0.009704,54.2892,301
32.1625997386873, 16.3651,32.2276582373306, 18.5186,3,16.67994,3,8.782781,-0.354218,53.4619,301
32.193918437697, 16.9649,32.2432418372482, 14.6738,3,16.68011,3,10.07319,1.579713,55.6266,301
32.2098410381004, 17.1205,32.2615889366716, 19.1484,2,16.68038,3,10.0074,-0.550309,53.3354,301
32.2276582373306, 17.7948,32.276568736881, 15.4635,2,16.68106,3,9.079818,-0.534656,55.3634,301
32.2432418372482, 15.4271,32.2935408372432, 15.4972,2,16.6803,3,11.00039,-0.208668,53.0229,301
32.2615889366716, 17.8264,32.311989236623, 17.3955,2,16.681,3,10.28811,-0.582413,53.1032,301
32.276568736881, 16.5639,32.326587936841, 16.5212,2,16.68093,3,8.409156,0.181732,52.6723,301
32.2935408372432, 15.0109,32.3457372365519, 18.2379,2,16.67991,3,10.96947,-0.293294,52.6222,301
32.2935408372432, 16.4043,32.3602161360905, 15.1167,2,16.67974,3,10.30731,-0.443814,55.857,301
32.326587936841, 17.1853,32.3766580363736, 16.6964,3,16.68005,3,9.501968,-0.737273,54.5698,301
32.326587936841, 16.6227,32.3940360369161, 18.0154,2,16.68001,3,10.32049,-0.301632,54.0819,301
32.3602161360905, 17.3491,32.410655236803, 15.241,3,16.68042,3,10.10621,0.017453,55.4743,301
32.3766580363736, 16.2571,32.4268624363467, 16.2403,2,16.68016,3,9.783173,-0.675281,53.3659,301
32.3940360369161, 18.4796,32.4457757370546, 19.4353,2,16.68126,3,12.37923,-0.390795,53.3496,301
32.410655236803, 15.1774,32.4605747368187, 12.914,2,16.68034,2,9.116047,-0.493511,54.3062,301
32.4268624363467, 16.5642,32.4775838367641, 18.3366,2,16.68027,2,10.67018,-1.50709,52.0429,301
32.4457757370546, 29.3159,32.4949114359915, 17.1704,2,16.68795,3,10.1046,-1.240759,53.8153,301
32.4605747368187, 10.8534,32.5116995368153, 15.6209,2,16.68441,3,10.17931,-0.519784,41.6706,301
32.4775838367641, 10.4746,32.5283867362887, 16.7339,2,16.68064,3,10.88679,0.324812,46.4382,301
32.4775838367641, 14.6351,32.5448161363602, 17.7438,2,16.6794,3,10.95126,-0.155303,52.6979,301
32.4949114359915, 16.7253,32.5623963363469, 17.3629,3,16.67942,3,11.65678,-0.048711,55.8069,301
32.5116995368153, 16.5921,32.5777999367565, 15.4131,3,16.67937,3,10.56039,-0.579837,56.4444,301
32.5283867362887, 16.6163,32.5944933369756, 15.5207,3,16.67933,3,8.689203,-0.564438,55.2657,301
32.5448161363602, 15.271,32.6119823362678, 17.4827,3,16.67848,3,10.85841,-0.191175,54.1706,301
32.5623963363469, 17.7185,32.6277459356934, 19.1385,3,16.67911,3,9.909637,-0.685415,56.3824,301
32.5777999367565, 16.5711,32.6441775355488, 15.0196,3,16.67904,3,10.69034,-0.264964,57.8029,301
32.5944933369756, 17.4212,32.6614512354136, 15.4393,3,16.67949,3,11.15578,0.155394,56.224,301
32.6277459356934, 20.4369,32.6783336345106, 18.2852,3,16.68176,3,9.036515,-0.623962,54.2699,301
32.6277459356934, 11.1188,32.6948057338595, 14.9767,2,16.67841,3,11.21326,0.32158,52.1188,301
32.6441775355488, 17.9116,32.7117488346994, 17.1179,3,16.67915,3,10.37431,1.112589,55.9775,301
32.6614512354136, 17.0348,32.7288457341492, 18.2617,3,16.67936,3,8.785262,0.074808,55.1844,301
32.6783336345106, 16.3949,32.744901034981, 14.7211,3,16.67919,3,11.40992,-0.880636,56.4115,301
32.6948057338595, 17.0146,32.7624069340527, 19.1637,3,16.67939,3,10.21091,-1.290271,54.7343,301
32.7117488346994, 17.1523,32.7783489339054, 14.2944,3,16.67968,3,9.594492,-0.627451,56.8794,301
32.7288457341492, 15.8024,32.7949530333281, 16.7747,3,16.67915,3,10.73624,-0.38993,54.03,301
32.744901034981, 17.7702,32.8108171336353, 17.6385,3,16.67981,2,9.969271,-0.39338,55.0025,301
32.7624069340527, 15.7536,32.8275918327272, 17.3176,3,16.67925,1,11.79395,-0.537776,54.8717,301
32.8275918327272, 53.911,32.8449416328222, 15.8148,3,16.7016,2,10.25173,-0.840353,56.4173,301
32.8275918327272, 2.0259,32.8623302336782, 16.4355,0,16.69279,3,10.73888,-1.099404,18.3339,301
32.8275918327272, 2.0991,32.8785153329372, 16.4495,1,16.68405,3,11.29848,-0.515659,32.7506,301
32.8275918327272, 8.7217,32.8948465324938, 16.9687,2,16.67927,3,9.866953,-0.392918,47.1013,301
32.8449416328222, 15.334,32.9121377319098, 16.3375,3,16.67847,3,11.6969,-1.004688,55.3479,301
32.8623302336782, 18.1964,32.9276950322092, 18.7557,3,16.67938,3,11.97806,0.086299,56.3513,301
32.8785153329372, 16.3591,32.9434044323862, 14.5,3,16.67919,3,9.506318,-0.761022,56.9117,301
32.8948465324938, 17.248,32.9623412322253, 17.1608,3,16.67953,3,10.80229,0.653501,55.0528,301
32.9276950322092, 17.9486,32.9786103330553, 17.4797,3,16.68028,3,10.2167,-0.613406,54.9656,301
32.9434044323862, 13.5661,32.9935417333618, 15.356,2,16.67842,3,9.835222,0.318388,54.4824,301
32.9434044323862, 18.6203,33.0122321331874, 17.0777,2,16.67958,3,9.281999,-1.061785,56.2875,301
32.9623412322253, 16.357,33.0292435334995, 18.1115,3,16.67939,3,10.27101,-0.419538,54.7248,301
32.9935417333618, 15.0471,33.0461164331064, 15.8405,3,16.67842,3,9.065212,-0.691765,56.4997,301
32.9935417333618, 18.4112,33.0632305322215, 18.4946,3,16.67945,3,9.801685,-0.759997,57.2927,301
33.0122321331874, 17.1548,33.0779941324145, 14.9164,3,16.67973,3,11.46234,-0.519941,57.3776,301
33.0292435334995, 16.6456,33.094260731712, 15.7999,3,16.67971,3,10.31026,-0.796295,55.1232,301
33.0461164331064, 17.3628,33.1131996326149, 19.2602,3,16.68012,3,9.832997,-0.725903,54.2942,301
33.0779941324145, 16.7838,33.1278633326292, 14.4574,3,16.68018,3,10.65394,-1.355195,56.1921,301
33.094260731712, 17.1818,33.1445448324084, 17.3277,2,16.68048,3,10.44769,-0.708799,53.8656,301
33.094260731712, 15.9724,33.1631787326187, 18.2771,2,16.68006,3,9.927503,-0.216097,54.0103,301
33.1278633326292, 17.24,33.1784811327234, 15.2268,3,16.68039,3,10.97209,-0.63793,56.3005,301
33.1445448324084, 16.6594,33.1935119330883, 14.8931,2,16.68038,3,10.5235,-1.006318,54.3039,301
33.1445448324084, 16.1488,33.2110558338463, 18.4029,2,16.68006,3,10.391,-0.06696,52.5379,301
33.1631787326187, 15.1031,33.2272819336504, 13.8709,3,16.67913,2,10.57903,0.335764,54.784,301
33.1935119330883, 18.2757,33.2448914330453, 19.5613,3,16.68007,1,9.906418,-0.844988,53.5519,301
33.2448914330453, 55.8631,33.2604389330372, 15.9706,2,16.70325,0,11.35566,0.390827,54.846,301
33.2448914330453, 0.7143,33.2774893334135, 16.3189,0,16.6938,3,10.20924,-0.49424,14.9542,301
33.2448914330453, 2.1699,33.2944220332429, 16.5281,1,16.68522,3,8.686388,-0.73508,30.56,301
33.2604389330372, 9.0768,33.3135303324088, 18.0126,2,16.68073,3,11.22327,0.586273,44.9015,301
33.2774893334135, 16.1083,33.3279647324234, 16.9452,2,16.68039,3,10.36424,-0.454079,53.8534,301
33.2944220332429, 16.3622,33.3441284317523, 15.1533,2,16.6802,3,9.62778,-0.931333,54.6844,301
33.2944220332429, 16.6407,33.3635000325739, 19.201,2,16.68018,3,11.23683,0.089615,53.4536,301
33.3279647324234, 18.3103,33.3776665329933, 14.3032,3,16.68114,3,10.13968,1.523605,56.042,301
33.3441284317523, 15.4216,33.394588932395, 17.0512,2,16.6804,3,9.436133,-0.086264,52.0356,301
33.3441284317523, 16.2602,33.4113179314882, 17.7957,2,16.68015,3,11.17568,-0.695905,53.6655,301
33.3776665329933, 16.8418,33.4280281309038, 15.4296,3,16.68024,3,9.127295,-1.153946,55.2011,301
33.394588932395, 17.1501,33.445733230561, 16.3695,2,16.68052,3,8.170164,-0.823787,53.7895,301
33.4113179314882, 18.1784,33.4623342305422, 17.4856,2,16.6814,3,10.78911,-0.674368,53.0085,301
33.4280281309038, 15.3015,33.4790053311735, 15.537,2,16.68059,3,10.87875,0.405994,52.3166,301
33.4280281309038, 14.7367,33.4958974309266, 18.3487,2,16.67945,3,12.78719,-0.886212,52.5521,301
33.445733230561, 16.607,33.5115132313222, 15.7123,3,16.67941,3,9.705368,-0.272217,56.1648,301
33.4623342305422, 16.4552,33.5294443313032, 16.4833,3,16.67928,3,10.00391,0.379439,55.2693,301
33.4790053311735, 17.0909,33.5457782316953, 17.6501,3,16.67952,3,8.676812,-0.035342,55.2988,301
33.4958974309266, 14.8472,33.5604906314984, 15.0676,3,16.67844,3,11.26532,-1.037647,55.8578,301
33.5115132313222, 18.7045,33.5790546322241, 16.8747,3,16.67963,3,10.12176,-0.407962,56.0787,301
33.5457782316953, 16.5723,33.5959736322984, 18.8221,3,16.67957,3,10.17334,-0.943366,54.2485,301
33.5604906314984, 17.3023,33.6113659320399, 14.9559,2,16.67993,3,9.537447,-0.345528,56.4986,301
33.5604906314984, 15.632,33.6290473314002, 17.6477,2,16.67932,3,11.48506,-0.281532,54.1534,301
33.5790546322241, 17.0702,33.6461004307494, 16.824,3,16.67955,3,9.930666,-0.017609,56.1681,301
33.5959736322984, 15.023,33.6625041300431, 15.2415,3,16.67858,3,11.21373,-0.082504,55.9043,301
33.6113659320399, 17.8666,33.6793481307104, 17.8812,3,16.67927,3,10.17663,-1.255741,56.1419,301
33.6290473314002, 16.7709,33.6945857303217, 15.781,3,16.67933,3,9.687709,0.282074,56.1573,301
33.6461004307494, 16.7593,33.7124657304958, 16.3571,3,16.67937,3,10.7877,-0.847648,55.1681,301
33.6625041300431, 16.761,33.7291482305154, 16.6565,3,16.67942,3,9.968341,-0.430846,54.7647,301
33.6793481307104, 14.9227,33.7455614311621, 17.929,3,16.6784,3,10.10583,-0.023116,54.6373,301
33.6945857303217, 18.2741,33.7603728314862, 14.4473,3,16.67933,3,9.935048,-0.581879,57.6684,301
33.7124657304958, 16.6156,33.7789889322594, 17.402,3,16.67929,3,9.207646,0.126524,53.8392,301
33.7455614311621, 16.8624,33.7956609325483, 18.1524,3,16.6794,3,9.329916,-0.563757,54.6088,301
33.7603728314862, 16.8082,33.8121514329687, 14.9491,2,16.67947,3,10.72068,0.091878,55.919,301
33.7603728314862, 16.1303,33.8290869323537, 17.0926,2,16.67915,3,10.50328,-0.01994,54.0593,301
33.7789889322594, 16.8968,33.8457694323733, 18.1157,3,16.67928,3,9.679257,-0.287611,55.0226,301
33.7956609325483, 16.2391,33.8626964325085, 15.3229,3,16.67902,3,11.27812,-0.651048,56.2421,301
33.8121514329687, 17.0177,33.8796309316531, 18.2129,3,16.67922,3,9.98634,0.659877,55.326,301
33.8290869323537, 16.8602,33.8955556312576, 14.4903,3,16.67932,3,9.018911,-0.19255,56.5219,301
33.8457694323733, 16.8344,33.9127913312986, 18.8337,3,16.67941,3,10.86285,-0.790446,54.1455,301
33.8626964325085, 16.9933,33.9272297313437, 14.0554,3,16.67959,3,11.34062,-0.514542,56.1515,301
33.8796309316531, 15.8698,33.9476248314604, 20.6304,3,16.67913,3,8.23845,-0.136138,53.2144,301
33.8955556312576, 17.247,33.9624719312415, 15.1033,3,16.67945,3,9.908246,-0.293597,57.9752,301
33.9272297313437, 16.7013,33.9791458314285, 15.4128,3,16.67947,3,10.50874,-0.055209,55.8321,301
33.9272297313437, 14.7069,33.9962499318644, 16.842,2,16.67833,3,12.16494,0.971731,54.5436,301
33.9624719312415, 18.4467,34.013478632085, 18.3155,3,16.67935,3,9.335097,-0.207735,56.6704,301
33.9624719312415, 16.4398,34.0281614316627, 15.0474,2,16.67921,3,9.676309,-1.018229,56.5269,301
33.9791458314285, 16.9936,34.0460475319996, 16.7289,3,16.67939,3,10.08737,0.402246,55.1542,301
33.9962499318644, 16.9591,34.0641640322283, 19.384,3,16.67955,3,10.80013,0.722191,54.8917,301
34.013478632085, 15.1394,34.0793764321133, 15.0342,3,16.67867,3,10.28263,0.106274,57.3167,301
34.0281614316627, 17.8715,34.0963129317388, 15.8329,3,16.67935,3,11.08155,-0.174776,57.2118,301
34.0460475319996, 16.8035,34.1132308309898, 17.923,3,16.67942,3,10.47151,-0.062797,55.1735,301
34.0641640322283, 15.2233,34.1295523317531, 15.1347,3,16.67859,3,9.848426,1.244327,56.2937,301
34.0793764321133, 18.1541,34.1466664308682, 17.1968,3,16.67944,3,9.691976,-0.516898,56.2058,301
34.0963129317388, 17.0719,34.1630769306794, 17.3126,3,16.67966,3,10.3395,0.057429,55.242,301
34.1132308309898, 16.2427,34.181168130599, 17.0632,3,16.67941,3,10.25867,-0.036781,55.4891,301
34.1295523317531, 16.9481,34.1958413310349, 14.4619,3,16.67956,3,9.403198,0.231607,56.3102,301
34.1466664308682, 16.6368,34.2121266312897, 17.9812,3,16.67954,3,10.49427,-0.055114,53.8246,301
34.1630769306794, 15.1776,34.2296503316611, 15.9303,3,16.67868,3,10.27228,-0.278769,55.1694,301
34.181168130599, 17.58,34.2466891314834, 17.0792,3,16.6792,3,9.628893,-0.575381,55.9218,301
34.2121266312897, 16.4699,34.262300231494, 17.4112,3,16.67908,3,10.59941,-0.144826,55.4215,301
34.2121266312897, 17.3248,34.2799463318661, 17.0907,2,16.67944,3,10.84677,1.289484,56.3632,301
34.2296503316611, 16.9588,34.2945525320247, 14.6618,3,16.6796,3,9.519481,-0.785171,56.1297,301
34.262300231494, 18.7304,34.3112964322791, 16.5113,3,16.68077,3,10.56263,1.652416,53.8268,301
34.262300231494, 14.5774,34.3283613314852, 18.5008,2,16.67957,3,11.21422,1.392036,51.6144,301
34.2945525320247, 17.1898,34.3462266316637, 16.9555,3,16.67986,3,9.165571,-0.761872,55.5383,301
34.3112964322791, 16.4874,34.3630717312917, 15.3427,2,16.67975,3,10.58788,-0.301761,55.2933,301
34.3283613314852, 16.6405,34.3803610308096, 18.3333,2,16.67973,3,10.15856,-0.306467,54.1593,301
34.3283613314852, 14.827,34.3968192311004, 15.4141,2,16.67868,3,8.932172,-0.531779,55.8521,301
34.3462266316637, 18.0057,34.4116779314354, 16.2985,3,16.67943,3,10.65216,0.817607,56.44,301
34.3630717312917, 17.1369,34.4302801312879, 18.2902,3,16.67969,3,9.500467,-0.900923,54.7335,301
34.3803610308096, 14.905,34.446666832082, 15.1792,3,16.67869,3,10.54538,-0.75792,55.8871,301
34.4116779314354, 18.4653,34.4634392326698, 16.7025,3,16.6797,3,11.07209,1.711487,56.1612,301
34.4116779314354, 16.7017,34.4792192326859, 16.9413,2,16.67971,3,9.702523,-0.581509,54.3991,301
34.4302801312879, 14.4945,34.4971997318789, 16.9931,3,16.67847,3,10.84442,-0.860281,54.6387,301
34.446666832082, 18.5389,34.5130396327004, 15.8918,3,16.67953,3,9.896313,-0.073186,57.1372,301
34.4634392326698, 15.5308,34.5296554332599, 17.7485,3,16.67888,3,8.229509,-1.169944,54.4894,301
34.4792192326859, 16.1666,34.5462726326659, 15.2538,3,16.67859,3,10.68678,-0.319613,56.7089,301
34.4971997318789, 18.0131,34.5632010335103, 18.6175,3,16.67934,3,9.531286,-0.712174,55.7951,301
34.5130396327004, 16.6858,34.5803019339219, 17.4948,3,16.67934,3,10.72384,1.376444,56.4007,301
34.5296554332599, 16.4994,34.5965896332636, 14.2956,3,16.67924,3,10.04261,1.322672,57.2098,301
34.5462726326659, 17.0266,34.6135679325089, 18.5561,3,16.67944,3,10.64047,-0.791952,54.991,301
34.5632010335103, 15.2263,34.6296728318557, 16.0836,3,16.67862,3,11.48596,-0.684843,56.537,301
34.5803019339219, 17.9526,34.6469225315377, 15.5951,3,16.67934,3,8.134728,-0.266405,57.3941,301
34.5965896332636, 17.1653,34.6637777322903, 18.2074,3,16.67961,3,8.803952,-0.387181,55.0369,301
34.6135679325089, 14.9591,34.679926131852, 14.8104,3,16.67864,3,10.78194,-0.96126,56.0796,301
34.6296728318557, 18.1716,34.6971089327708, 18.3563,3,16.67948,3,9.662005,1.313527,55.9301,301
34.6469225315377, 17.0822,34.7130145328119, 16.3942,3,16.67971,3,10.41738,-0.853388,56.1169,301
34.6637777322903, 16.1448,34.7303366335109, 15.745,3,16.67941,3,10.94956,-0.832296,55.429,301
34.679926131852, 17.1001,34.7454295335338, 17.446,3,16.67965,3,10.17117,-0.913572,55.0293,301
34.6971089327708, 14.8478,34.7637112336233, 17.7947,3,16.67862,3,10.43389,0.15473,55.3521,301
34.7130145328119, 18.4186,34.7804690329358, 14.918,3,16.67959,3,10.7586,-0.013862,58.322,301
34.7454295335338, 16.9929,34.7972597321495, 16.9685,3,16.67977,3,11.69357,-1.006423,54.8179,301
34.7454295335338, 15.3714,34.814192132093, 18.239,2,16.67904,3,11.48657,1.20897,54.7971,301
34.7637112336233, 17.7731,34.8286382323131, 14.673,3,16.67965,3,10.44106,-0.460142,57.6654,301
34.7804690329358, 16.7892,34.8476027315482, 18.3096,3,16.67971,3,10.78622,-0.547583,54.5665,301
34.814192132093, 17.107,34.8637600308284, 15.0879,3,16.67995,3,10.18033,-0.02095,56.0871,301
34.8286382323131, 16.7248,34.8784617306665, 16.623,2,16.67997,3,9.228342,0.133571,54.0674,301
34.8286382323131, 16.5459,34.8970158314332, 17.6172,2,16.6799,3,10.86158,-0.261308,53.9668,301
34.8476027315482, 16.1425,34.9142569312826, 16.2476,3,16.6796,3,9.25145,0.783713,55.0388,301
34.8784617306665, 17.3168,34.9306065319106, 16.3121,3,16.67995,3,10.49393,-0.929335,55.1443,301
34.8784617306665, 15.8286,34.9464854327962, 17.068,2,16.67948,3,10.13261,1.219051,54.1398,301
34.8970158314332, 17.3336,34.964403132908, 16.8146,3,16.67985,3,12.08269,0.736017,55.3623,301
34.9142569312826, 15.9052,34.9807438338175, 17.4079,3,16.67941,3,6.894135,-0.263909,54.8609,301
34.9464854327962, 16.4872,34.9972017342225, 15.2766,3,16.67931,3,9.364849,-0.309692,56.3638,301
34.9464854327962, 17.7061,35.014047534205, 16.8589,2,16.67988,3,9.166683,-0.310703,55.1532,301
34.964403132908, 16.3577,35.0300835343078, 19.1078,3,16.6797,3,9.374509,-1.043351,54.2929,301
34.9807438338175, 14.6974,35.0474688345566, 14.2159,3,16.6786,3,9.883292,1.294537,57.0431,301
34.9972017342225, 18.5017,35.0623775348067, 17.5886,3,16.67961,3,9.202203,1.326101,56.5749,301
35.0300835343078, 19.8301,35.079196434468, 15.4796,3,16.68136,3,10.88805,0.020199,55.6632,301
35.0300835343078, 12.1704,35.0974724348634, 17.8258,2,16.67886,3,11.11716,1.43203,51.3129,301
35.0623775348067, 18.6615,35.1143699344248, 16.2213,3,16.67995,3,9.194699,0.648423,56.9671,301
35.079196434468, 16.9307,35.1309382338077, 17.8989,2,16.68009,3,10.3756,-0.913317,54.5285,301
35.079196434468, 15.9461,35.1472879331559, 16.8804,2,16.67969,3,9.03527,-0.637217,55.4973,301
35.0974724348634, 16.7704,35.1639481335878, 14.7851,3,16.67974,3,10.16958,0.681529,56.4318,301
35.1143699344248, 16.7806,35.1790891336277, 17.9308,3,16.67979,3,9.216017,-0.71582,54.4471,301
35.1309382338077, 15.135,35.1956381341442, 14.6286,3,16.67894,3,11.09802,0.483912,55.598,301
35.1472879331559, 17.6712,35.2121516345069, 17.3716,3,16.67949,3,11.06357,0.445869,55.0904,301
35.1790891336277, 19.4982,35.2313965344802, 18.741,3,16.68105,3,8.72462,-0.865695,54.7921,301
35.1956381341442, 14.6698,35.2478287341073, 15.0353,2,16.67993,3,11.03589,0.043569,54.0204,301
35.2121516345069, 16.5059,35.2624759338796, 15.7403,2,16.67984,3,8.254931,-1.400768,54.4008,301
35.2121516345069, 16.9192,35.2814248334616, 19.0886,2,16.67997,3,9.438395,0.024087,53.6358,301
35.2313965344802, 14.8598,35.2993065342307, 16.8088,3,16.67897,3,9.827831,0.188054,55.8056,301
35.2624759338796, 18.5114,35.3143085343763, 14.971,3,16.67998,3,9.967968,-0.78118,57.7547,301
35.2624759338796, 16.6417,35.331042134203, 18.0879,2,16.67995,3,11.23951,-0.32947,54.2146,301
35.2814248334616, 14.5307,35.3479062346742, 15.6266,3,16.67877,3,8.441346,0.263126,55.6617,301
35.2993065342307, 18.3749,35.3626471348107, 16.3616,3,16.6797,3,9.69198,0.513195,56.7577,301
35.3143085343763, 16.8083,35.3808635342866, 17.7753,3,16.67978,3,9.82247,0.397237,54.745,301
35.331042134203, 14.7992,35.3980536349118, 15.7055,3,16.67874,3,10.26287,0.724436,55.7123,301
35.3626471348107, 18.9229,35.4143280349672, 16.3204,3,16.67998,3,9.637305,-1.32316,56.6184,301
35.3626471348107, 16.1016,35.4292240347713, 17.5643,2,16.67966,3,9.485863,-0.414654,54.0168,301
35.3808635342866, 15.2937,35.446707835421, 16.5795,3,16.6789,3,11.22056,-0.057149,55.4797,301
35.3980536349118, 18.0928,35.4645677357912, 16.142,3,16.67967,3,10.89296,-0.608189,56.7655,301
35.4292240347713, 19.0879,35.4818487353623, 18.6077,3,16.68099,3,9.425954,-0.793558,54.8155,301
35.4292240347713, 12.2396,35.4963462352753, 14.6807,2,16.67856,3,9.183149,1.169977,54.329,301
35.446707835421, 18.7644,35.5129031352699, 17.1114,3,16.6797,3,8.954889,0.189899,56.7768,301
35.4645677357912, 17.4132,35.5312120355666, 16.2976,3,16.6801,3,10.72706,-0.295152,55.1241,301
35.4818487353623, 14.1259,35.5453377356753, 16.7075,3,16.67871,3,9.952123,-0.213583,54.0097,301
35.5129031352699, 17.045,35.5629780357704, 20.0463,3,16.67891,3,10.436,0.250481,56.5912,301
35.5129031352699, 18.2122,35.58008683566, 14.1221,3,16.67974,3,9.546552,-1.209217,59.5475,301
35.5453377356753, 16.9951,35.5961909359321, 16.7427,3,16.67992,3,10.73518,0.045194,55.4969,301
35.5629780357704, 18.5666,35.6131058363244, 16.0383,2,16.68095,3,10.63522,0.338586,55.2509,301
35.58008683566, 13.4156,35.6296162372455, 16.3767,2,16.67916,3,10.73742,-0.580457,52.7238,301
35.5961909359321, 18.8375,35.646304837428, 16.819,3,16.68034,3,12.10741,-1.230444,55.6746,301
35.5961909359321, 13.9657,35.6629735371098, 14.8963,2,16.67886,2,10.00051,0.116124,53.6549,301
35.6296162372455, 18.5915,35.6801480362192, 19.9167,3,16.6799,1,9.987657,-0.22784,54.5977,301
35.6801480362192, 55.4396,35.696891236119, 15.824,2,16.701,1,10.94494,-0.107248,55.9234,301
35.6801480362192, 0.6275,35.7144172368571, 15.8606,0,16.69226,1,10.04338,1.033399,16.3033,301
35.7144172368571, 32.991,35.7291938364506, 16.0583,1,16.70112,0,9.79164,-0.737414,31.5422,301
35.7144172368571, 1.817,35.7464598361403, 18.394,0,16.69303,3,10.37565,-0.345574,14.6096,301
35.7144172368571, 1.3352,35.762767136097, 15.6946,1,16.68469,3,9.351301,-0.181277,31.1876,301
35.7291938364506, 7.8439,35.7797897364944, 16.6125,2,16.67989,3,10.79851,-0.104036,45.5474,301
35.7464598361403, 16.9817,35.7983159366995, 16.8812,2,16.68005,3,11.03647,0.577256,54.3084,301
35.762767136097, 16.3905,35.8126320363954, 16.4113,2,16.6799,3,9.913277,-1.017214,54.2146,301
35.7797897364944, 17.4523,35.8309674365446, 17.6044,2,16.68032,3,10.81964,-0.361491,54.2359,301
35.7797897364944, 15.855,35.848021636717, 15.8159,2,16.67987,3,11.11374,-1.291117,54.3881,301
35.8126320363954, 16.9619,35.864033636637, 16.2544,3,16.68002,3,9.671314,0.753941,54.3496,301
35.8309674365446, 15.9394,35.8807318368927, 17.4422,2,16.67962,3,11.23019,-0.606925,53.6423,301
35.8309674365446, 16.5679,35.8974404362962, 17.6629,2,16.67956,3,10.99252,0.449792,55.1285,301
35.848021636717, 16.1149,35.9142144368961, 14.872,3,16.67925,3,9.769159,0.77792,56.2406,301
35.8807318368927, 17.1305,35.9316019369289, 18.6392,3,16.6795,3,9.724525,-0.388022,54.9984,301
35.8807318368927, 15.2128,35.9465974373743, 14.9105,2,16.67871,3,11.00361,-1.152651,56.5078,301
35.8974404362962, 17.8148,35.9655031366274, 17.7513,3,16.67932,3,11.19708,-0.069943,56.2056,301
35.9142144368961, 17.2721,35.9806430367753, 17.1116,3,16.67964,3,9.837522,-0.769336,56.1425,301
35.9465974373743, 17.6414,35.9968809364364, 16.5766,3,16.68016,3,10.64515,0.248007,55.9827,301
35.9465974373743, 16.5581,36.0140515370294, 16.1694,2,16.68009,3,10.69904,-0.349174,54.9181,301
35.9806430367753, 17.9141,36.0312109375373, 17.5167,3,16.68076,3,9.854536,-0.827693,54.5299,301
35.9968809364364, 17.1829,36.048238937743, 15.9224,2,16.68103,3,11.49849,-0.550527,54.1325,301
36.0140515370294, 16.256,36.0631524380296, 15.6435,2,16.6808,3,9.444374,-0.110338,52.8723,301
36.0312109375373, 16.7424,36.0812159385532, 18.3475,2,16.68083,3,10.96799,-0.60848,52.26,301
36.048238937743, 16.477,36.0969068389386, 14.1677,2,16.68072,2,10.16693,0.564711,53.8644,301
36.0631524380296, 16.157,36.1143168397248, 17.4338,2,16.68044,1,10.80384,-0.276797,51.556,301
36.1143168397248, 55.9941,36.130391439423, 16.6766,2,16.70154,0,10.71578,-0.725295,52.8332,301
36.1143168397248, 1.8626,36.1469655390829, 18.6616,0,16.69358,3,11.16349,-0.634365,13.5161,301
36.1143168397248, 1.6065,36.1634378395975, 14.782,1,16.68549,3,9.890697,-0.748894,30.3166,301
36.130391439423, 6.743,36.1806597393006, 17.9753,2,16.68016,3,9.749295,0.150088,43.4887,301
36.1469655390829, 16.7596,36.1994159389287, 18.2228,2,16.68021,3,11.27726,0.321723,54.7241,301
36.1634378395975, 16.5719,36.2139135384932, 13.9999,2,16.68015,3,9.648094,-0.171579,56.1874,301
36.1806597393006, 17.304,36.2305886382237, 15.8864,2,16.68048,3,10.64091,-0.786048,53.6157,301
36.1806597393006, 16.391,36.2467175377533, 17.8711,2,16.68033,2,10.32778,0.23852,52.198,301
36.2139135384932, 16.5631,36.2637853370979, 15.387,3,16.68027,1,9.843879,-0.361044,53.665,301
36.2637853370979, 55.8745,36.2804933367297, 16.6942,2,16.7012,0,10.69165,-0.849226,52.5023,301
36.2637853370979, 1.5969,36.2988137369975, 18.3175,0,16.69314,2,10.10458,0.275921,13.3235,301
36.2637853370979, 0.602,36.3139178371057, 17.0623,1,16.68455,3,10.08574,-1.326604,30.0449,301
36.2804933367297, 13.2767,36.3307567378506, 17.611,2,16.68273,3,10.23583,0.867617,46.506,301
36.2804933367297, 11.4126,36.3490670369938, 15.6573,2,16.67993,3,10.12628,-0.349584,50.8393,301
36.3139178371057, 17.8309,36.3660673378035, 17.1915,3,16.68054,3,9.725404,-0.475607,55.0752,301
36.3307567378506, 17.8565,36.3820482371375, 16.5961,2,16.68116,3,11.21248,-1.223219,54.4449,301
36.3307567378506, 12.6858,36.3962931372225, 14.7769,2,16.67904,3,9.347984,-0.002143,53.1854,301
36.3490670369938, 18.842,36.4136676378548, 17.5586,3,16.68019,3,10.66671,-0.267302,55.2767,301
36.3820482371375, 17.9718,36.4307738374919, 18.2002,3,16.68088,3,9.574319,-0.78731,53.994,301
36.3962931372225, 15.6415,36.4472816381603, 15.4568,2,16.68032,3,11.60954,-0.657416,54.2222,301
36.4136676378548, 16.2951,36.4657308384776, 16.8709,2,16.68012,3,10.6929,0.534992,54.0376,301
36.4307738374919, 19.2775,36.4804065385833, 16.6583,2,16.6815,3,9.48471,1.724013,54.6134,301
36.4472816381603, 14.1582,36.4987105382606, 17.5917,2,16.68016,3,9.205916,-0.522464,51.9945,301
36.4472816381603, 16.3373,36.5153907379135, 15.4564,2,16.67998,3,10.60981,-0.609328,55.4255,301
36.4804065385833, 17.4775,36.5302489381284, 17.7001,3,16.6804,3,9.090487,0.177058,54.5482,301
36.4987105382606, 15.6951,36.547326637432, 15.7197,2,16.67988,3,9.987364,-0.087871,54.7624,301
36.4987105382606, 16.4339,36.5649117380381, 15.9328,2,16.67975,3,9.734828,-0.349774,54.7957,301
36.5302489381284, 18.9353,36.5817787386477, 18.7509,3,16.68094,3,11.10024,-0.324594,54.2945,301
36.5302489381284, 13.1062,36.5973686389625, 15.3191,2,16.67905,3,10.37567,-0.351494,54.111,301
36.547326637432, 17.3689,36.6132836397737, 16.1017,3,16.67941,3,9.215074,-0.303918,56.324,301
36.5649117380381, 17.0647,36.6322849392891, 18.5921,3,16.67962,3,10.78239,1.270593,55.0582,301
36.5817787386477, 15.3623,36.6472433395684, 15.1525,3,16.67892,3,10.12559,-0.664558,56.5853,301
36.6132836397737, 18.4096,36.6655079387128, 16.7225,3,16.67984,3,9.540118,-0.211986,56.3674,301
36.6132836397737, 16.5607,36.6822475381196, 16.6728,2,16.67977,3,10.43931,-0.5914,54.6888,301
36.6472433395684, 16.9684,36.6987271383405, 18.0212,3,16.67993,3,8.613358,-0.836017,54.8021,301
36.6472433395684, 14.3807,36.7146465387195, 16.2655,2,16.67871,3,11.09549,-0.588784,55.8549,301
36.6655079387128, 18.8384,36.7320190388709, 15.5065,3,16.67985,3,10.8803,-0.240009,57.7397,301
36.6987271383405, 16.7085,36.749390438199, 17.2936,3,16.67987,3,10.51412,-0.669832,54.4086,301
36.6987271383405, 15.0046,36.7654367387295, 17.5831,2,16.67899,3,9.830284,-0.677358,54.9926,301
36.7146465387195, 17.9938,36.781531939283, 14.6374,3,16.67968,3,10.24951,-1.177605,57.5718,301
36.7320190388709, 17.3933,36.7985683400184, 16.9455,3,16.68005,3,9.460232,-0.960037,54.2169,301
36.749390438199, 16.0716,36.8150278404355, 18.2593,3,16.67973,3,11.00446,0.136107,53.7692,301
36.7654367387295, 15.6712,36.8302068402991, 15.2945,3,16.6792,3,9.617505,-0.344974,55.9574,301
36.781531939283, 17.2783,36.8480217410251, 16.0017,3,16.67952,3,11.47164,0.089818,55.5813,301
36.7985683400184, 16.4418,36.8650349406525, 17.4024,3,16.67939,3,11.48949,1.136132,54.2844,301
36.8150278404355, 15.1434,36.8819909403101, 17.7298,3,16.67859,3,9.554174,1.312501,55.2608,301
36.8302068402991, 17.7877,36.898106941022, 14.8358,3,16.67917,3,10.38908,-0.791396,57.8524,301
36.8480217410251, 17.265,36.9150778418407, 17.4824,3,16.67947,3,10.31597,-0.162834,54.9016,301
36.8650349406525, 16.7864,36.9317223420367, 17.8173,3,16.67953,3,9.050299,-1.370789,55.1092,301
36.8819909403101, 14.6978,36.9472049418837, 15.8026,3,16.67849,3,8.740096,-1.294353,56.1505,301
36.898106941022, 18.3973,36.9652409423143, 16.1293,3,16.67939,3,10.94553,-0.546599,57.2558,301
36.9150778418407, 16.675,36.9819045420736, 16.7764,3,16.67939,3,7.887289,-0.682775,54.9813,301
36.9317223420367, 15.2979,36.9990388415754, 18.6583,3,16.67867,3,11.99685,-0.043807,55.0787,301
36.9472049418837, 18.2737,37.0142004415393, 14.8887,3,16.6795,3,10.3651,-1.011895,58.4423,301
36.9652409423143, 16.5302,37.032263642177, 16.6579,3,16.67942,3,10.46787,-0.363891,55.0656,301
36.9819045420736, 17.3254,37.0487934425473, 16.3791,3,16.67976,3,10.65721,-1.139379,55.1766,301
36.9990388415754, 14.8816,37.065185142681, 18.163,3,16.67882,3,9.397995,0.40893,54.2469,301
37.0142004415393, 18.1216,37.0811756420881, 15.9928,3,16.67957,3,11.11059,1.147081,57.5294,301
37.032263642177, 16.5915,37.0987013429403, 16.0309,3,16.67953,3,8.987079,0.812593,55.4017,301
37.0487934425473, 16.6146,37.1154729425907, 16.8005,3,16.67949,3,11.90547,0.534962,54.8405,301
37.065185142681, 15.0183,37.1321410425007, 18.0644,3,16.67863,3,10.16432,-0.107276,55.0273,301
37.0811756420881, 18.441,37.1506651416421, 16.9404,3,16.67955,3,9.497107,-0.871889,58.0732,301
37.0987013429403, 16.5711,37.165744241327, 15.234,3,16.67949,3,9.808838,0.185328,56.5737,301
37.1154729425907, 16.6736,37.1804721411318, 16.2321,3,16.67949,3,9.068376,-0.871237,55.237,301
37.1321410425007, 15.5515,37.1989309415221, 18.0525,3,16.6789,3,10.84599,-0.351134,54.7954,301
37.1506651416421, 18.1697,37.2140324413776, 15.3119,3,16.67967,3,11.10637,-0.978033,57.2966,301
37.1804721411318, 16.8162,37.2327069416642, 17.0699,3,16.67975,3,9.271437,-0.67766,54.4222,301
37.1804721411318, 16.4951,37.2487063407898, 17.546,2,16.67965,3,11.27733,-0.072766,54.693,301
37.2140324413776, 16.8761,37.2641876405105, 16.0146,3,16.67975,3,8.816833,-0.939904,55.7443,301
37.2140324413776, 16.6727,37.2825942402706, 16.3404,2,16.67975,3,10.02976,1.529249,54.8782,301
37.2487063407898, 17.9159,37.2993884393945, 17.1142,3,16.68039,3,11.21157,-0.679663,54.5518,301
37.2641876405105, 15.9524,37.3154866388068, 17.5936,2,16.68001,3,10.5041,-0.897683,53.75,301
37.2641876405105, 16.1902,37.3322799382731, 15.1657,2,16.67976,3,10.65955,-0.198245,55.3917,301
37.2825942402706, 16.7934,37.3492325386032, 18.3338,3,16.67982,3,9.105763,-0.284603,54.3671,301
37.3154866388068, 18.1462,37.3643516385928, 15.0112,3,16.68057,3,10.64648,-0.745645,55.9074,301
37.3154866388068, 14.6693,37.3826136393473, 17.0637,2,16.67954,3,10.64894,1.464783,52.7732,301
37.3322799382731, 16.8558,37.3980268388987, 16.7655,3,16.67963,3,9.315203,-0.353789,55.1516,301
37.3492325386032, 14.7658,37.4142768383026, 14.6755,3,16.67864,2,10.75354,-0.100342,55.0782,301
37.3643516385928, 18.7477,37.4307977389544, 16.504,3,16.67971,1,11.19572,-0.45448,54.9877,301
37.4307977389544, 55.7934,37.4482015389949, 17.4817,3,16.69985,0,8.443189,-0.117077,52.745,301
37.4307977389544, 1.8878,37.4662084393203, 17.8946,0,16.69222,3,12.22474,0.734099,14.4381,301
37.4307977389544, 1.7278,37.4822149388492, 17.2711,1,16.68453,3,10.56258,0.504727,30.4464,301
37.4307977389544, 4.9247,37.4983064383268, 15.0091,2,16.67848,3,10.07728,0.203094,45.99,301
37.4482015389949, 18.1244,37.5155520383269, 17.286,3,16.67922,3,11.1384,0.094313,56.0747,301
37.4662084393203, 17.1908,37.5319944377989, 17.5266,3,16.67949,3,11.08447,-0.639997,55.2359,301
37.4822149388492, 15.8488,37.5490461383015, 15.8535,3,16.67906,3,10.01511,0.955358,55.5722,301
37.4983064383268, 17.3657,37.565872637555, 16.9589,3,16.67941,3,9.334587,-1.226035,55.5769,301
37.5155520383269, 16.6234,37.5825679376721, 17.791,3,16.67938,3,10.5999,-0.213697,55.1713,301
37.5319944377989, 15.1433,37.5984016377479, 16.1696,3,16.6786,3,11.75954,0.357698,56.3344,301
37.5490461383015, 18.5962,37.6155121382326, 15.5803,3,16.67958,3,10.95924,-0.313451,57.366,301
37.565872637555, 16.6427,37.632556438446, 18.5305,3,16.67956,3,8.500097,-0.721714,54.3316,301
37.5825679376721, 14.7576,37.6475544385612, 15.3201,3,16.67858,3,10.1532,-0.077706,56.2092,301
37.5984016377479, 18.2325,37.6655171383172, 16.1065,3,16.67937,3,11.40155,1.0507,56.8016,301
37.6155121382326, 16.9789,37.6826408375055, 17.9975,3,16.67952,3,9.793614,0.389722,54.6757,301
37.632556438446, 14.8772,37.6985494382679, 16.576,3,16.6786,3,11.50021,-0.784429,55.657,301
37.6475544385612, 18.0458,37.715940438211, 15.9386,3,16.6793,3,11.0609,-0.259135,57.3937,301
37.6655171383172, 17.2087,37.7323641385883, 16.4376,3,16.67957,3,9.479978,0.399015,55.2862,301
37.6826408375055, 14.9038,37.7485259380192, 17.0809,3,16.67867,3,11.43993,-0.417735,54.5043,301
37.6985494382679, 18.445,37.7689966373146, 19.4584,3,16.67957,3,8.954535,-0.338985,56.6937,301
37.715940438211, 16.4344,37.7821980370209, 13.3502,3,16.67944,3,11.34268,-0.785879,57.7067,301
37.7485259380192, 16.4333,37.7987212361768, 17.5911,3,16.67932,3,11.23864,-0.305453,54.6149,301
37.7485259380192, 15.529,37.8150425357744, 17.157,2,16.67873,3,10.28199,-0.461622,55.7818,301
37.7689966373146, 17.881,37.8325039362535, 15.404,3,16.67934,3,9.658779,0.224301,57.4102,301
37.7987212361768, 16.6217,37.8490494368598, 16.6031,3,16.67931,3,10.52705,-0.588385,54.913,301
37.7987212361768, 15.1044,37.865693337284, 17.7653,3,16.67851,3,10.77212,-0.362411,54.9061,301
37.8150425357744, 18.5688,37.8827279368415, 15.8156,3,16.67947,3,11.0015,-1.313795,57.5613,301
37.8325039362535, 16.5235,37.8994916370139, 17.8893,3,16.67939,3,10.71358,-0.21742,54.8243,301
37.865693337284, 18.2437,37.9163526361808, 15.8944,3,16.68019,3,11.05501,-0.637703,56.1763,301
37.865693337284, 15.4168,37.9322528364137, 15.7969,2,16.67955,3,8.968195,-1.282794,53.8413,301
37.8827279368415, 16.1411,37.9488297356293, 17.5441,3,16.67927,3,11.15932,-0.001312,54.1883,301
37.8994916370139, 17.3826,37.9646411361173, 16.5827,3,16.67963,3,10.6784,-0.622062,55.6252,301
37.9163526361808, 16.0639,37.9830345353112, 16.6689,3,16.67932,3,9.877594,1.306105,54.8254,301
37.9488297356293, 16.8465,37.9993010358885, 17.2446,3,16.6794,3,11.19881,-0.274008,55.4315,301
37.9488297356293, 15.1585,38.0187277356163, 18.38,2,16.67863,3,10.78376,-0.165127,55.83,301
37.9646411361173, 18.3191,38.032654135488, 13.8999,3,16.67946,3,9.374895,-0.603207,59.0509,301
37.9830345353112, 16.5317,38.0491344360635, 18.135,3,16.67939,3,10.21451,0.531815,54.6329,301
37.9993010358885, 15.2496,38.0668705357239, 17.8527,3,16.67867,3,8.397627,-0.413843,56.2366,301
38.0187277356163, 18.3191,38.0827031349763, 14.1685,3,16.67949,3,10.16241,-0.434233,58.8394,301
38.0491344360635, 16.6069,38.0996884359047, 18.2969,3,16.67946,3,11.04218,0.613289,54.6893,301
38.0491344360635, 15.1701,38.116404636763, 15.5476,3,16.6787,3,8.463643,0.190126,56.3795,301
38.0668705357239, 17.8964,38.1328949360177, 16.4529,3,16.67931,3,10.68873,-1.369903,56.7572,301
38.0827031349763, 17.3345,38.1493480363861, 16.3805,3,16.67964,3,10.03991,-0.573077,55.3138,301
38.0996884359047, 14.9021,38.1657081367448, 18.0393,3,16.67875,3,8.445174,-0.939951,54.361,301
38.116404636763, 18.1413,38.1825103359297, 16.5118,3,16.67948,3,9.898503,-0.034425,57.4991,301
38.1328949360177, 16.6371,38.1992371352389, 15.1798,3,16.67946,3,11.68238,-1.148399,55.8701,301
38.1493480363861, 16.4128,38.2163511356339, 18.1005,3,16.67933,3,9.962051,-0.771125,54.4122,301
38.1657081367448, 15.3686,38.2328336359933, 16.8885,3,16.67867,3,12.75562,-0.613713,56.101,301
38.1825103359297, 17.9194,38.2498743357137, 17.6221,3,16.67929,3,9.892399,0.437887,57.6208,301
38.1992371352389, 17.1273,38.2661427361891, 14.2573,3,16.67952,3,10.60093,-0.44529,57.3245,301
38.2163511356339, 14.9081,38.2826038366184, 16.4728,3,16.67863,3,10.96251,-0.904427,54.4544,301
38.2328336359933, 16.8219,38.2998625366017, 18.2565,3,16.6787,3,11.11641,0.500177,56.0194,301
38.2498743357137, 18.0253,38.3162313373759, 15.5713,3,16.67937,3,9.78759,-0.782071,57.4543,301
38.2661427361891, 16.5255,38.3331520380452, 17.078,3,16.6793,3,9.521227,-0.547714,55.0008,301
38.2826038366184, 17.4488,38.3500983389094, 17.9348,3,16.67968,3,11.04362,-0.495334,55.546,301
38.2998625366017, 16.1219,38.3651543390006, 15.5183,3,16.6794,3,8.529371,-0.470033,56.0403,301
38.3162313373759, 16.9687,38.38271323964, 15.9364,3,16.67955,3,10.90491,-0.944922,55.4365,301
38.3331520380452, 16.4486,38.3997069392353, 16.7522,3,16.67943,3,10.53513,-0.635571,54.4042,301
38.3500983389094, 15.2345,38.4163750391454, 18.1112,3,16.67871,3,9.421633,0.496622,54.7085,301
38.3651543390006, 17.9847,38.4331824388355, 15.4463,3,16.67936,3,10.67392,-0.237153,57.5853,301
38.38271323964, 16.9918,38.449521638453, 16.2479,3,16.67952,3,10.98777,-0.328069,55.0474,301
38.4163750391454, 16.8739,38.4661709386855, 18.016,3,16.67962,3,10.17608,-0.960713,54.304,301
38.4163750391454, 16.4176,38.4832698386163, 17.3973,2,16.67948,3,11.32565,-0.888142,55.4466,301
38.4331824388355, 16.3033,38.5000078380108, 15.2088,3,16.6793,3,9.653569,-1.382008,56.4256,301
38.449521638453, 16.9637,38.5165245383978, 16.503,3,16.67944,3,10.61961,-0.276638,55.3322,301
38.4661709386855, 15.0335,38.5330813378096, 17.7407,3,16.67862,3,10.81834,0.000644,54.8717,301
38.4832698386163, 18.6456,38.5498363375664, 17.9128,3,16.6796,3,9.845208,-0.576402,57.5791,301
38.5000078380108, 16.4531,38.5662967376411, 14.2199,3,16.67949,3,11.45774,0.403218,56.8327,301
38.5165245383978, 16.7842,38.5831927377731, 16.7746,3,16.67954,3,11.28666,0.749545,54.6062,301
38.5330813378096, 14.9021,38.5985614378005, 17.9427,3,16.67865,3,9.141802,-0.715081,54.6021,301
38.5498363375664, 16.4853,38.6167546380311, 17.341,3,16.67856,3,10.86648,0.606046,57.6454,301
38.5662967376411, 18.4952,38.6330728381872, 16.6437,3,16.67946,3,9.893555,-0.741374,58.5011,301
38.5985614378005, 17.7491,38.6503287386149, 15.1327,3,16.67999,3,9.753781,-0.500473,56.6505,301
38.5985614378005, 14.6008,38.6670260392129, 19.1645,2,16.67896,3,11.19435,0.422501,54.0344,301
38.6167546380311, 16.5925,38.6832091398537, 15.3119,3,16.67892,3,9.993174,0.103912,58.5984,301
38.6330728381872, 18.3595,38.7003468405455, 15.6463,3,16.67975,3,10.89037,-1.709883,57.3178,301
38.6503287386149, 16.6656,38.7174719404429, 18.5096,3,16.67974,3,11.2146,0.258747,54.606,301
38.6670260392129, 15.1059,38.7328909402713, 15.6099,3,16.67896,3,11.23599,0.250495,56.4364,301
38.6832091398537, 18.0784,38.7516315402463, 17.2037,3,16.67966,3,9.985283,0.057517,56.9547,301
38.7003468405455, 17.277,38.7670311406255, 15.4269,3,16.67995,3,12.21605,-0.360506,56.0798,301
38.7174719404429, 14.4811,38.7838100399822, 17.9408,3,16.67886,3,11.49771,0.368375,54.2302,301
38.7328909402713, 16.8995,38.7986288396642, 15.1436,3,16.67897,3,10.02168,-0.576349,57.6906,301
38.7516315402463, 18.1804,38.8169598402455, 16.7181,3,16.67971,3,11.75631,-0.481562,55.9353,301
38.7838100399822, 16.9604,38.8340167393908, 18.4793,3,16.67985,3,11.33743,-0.506256,54.473,301
38.7986288396642, 16.698,38.8508806386963, 15.4909,2,16.67986,3,9.904549,-0.484383,55.9923,301
38.7986288396642, 16.335,38.8675047392026, 16.6002,2,16.67969,3,11.26456,-1.617738,54.786,301
38.8169598402455, 17.0981,38.8841226389632, 18.0899,3,16.6799,3,9.730556,0.872895,55.0518,301
38.8340167393908, 16.6911,38.8998172385618, 16.1558,3,16.6799,3,11.92288,-0.609635,56.0437,301
38.8508806386963, 16.6796,38.9154526377097, 15.6081,3,16.6799,3,9.767538,-0.606784,55.4932,301
38.8675047392026, 16.7286,38.9337104381993, 16.3956,3,16.67993,3,12.3892,0.672605,54.4372,301
38.8841226389632, 15.2543,38.951848638244, 19.389,3,16.67923,3,8.436535,1.258713,54.1043,301
38.9154526377097, 18.2594,38.9665457382798, 14.5068,3,16.68,3,10.01458,-0.75394,58.239,301
38.9154526377097, 15.8697,38.9834181386977, 17.8594,2,16.67961,3,11.28319,-0.280608,54.4869,301
38.9337104381993, 18.2965,39.0018607378006, 17.7714,3,16.6804,3,11.11699,1.808539,56.477,301
38.9665457382798, 17.0517,39.0164821380749, 14.4733,3,16.68058,3,9.48424,0.410715,55.9527,301
38.9834181386977, 17.0432,39.0327763380483, 16.7368,2,16.68076,3,11.11571,-0.288774,53.3744,301
38.9834181386977, 15.845,39.0500016389415, 18.2239,2,16.68035,3,11.06866,-0.610509,53.0681,301
39.0164821380749, 17.2838,39.0662703393027, 14.7364,3,16.68065,3,8.362485,-0.553669,55.4481,301
39.0327763380483, 15.9617,39.0848098387942, 17.5061,2,16.68029,3,10.00557,0.971022,52.9002,301
39.0500016389415, 19.0133,39.0994288390502, 16.8569,2,16.68144,3,10.85421,-0.586941,54.4451,301
39.0662703393027, 14.7025,39.1185105396435, 18.2896,2,16.68047,3,9.611569,0.34892,52.2898,301
39.0662703393027, 16.0151,39.1325223399326, 13.9209,2,16.68014,3,11.16048,-0.98926,55.8766,301
39.0994288390502, 17.4484,39.1501886406913, 16.2842,3,16.68052,3,10.64254,-0.306955,53.7833,301
39.0994288390502, 16.3335,39.1668055402115, 18.0487,2,16.68035,3,10.00968,-0.84353,52.6191,301
39.1325223399326, 16.9952,39.1841587396339, 17.2712,3,16.6805,3,9.62686,0.886026,54.3349,301
39.1325223399326, 14.431,39.2006125403568, 16.9079,2,16.6794,3,11.84655,-1.309877,54.6114,301
39.1501886406913, 16.9382,39.2170884395018, 14.5494,3,16.67953,3,10.54013,0.15075,57.0885,301
39.1668055402115, 14.659,39.233571738936, 18.0083,3,16.67854,3,11.29357,-1.310424,54.6605,301
39.1841587396339, 17.1758,39.2503159390762, 15.2111,3,16.67879,3,10.89928,-1.237989,56.6038,301
39.2006125403568, 16.7255,39.2672266392037, 18.4377,3,16.67881,3,10.16895,-0.840144,56.0964,301
39.2170884395018, 18.0784,39.284049439244, 15.4131,3,16.67949,3,9.755824,0.369323,57.8091,301
39.233571738936, 16.6666,39.3015005392954, 17.473,3,16.67948,3,11.77929,-0.273856,55.1444,301
39.2503159390762, 17.0345,39.3175788400695, 16.0368,3,16.67966,3,11.94694,1.130211,55.9366,301
39.2672266392037, 16.7237,39.3342931391671, 18.0169,3,16.67968,3,10.11978,0.954718,54.9537,301
39.284049439244, 17.4651,39.3492368394509, 16.9103,3,16.68006,3,9.852556,-1.049568,56.2469,301
39.3015005392954, 16.198,39.3686451399699, 18.817,3,16.67983,3,11.19159,-0.120067,55.6921,301
39.3342931391671, 18.2053,39.384271540679, 12.9694,3,16.68057,3,9.536582,-0.693979,58.3102,301
39.3492368394509, 15.9455,39.4023960409686, 19.3673,2,16.68021,3,10.80137,0.854547,53.0754,301
39.3492368394509, 16.7879,39.4166186405346, 13.9889,2,16.68026,3,11.17967,-0.05648,56.4987,301
39.3686451399699, 15.6462,39.4346597408876, 16.9745,3,16.67976,3,9.572779,-0.531057,53.6993,301
39.384271540679, 18.1702,39.4507278418168, 17.3925,3,16.68048,3,11.07455,-0.490544,55.028,301
39.4166186405346, 16.582,39.4672139426693, 16.8941,3,16.68044,3,11.05508,0.322914,54.2372,301
39.4166186405346, 15.6241,39.4838504428044, 15.0795,2,16.67992,3,10.78866,-0.843531,54.5631,301
39.4346597408876, 16.1125,39.5006159422919, 16.5409,3,16.67965,3,10.47474,-0.442375,54.0192,301
39.4507278418168, 14.9972,39.5173754421994, 17.8531,3,16.67883,3,11.26279,0.902585,54.4482,301
39.4672139426693, 16.3578,39.5341779412702, 17.3273,3,16.67868,3,10.19433,0.538865,57.3044,301
39.4838504428044, 18.5088,39.5509351408109, 15.182,3,16.67956,3,11.62218,-0.342673,58.2737,301
39.5006159422919, 16.5659,39.5672962414101, 16.3803,3,16.67951,3,9.677615,0.210015,54.9475,301
39.5173754421994, 15.0953,39.5838612420484, 17.6988,3,16.67874,3,8.860535,-0.125828,54.7383,301
39.5341779412702, 18.5022,39.599850541912, 16.5343,3,16.67962,3,11.24847,-0.262112,57.366,301
39.5509351408109, 16.5037,39.6162344412878, 16.115,3,16.67954,3,9.373885,-1.197122,55.399,301
39.5672962414101, 16.6346,39.6343601411209, 17.0464,3,16.67952,3,9.965928,0.930969,55.0094,301
39.5838612420484, 15.3657,39.6517486413941, 17.1396,3,16.67888,3,11.05791,0.142623,55.4226,301
39.599850541912, 17.0399,39.6679381420836, 16.1672,3,16.67906,3,9.541322,-0.138294,57.1964,301
39.6162344412878, 17.9098,39.6824260419235, 17.4565,3,16.67965,3,11.41413,-0.855188,56.3244,301
39.6343601411209, 17.5384,39.7005622414872, 16.7266,3,16.68007,3,9.735977,0.792243,55.8432,301
39.6517486413941, 16.0551,39.7182787423953, 16.0135,3,16.67976,3,10.01669,-0.267193,55.0602,301
39.6824260419235, 16.935,39.7349063428119, 16.6935,3,16.67989,3,10.95949,-0.005142,54.9864,301
39.6824260419235, 14.7235,39.7493148427457, 16.1871,2,16.67895,3,10.18756,-0.257952,54.7774,301
39.7005622414872, 18.7002,39.7676758430898, 17.9451,3,16.67992,3,9.072293,-1.025201,56.2421,301
39.7182787423953, 16.6741,39.7833832427859, 16.2266,3,16.67991,3,10.84394,-0.049475,55.479,301
39.7493148427457, 16.8679,39.8014623429626, 16.2045,3,16.68,3,10.55185,-0.447274,55.0325,301
39.7676758430898, 17.7531,39.8180347438902, 16.6738,2,16.68052,3,8.992601,-1.210973,54.3768,301
39.7676758430898, 13.5164,39.8345988430083, 16.6316,2,16.679,3,10.99778,-0.103628,53.2978,301
39.7833832427859, 16.8312,39.8519297428429, 18.5707,3,16.67908,3,9.371774,-0.253408,56.4135,301
39.8014623429626, 18.0509,39.868134342134, 14.9394,3,16.67973,3,10.96447,0.963647,58.1532,301
39.8180347438902, 16.7401,39.884434742853, 16.2489,3,16.67976,3,11.01773,0.103734,55.0427,301
39.8345988430083, 17.3471,39.9007402434945, 16.3794,3,16.68008,3,10.08801,0.133828,54.5518,301
39.8519297428429, 16.0968,39.9169436432421, 17.7399,3,16.6798,3,10.51435,0.98225,53.5841,301
39.868134342134, 14.3211,39.9334659427404, 16.6575,3,16.67867,3,10.88907,-0.308648,55.2266,301
39.884434742853, 18.1543,39.9505917429924, 15.2992,3,16.67938,3,10.49857,0.911456,57.5639,301
39.9007402434945, 16.3909,39.9676741436124, 17.0878,3,16.67924,3,10.36585,-1.284253,54.7096,301
39.9169436432421, 15.2534,39.9838103428483, 17.4164,3,16.67856,3,9.638048,-0.312912,55.3688,301
39.9334659427404, 18.2235,39.9996441435069, 16.1586,3,16.6793,3,11.03804,-0.890567,57.5704,301
39.9505917429924, 17.2567,40.017590643838, 18.1723,3,16.67957,3,10.86385,-0.672122,55.506,301
39.9676741436124, 16.2039,40.0346137434244, 14.9641,3,16.67935,3,8.434712,-0.324416,56.4207,301
39.9838103428483, 15.8328,40.051051042974, 16.6695,3,16.67894,3,10.89707,1.193397,55.1825,301
39.9996441435069, 16.3767,40.0677323434502, 16.8225,3,16.6788,3,9.987922,-0.37784,56.0187,301
40.017590643838, 17.5546,40.0836098436266, 17.1607,3,16.67922,3,11.18762,0.752467,56.4652,301
40.0346137434244, 17.2753,40.0993686430156, 15.9477,3,16.6795,3,10.0402,0.736429,56.0718,301
40.051051042974, 16.7624,40.1182809434831, 17.5483,3,16.67954,3,10.50844,-0.889858,54.7051,301
40.0836098436266, 16.1508,40.1344060432166, 16.0462,3,16.67929,3,9.287833,-1.045303,55.5293,301
40.0836098436266, 15.5629,40.1508265435696, 16.4102,2,16.67876,3,9.086671,-1.149737,55.4253,301
40.0993686430156, 18.8207,40.1683765444905, 18.7954,3,16.67978,3,10.98326,0.256825,56.2733,301
40.1182809434831, 16.0205,40.1847033444792, 15.1174,3,16.67946,3,9.729503,0.450455,56.2169,301
40.1344060432166, 16.6239,40.2019337452948, 17.0998,3,16.67944,3,11.78074,-0.940111,55.3287,301
40.1508265435696, 17.5746,40.2182343453169, 16.1603,3,16.67986,3,11.09107,0.099713,55.8224,301
40.1683765444905, 16.1004,40.2347143460065, 18.1706,3,16.67958,3,9.034045,0.748458,54.3744,301
40.1847033444792, 17.2646,40.2501432457939, 15.4639,3,16.67986,3,10.68001,0.021686,56.457,301
40.2019337452948, 16.4376,40.2682771449909, 16.478,3,16.67975,3,11.61429,1.020281,54.6774,301
40.2182343453169, 16.436,40.2849753452465, 18.1989,3,16.67963,3,9.211142,-0.293295,54.7038,301
40.2347143460065, 15.2233,40.3009751448408, 16.0653,3,16.67894,3,9.083614,-0.876737,56.465,301
40.2501432457939, 18.3742,40.3185806451365, 18.1299,3,16.67974,3,10.79312,0.818288,57.3249,301
40.2682771449909, 16.5402,40.3346345452592, 14.0421,3,16.67968,3,9.384395,-0.36637,57.0815,301
40.2849753452465, 15.0919,40.3515354460105, 16.8711,3,16.67893,3,10.43674,-0.022067,54.582,301
40.3009751448408, 17.2119,40.3693859456107, 19.2469,3,16.67918,3,10.75281,-0.92354,56.3629,301
40.3185806451365, 17.1259,40.3836354454979, 14.6366,3,16.67939,3,9.65757,-0.120833,58.398,301
40.3346345452592, 17.2903,40.4003800461069, 17.1092,3,16.67968,3,10.61277,0.386508,55.9099,301
40.3515354460105, 17.8809,40.4187452467158, 16.385,3,16.68025,3,10.99564,0.203107,55.7291,301
40.3693859456107, 14.0899,40.434326746501, 15.4535,3,16.67903,3,10.11133,-0.503796,54.2338,301
40.3836354454979, 16.7124,40.4516049465165, 18.8203,3,16.67904,3,10.20969,-0.665302,55.5972,301
40.4003800461069, 18.4792,40.4675559466705, 15.7687,3,16.67989,3,10.75489,-0.319908,57.7057,301
40.4187452467158, 15.4549,40.484606246464, 15.5623,3,16.67931,3,8.824996,-1.535252,54.9635,301
40.434326746501, 17.4409,40.5015473468229, 16.9589,3,16.67967,3,10.8232,-0.566168,55.1036,301
40.4516049465165, 14.8426,40.5180063461885, 16.3879,3,16.67881,3,10.39441,-0.167914,54.6204,301
40.4675559466705, 17.9837,40.533525345847, 17.1,3,16.67942,3,10.78315,-0.759878,56.1669,301
40.484606246464, 17.086,40.5531412456185, 18.1438,3,16.67961,3,10.75027,-0.458819,55.2841,301
40.5015473468229, 16.4682,40.5673040458933, 14.1196,3,16.67951,3,7.364214,-0.637281,56.3235,301
40.533525345847, 15.8043,40.5841274457052, 16.7732,3,16.6791,3,9.943278,-0.676585,53.9767,301
40.533525345847, 15.3523,40.6014470448717, 18.7845,2,16.67848,3,9.876419,-0.653489,54.9626,301
40.5531412456185, 18.0163,40.6173557443544, 16.067,3,16.67911,3,10.51408,-0.178393,58.3959,301
40.5673040458933, 16.7945,40.6343872444704, 15.5081,3,16.67916,3,10.83189,-0.148296,56.447,301
40.5841274457052, 17.5122,40.6515351450071, 17.1073,3,16.67955,3,10.69189,0.666146,55.1608,301
40.6014470448717, 14.6329,40.6682325443253, 16.6541,3,16.67859,3,12.48089,-1.228912,54.7568,301
40.6173557443544, 18.1372,40.6848980439827, 18.1552,3,16.67927,3,9.252396,-0.761302,56.7776,301
40.6343872444704, 17.0026,40.7013413431123, 16.7854,3,16.67943,3,10.13025,-1.144956,56.7965,301
40.6515351450071, 16.8906,40.7195690432563, 16.3276,3,16.67952,3,10.94321,-0.770953,56.5797,301
40.6682325443253, 16.637,40.7351494431496, 15.7365,3,16.6795,3,11.5868,-0.059668,56.0024,301
40.6848980439827, 15.5467,40.7519925422966, 17.5604,3,16.67897,3,9.890756,-1.298936,55.1169,301
40.7013413431123, 16.4852,40.7683558426797, 17.0861,3,16.67888,3,10.88125,0.393143,57.1313,301
40.7195690432563, 18.2416,40.7855570428073, 15.6593,3,16.67961,3,10.94937,0.762523,57.7326,301
40.7351494431496, 16.8309,40.802013842389, 16.3549,3,16.67969,3,10.75634,0.111363,55.1506,301
40.7519925422966, 15.5929,40.8185523431748, 18.4768,3,16.67918,3,11.01976,0.195108,54.6753,301
40.7683558426797, 17.9422,40.8346490431577, 15.8615,3,16.67977,3,10.09878,0.14671,57.5592,301
40.7855570428073, 16.491,40.8530013430864, 16.7405,3,16.67968,3,10.96554,0.272304,55.4785,301
40.8185523431748, 16.8588,40.8693783432245, 16.394,3,16.67976,3,11.39099,1.027184,55.7289,301
40.8185523431748, 14.7009,40.8854680433869, 17.6581,2,16.67884,3,10.62859,-0.790755,55.2446,301
40.8346490431577, 18.15,40.9004161432385, 15.364,3,16.67953,3,9.640196,-0.100213,58.222,301
40.8530013430864, 17.776,40.9174343440682, 16.8233,3,16.68003,3,11.45372,-0.093405,55.4365,301
40.8693783432245, 16.1897,40.9357787445188, 16.5352,3,16.67981,3,9.495355,-0.623961,54.484,301
40.9004161432385, 15.0382,40.9527166448534, 18.0091,3,16.67904,3,11.25441,0.005312,54.8237,301
40.9174343440682, 18.7766,40.968581745401, 16.3059,2,16.68002,3,10.19541,0.455514,57.8006,301
40.9174343440682, 16.393,40.9859670456499, 15.7818,2,16.67989,3,9.760361,-0.914017,55.3301,301
40.9357787445188, 16.9908,41.0003358460963, 16.1466,3,16.68003,3,9.864188,-0.940039,54.7195,301
40.9527166448534, 14.7124,41.019011946395, 16.9509,3,16.67912,3,10.37719,0.374021,53.876,301
40.968581745401, 18.3976,41.0356045458466, 18.0926,3,16.67991,3,9.540717,-0.586919,56.1139,301
41.0003358460963, 16.7998,41.0505397459492, 14.6668,3,16.67997,3,10.30604,0.161841,55.7859,301
41.0003358460963, 16.3704,41.0674896454439, 17.566,2,16.67983,3,11.33958,-0.468199,53.6769,301
41.0356045458466, 16.8497,41.0860947454348, 16.9446,3,16.6799,3,9.671819,-0.671163,54.8735,301
41.0505397459492, 17.437,41.1024903459474, 17.6892,2,16.68026,3,12.16736,-0.86827,54.9686,301
41.0674896454439, 16.2938,41.1186996465549, 16.7887,2,16.68008,2,11.4342,-0.349819,55.221,301
41.0674896454439, 16.5224,41.1360499458387, 15.2773,2,16.68,2,11.43596,0.395799,55.7163,301
41.1024903459474, 31.4956,41.1505701458082, 16.3394,3,16.68685,2,9.46037,-0.422429,54.4627,301
41.1186996465549, 18.4511,41.1683356454596, 17.1365,2,16.68767,2,11.35752,-0.396494,39.3152,301
41.1505701458082, 17.039,41.1849843459204, 17.0372,2,16.68783,2,10.0656,-0.853859,38.0012,301
41.1505701458082, 15.0694,41.2016745461151, 15.1065,1,16.68708,2,8.527329,-0.482624,37.9816,301
41.1683356454596, 15.125,41.2184596462175, 16.7871,2,16.68636,2,11.19979,-0.434589,38.0374,301
41.1849843459204, 18.1123,41.2344389455393, 16.04,2,16.68702,2,11.99936,-0.07994,39.6996,301
41.2016745461151, 16.873,41.2514666458592, 18.4734,2,16.6871,2,10.80992,-0.473565,37.6277,301
41.2184596462175, 16.0516,41.2671557450667, 15.7924,2,16.68681,2,12.09789,-0.266003,39.2287,301
41.2344389455393, 16.8136,41.2850943459198, 17.6953,2,16.68687,2,12.10084,-0.154767,38.96,301
41.2514666458592, 15.5213,41.3027698462829, 17.7135,2,16.68633,2,10.46406,0.499195,39.8453,301
41.2671557450667, 18.4202,41.3174702459946, 15.2185,2,16.68713,2,10.0779,-0.548493,42.0358,301
41.2850943459198, 17.082,41.3368739457801, 19.4002,2,16.68731,2,9.147467,-1.414068,38.8426,301
41.3027698462829, 14.8302,41.3541212463751, 15.3248,2,16.68646,2,10.17671,-0.759391,41.1613,301
41.3174702459946, 16.6232,41.3685643468052, 14.3915,2,16.68643,2,9.663293,-0.306709,41.656,301
41.3368739457801, 16.8863,41.3860267475247, 18.6241,2,16.68652,2,9.748068,-0.525706,39.4069,301
41.3541212463751, 18.0484,41.4024184476584, 16.8867,2,16.68715,2,11.65069,-0.110764,41.1626,301
41.3685643468052, 17.0237,41.4173624478281, 14.7115,2,16.6873,2,10.77381,-0.77824,40.0012,301
41.3860267475247, 14.9297,41.4353278484195, 16.5822,2,16.68649,2,9.254906,0.088361,37.6897,301
41.4024184476584, 16.4045,41.4525413475931, 17.2845,2,16.68637,2,10.48046,-0.434616,39.3423,301
41.4173624478281, 16.3705,41.4687761478126, 16.1966,2,16.68622,2,10.29344,-0.930363,40.2217,301
41.4353278484195, 18.2927,41.4853130485862, 17.8141,2,16.68695,2,10.31334,-0.510503,40.048,301
41.4525413475931, 17.1162,41.5020889490843, 15.3955,2,16.68715,2,9.402216,0.361947,39.5664,301
41.4687761478126, 16.4701,41.5202639494091, 18.3818,2,16.68705,2,10.62846,-0.494967,37.8482,301
41.4853130485862, 16.7332,41.5367056485265, 16.4816,2,16.68707,2,9.605203,-0.538385,39.7294,301
41.5020889490843, 16.3904,41.5532567482442, 16.532,2,16.68694,2,10.56845,-1.339907,39.5108,301
41.5202639494091, 18.2463,41.5684303482994, 18.3079,2,16.68765,2,11.31697,0.995157,37.7721,301
41.5367056485265, 16.7665,41.5869413474575, 16.8889,2,16.68769,2,9.241785,-0.754416,39.715,301
41.5684303482994, 17.4326,41.60139554739, 14.2244,2,16.68803,2,10.60401,0.819259,39.8381,301
41.5684303482994, 14.2079,41.6197925470769, 16.9895,1,16.6869,2,11.17914,-0.320555,36.6299,301
41.60139554739, 19.0244,41.6360745467246, 16.1823,2,16.68796,2,9.270016,-0.729506,39.411,301
41.60139554739, 14.4929,41.6517610475421, 16.7237,1,16.68696,2,10.77694,0.004928,36.5704,301
41.6197925470769, 16.6174,41.6687808483839, 17.6238,2,16.68693,2,10.75745,-0.452657,38.8009,301
41.6360745467246, 16.5526,41.6851941477507, 16.7799,2,16.68687,2,10.76811,0.218567,39.8078,301
41.6517610475421, 15.3131,41.702099647373, 15.3261,2,16.68624,2,9.422172,0.688316,40.0354,301
41.6687808483839, 16.9164,41.7199522480369, 17.5931,2,16.68635,2,9.836257,0.116385,40.0484,301
41.6851941477507, 18.2163,41.7359879482538, 16.9831,2,16.68704,2,11.01393,0.487483,40.714,301
41.702099647373, 16.8173,41.7519722487777, 16.5219,2,16.6871,2,10.40138,0.260067,39.4931,301
41.7199522480369, 16.3835,41.7685183491558, 16.57,2,16.68696,2,9.495515,-1.221425,39.1973,301
41.7359879482538, 14.854,41.7864122483879, 16.3888,2,16.68613,2,11.53952,-0.119712,39.3849,301
41.7519722487777, 17.3757,41.8024573475122, 16.0009,2,16.68645,2,11.27413,-0.47728,40.9195,301
41.7685183491558, 18.6842,41.8193428479135, 16.9107,2,16.68735,2,9.688625,0.517446,39.5448,301
41.7864122483879, 16.1135,41.835844848305, 17.8204,2,16.68709,2,11.07711,-0.931684,37.7721,301
41.8024573475122, 16.611,41.8520304486156, 16.4963,2,16.68706,2,11.73968,0.231322,39.4679,301
41.8193428479135, 16.8722,41.868990348652, 17.0384,2,16.68714,2,11.03395,0.20913,39.3646,301
41.835844848305, 15.1945,41.8863625489175, 15.6135,2,16.68646,2,9.982884,-0.94546,39.5183,301
41.8520304486156, 16.7357,41.9024920482188, 16.2114,2,16.68649,2,11.82868,-1.057229,39.9503,301
41.868990348652, 18.5052,41.9204913489521, 18.0413,2,16.68731,2,11.02437,0.33537,39.4262,301
41.8863625489175, 16.1424,41.9364579487592, 17.4173,2,16.68706,2,9.88696,-0.758253,38.9635,301
41.9024920482188, 18.0828,41.9534257482737, 15.3968,2,16.68769,2,10.76253,-0.716613,40.1933,301
41.9204913489521, 15.313,41.9696466475725, 16.1976,2,16.68707,2,11.31473,0.648364,37.5531,301
41.9364579487592, 15.0276,41.9864743482322, 16.7704,2,16.68632,2,11.21935,0.53859,38.438,301
41.9534257482737, 17.9719,42.002586947754, 16.096,2,16.6869,2,9.238213,0.214861,40.1808,301
41.9696466475725, 17.5116,42.0192959476262, 16.8104,2,16.68728,2,11.02974,-0.413734,38.3053,301
41.9864743482322, 16.1444,42.0363575480878, 18.6917,2,16.68703,2,11.05361,-0.816465,37.6041,301
42.002586947754, 16.7064,42.0547179486603, 16.8418,2,16.68704,2,11.34994,0.505688,40.1525,301
42.0192959476262, 16.3619,42.0695174485445, 14.78,2,16.68689,2,9.864034,0.520397,40.2882,301
42.0363575480878, 15.2984,42.0863709487021, 16.9079,2,16.68627,2,10.55587,0.826809,38.7064,301
42.0547179486603, 18.5083,42.1029311493039, 17.8585,2,16.68709,2,11.20501,-0.252893,40.3157,301
42.0695174485445, 16.794,42.1199659500271, 15.507,2,16.68714,2,11.0885,-1.234368,39.6669,301
42.0863709487021, 16.8792,42.1365605499595, 16.6706,2,16.68722,2,9.697291,-0.146314,38.376,301
42.1029311493039, 16.0281,42.1527664493769, 16.1827,2,16.68693,2,9.442493,-1.053265,38.1724,301
42.1199659500271, 17.4108,42.169509248808, 17.7577,2,16.68725,2,10.88667,0.928083,38.3267,301
42.1365605499595, 16.0819,42.1868293490261, 18.2605,2,16.68698,2,11.33341,-0.797166,38.6683,301
42.1527664493769, 17.0895,42.2045317497104, 15.6698,2,16.68716,2,9.962465,-0.856054,40.8522,301
42.169509248808, 14.6795,42.2197402501479, 15.2921,2,16.68626,2,11.32842,-0.783066,39.4337,301
42.1868293490261, 17.056,42.2363449493423, 17.6815,2,16.68642,2,10.94417,-0.185425,40.0469,301
42.2045317497104, 18.1557,42.2533730501309, 17.6935,2,16.68708,2,10.07655,-0.641742,40.6728,301
42.2197402501479, 16.7382,42.2698048492894, 14.7944,2,16.68711,2,10.74097,-0.510616,40.207,301
42.2363449493423, 15.2005,42.2867131484672, 16.9002,2,16.68644,2,11.08372,0.744348,38.2681,301
42.2533730501309, 18.4235,42.3024855488911, 15.9188,2,16.68722,2,10.64974,-0.822579,39.9679,301
42.2698048492894, 16.7546,42.3202051492408, 18.9666,2,16.68725,2,9.733416,-0.64062,37.4568,301
42.2867131484672, 15.7439,42.3364519486204, 16.3227,2,16.68683,2,11.25075,-0.515427,39.6757,301
42.3024855488911, 17.0668,42.3532799491659, 15.3354,2,16.687,2,9.612479,-0.998434,40.2553,301
42.3202051492408, 15.0529,42.3700407491997, 18.0054,2,16.68627,2,11.28032,-1.137041,38.5239,301
42.3364519486204, 18.6446,42.3864299496636, 16.5759,2,16.68714,2,10.89913,-1.007448,41.4767,301
42.3532799491659, 16.7698,42.403542750515, 15.5921,2,16.68718,2,10.80663,0.945071,39.4086,301
42.3700407491997, 14.4875,42.4194521503523, 15.9883,2,16.6862,2,12.81524,-1.535453,38.2316,301
42.3864299496636, 19.0197,42.437205449678, 17.6863,2,16.68724,2,12.99315,-0.354939,39.7322,301
42.403542750515, 15.944,42.453284249641, 17.3635,2,16.68691,2,12.18933,0.243401,38.4,301
42.4194521503523, 16.4221,42.4699490489438, 17.2268,2,16.68679,2,10.97505,0.000389,39.805,301
42.437205449678, 17.4202,42.4872885486111, 15.501,2,16.68711,2,10.38094,-1.021495,40.6241,301
42.453284249641, 15.2501,42.5039043491706, 16.8508,2,16.68648,2,12.0543,-0.962591,38.6896,301
42.4699490489438, 18.2897,42.5207752482966, 16.8422,2,16.68719,2,11.44691,0.47873,40.3064,301
42.4872885486111, 17.0421,42.5363516481593, 16.5016,2,16.68735,2,10.59809,-0.30793,38.8596,301
42.5039043491706, 16.0424,42.5533723486587, 17.9278,2,16.68706,2,11.42689,-0.617006,38.32,301
42.5207752482966, 16.5244,42.5714095486328, 17.825,2,16.68699,2,11.14377,0.423023,40.2057,301
42.5363516481593, 15.426,42.5869015483186, 13.7416,2,16.68643,2,10.03383,-1.192401,41.4921,301
42.5533723486587, 16.7453,42.6039938488975, 16.9347,2,16.68645,2,10.54251,0.076296,39.8218,301
42.5714095486328, 18.2482,42.62002634909, 17.3767,2,16.68715,2,11.64348,0.500695,40.0123,301
42.5869015483186, 17.1423,42.6371260499582, 18.1001,2,16.68735,2,9.790101,-0.235677,39.1416,301
42.6039938488975, 16.1852,42.6541529493406, 16.4393,2,16.68713,2,11.1433,-0.878243,40.0676,301
42.62002634909, 14.262,42.6703271502629, 14.5613,2,16.68605,2,11.7269,-0.798409,40.3538,301
42.6371260499582, 17.0279,42.6867586495355, 17.3873,2,16.6862,2,10.40688,-0.36655,40.6272,301
42.6541529493406, 18.208,42.7042676499113, 18.1688,2,16.68688,2,10.51274,1.667934,41.0127,301
42.6703271502629, 17.0432,42.7203336497769, 16.0352,2,16.68703,2,11.25511,-0.911696,40.9738,301
42.6867586495355, 14.7885,42.7370979497209, 15.0758,2,16.68619,2,11.49445,-0.161938,39.9664,301
42.7042676499113, 16.6711,42.7531001502648, 16.2498,2,16.68619,2,11.09407,-0.532251,40.2535,301
42.7203336497769, 16.3878,42.7709042495117, 17.6316,2,16.68605,2,8.316696,-0.886063,39.8325,301
42.7370979497209, 18.6329,42.7871263502166, 17.2175,2,16.68691,2,11.64544,0.168664,41.0761,301
42.7531001502648, 16.2456,42.8024080498144, 14.3342,2,16.68672,2,10.73185,-0.973229,39.6622,301
42.7709042495117, 16.5442,42.8202632507309, 18.0008,2,16.68666,1,10.24956,-0.684016,37.7509,301
42.8379834508523, 56.7442,42.8541495511308, 35.2619,2,16.70434,0,11.51004,0.517938,39.2076,301
42.8379834508523, 1.7138,42.8705079508945, 14.7957,0,16.69773,3,11.62263,0.707965,17.7271,301
42.8379834508523, 0.5811,42.8868489516899, 16.2968,1,16.69062,3,10.53722,-0.916465,30.8102,301
42.8379834508523, 5.9639,42.9040368525311, 17.2024,2,16.68589,3,11.40246,-0.145383,46.5269,301
42.8541495511308, 18.6299,42.9199483534321, 16.035,3,16.68674,3,10.18744,-1.059986,57.7647,301
42.8705079508945, 17.1677,42.9372407542542, 17.1033,3,16.68696,3,10.95016,0.692881,55.1463,301
42.8868489516899, 16.1341,42.9541986538097, 18.2737,3,16.68671,3,11.86178,0.259118,55.104,301
42.9040368525311, 17.0965,42.9709236538038, 15.3288,3,16.68689,3,10.99789,0.97873,57.2366,301
42.9199483534321, 16.0088,42.9866723539308, 15.9108,3,16.6866,3,11.09282,-0.944836,55.4631,301
42.9372407542542, 17.187,43.0042665535584, 17.5654,3,16.68682,3,11.10598,-0.70363,55.3799,301
42.9541986538097, 16.3722,43.0205103540793, 16.1474,3,16.68668,3,10.54347,1.053913,55.7584,301
42.9709236538038, 17.0572,43.0377888539806, 17.3528,3,16.68684,3,8.841036,0.283417,55.5338,301
42.9866723539308, 16.3981,43.0562153542414, 19.7065,3,16.68671,3,11.59933,-0.653793,55.8295,301
43.0042665535584, 16.5729,43.07308285404, 17.7584,3,16.68666,2,10.16569,-1.009733,59.1381,301
43.0205103540793, 16.9207,43.0869939541444, 13.5416,3,16.68677,1,9.002783,0.357422,60.3244,301
43.0869939541444, 55.6274,43.1038799537346, 16.6576,3,16.70385,1,11.52039,-0.795559,56.9454,301
43.0869939541444, 2.3564,43.1202434534207, 14.8766,0,16.69756,3,9.899033,-0.192919,17.957,301
43.0869939541444, 0.6857,43.1371534531936, 16.8005,1,16.69054,3,11.03508,-0.069645,30.4974,301
43.0869939541444, 6.3084,43.1534655531868, 16.3542,2,16.68599,3,11.26256,0.020188,46.6132,301
43.1038799537346, 16.9664,43.1702180532739, 16.8224,3,16.68611,3,11.56102,0.399198,56.6592,301
43.1202434534207, 18.4521,43.1872398527339, 18.4119,3,16.68689,3,10.19855,0.239383,56.5134,301
43.1371534531936, 16.4952,43.2042237529531, 17.3743,3,16.6868,3,10.36461,0.583057,56.4745,301
43.1534655531868, 16.6115,43.2208286533132, 14.741,3,16.68677,3,11.8704,0.182459,57.3059,301
43.1702180532739, 16.3264,43.2374347532168, 16.6687,3,16.68661,3,10.44292,-0.068314,55.4837,301
43.1872398527339, 15.4267,43.2550271535292, 19.1687,3,16.68606,3,10.23964,0.53509,55.8265,301
43.2042237529531, 17.905,43.2718841535971, 17.3195,3,16.6866,3,9.292641,0.221508,59.5601,301
43.2208286533132, 17.5861,43.2875702539459, 15.5695,3,16.68699,3,11.72281,0.451606,58.9838,301
43.2374347532168, 16.0783,43.3043780541047, 15.1059,3,16.68672,3,11.93251,0.755959,56.7971,301
43.2550271535292, 14.8568,43.3204566547647, 16.0038,3,16.68592,3,10.35229,-0.889772,55.9838,301
43.2718841535971, 16.8706,43.3382392553613, 19.1268,3,16.686,3,11.46209,-1.014981,57.1429,301
43.2875702539459, 18.2153,43.3532492555678, 15.1089,3,16.68667,3,11.06154,-0.966943,59.3994,301
43.3043780541047, 16.2961,43.3706640563905, 17.8822,3,16.6865,3,9.808472,0.331139,56.2932,301
43.3204566547647, 17.4635,43.3890375569463, 16.3416,3,16.68684,3,10.96988,0.405224,57.8795,301
43.3382392553613, 14.7138,43.4042757572606, 15.1962,3,16.68598,3,11.71214,0.09664,56.7577,301
43.3532492555678, 17.7081,43.4214467564598, 17.2037,3,16.68642,3,11.64386,0.058444,57.241,301
43.3706640563905, 18.4554,43.4381380556151, 17.989,3,16.68719,3,10.20988,0.432206,56.7369,301
43.3890375569463, 16.4527,43.4551202552393, 17.2758,3,16.68709,3,11.44726,-1.009912,56.2705,301
43.4042757572606, 17.0457,43.4716485543177, 14.9136,3,16.68725,3,11.87896,0.34819,57.0954,301
43.4214467564598, 15.694,43.4875920535997, 16.0023,3,16.68682,3,10.53999,0.195805,54.9369,301
43.4381380556151, 15.4001,43.5052188532427, 17.6397,3,16.68626,3,9.818712,0.293268,55.2723,301
43.4551202552393, 18.4479,43.5214017527178, 17.7569,3,16.68702,3,11.29781,0.089515,57.5122,301
43.4716485543177, 16.5199,43.5376490531489, 16.3213,3,16.68695,3,11.4747,0.270658,56.8054,301
43.4875920535997, 17.0966,43.5553075531498, 17.6365,3,16.68713,3,10.41233,-1.067202,56.6236,301
43.5052188532427, 16.8336,43.571295552887, 14.5916,3,16.68719,3,9.173285,0.487507,57.1637,301
43.5214017527178, 14.7848,43.5876009529456, 16.6659,3,16.68637,3,11.64184,0.150648,54.9176,301
43.5376490531489, 16.6729,43.6060523530468, 17.635,3,16.68636,3,11.5468,-0.701368,56.8019,301
43.5553075531498, 16.3348,43.6214492525905, 16.7556,3,16.68621,3,10.27959,0.075483,57.766,301
43.571295552887, 18.322,43.6383882518858, 17.3964,3,16.68692,3,9.617352,0.229241,58.1874,301
43.5876009529456, 16.9384,43.6544676516205, 16.1201,3,16.68703,3,9.657168,0.693078,57.2615,301
43.6060523530468, 17.0626,43.6711280513555, 15.0842,3,16.68719,3,11.20812,-0.016277,56.4436,301
43.6214492525905, 14.5897,43.6883944515139, 17.2906,3,16.68628,3,8.715559,-0.100328,54.4493,301
43.6383882518858, 15.745,43.705121351406, 16.4757,3,16.68587,3,10.08612,0.009909,57.1645,301
43.6544676516205, 18.878,43.7211325522512, 17.1879,3,16.68682,3,11.12638,-0.376564,57.8976,301
43.6711280513555, 16.4859,43.7382834516466, 16.1247,3,16.68673,3,9.294928,-0.133078,56.2082,301
43.6883944515139, 16.6946,43.7552955523133, 16.9322,3,16.68674,3,10.36429,-1.069731,55.8468,301
43.705121351406, 17.033,43.7717753518373, 16.6195,3,16.68689,3,9.841364,-0.143293,56.0619,301
43.7211325522512, 15.7023,43.7882912512869, 17.8621,3,16.68646,3,11.09648,-0.181185,55.6719,301
43.7382834516466, 17.6098,43.804580250755, 16.6099,3,16.68686,3,9.832531,-0.143883,57.8316,301
43.7552955523133, 16.3031,43.8214880507439, 16.7862,3,16.6867,3,11.36649,-0.076587,56.8327,301
43.7717753518373, 16.8448,43.8381726499647, 14.912,3,16.68676,3,11.33389,0.10131,57.3159,301
43.7882912512869, 15.0142,43.8551288507879, 18.2977,3,16.68604,3,9.531883,-0.006117,55.3739,301
43.804580250755, 16.1186,43.8727701511234, 17.943,3,16.6858,3,10.72529,-1.144443,58.6672,301
43.8214880507439, 18.3164,43.8884988520294, 15.7673,3,16.6865,3,10.80359,-0.066746,60.4919,301
43.8381726499647, 16.6685,43.905429052189, 15.3235,3,16.68649,3,9.391817,0.659149,57.9427,301
43.8551288507879, 15.2562,43.9213730525225, 15.9046,3,16.68588,3,9.918443,-0.07465,56.5981,301
43.8727701511234, 16.6625,43.9384342525154, 17.0557,3,16.68587,3,10.98635,0.105668,57.2473,301
43.8884988520294, 18.4919,43.955280052498, 16.8028,3,16.68664,3,11.27815,0.779708,57.6411,301
43.905429052189, 16.4677,43.9721943531185, 18.1731,3,16.68655,3,8.56825,-0.177242,55.9522,301
43.9213730525225, 17.0838,43.9886767528951, 17.2552,3,16.68672,3,10.73963,-0.537188,57.6582,301
43.9384342525154, 16.2054,44.0065316520631, 15.9579,3,16.68651,3,9.562892,-0.055781,57.8296,301
43.955280052498, 16.7273,44.0212623523548, 15.068,3,16.68653,3,8.475742,-0.442117,57.583,301
43.9721943531185, 15.3562,44.0383950518444, 16.7287,3,16.68596,3,10.67949,0.056316,55.9237,301
43.9886767528951, 16.4977,44.0561845516786, 19.1621,3,16.68588,3,10.62658,-0.613925,57.2963,301
44.0065316520631, 18.5492,44.0713385520503, 15.4547,3,16.68668,3,9.082717,0.569058,59.9615,301
44.0212623523548, 16.4458,44.0891717514023, 16.0633,3,16.68657,3,11.03308,-0.87709,56.8669,301
44.0383950518444, 17.5922,44.10422955174, 15.0508,3,16.68696,3,10.21082,0.125209,56.4851,301
44.0561845516786, 14.6902,44.1218599518761, 17.755,3,16.68611,3,10.03174,0.032507,53.9438,301
44.0713385520503, 17.783,44.1391475526616, 17.1704,3,16.68658,3,8.42619,0.757478,57.0088,301
44.0891717514023, 16.7662,44.155259151943, 17.3706,3,16.68661,3,11.18349,0.494435,56.3966,301
44.10422955174, 16.9068,44.1726976512, 17.871,3,16.68671,3,11.56809,-0.57625,57.0012,301
44.1218599518761, 16.6168,44.1881987508386, 13.8129,3,16.68668,3,10.21622,-0.872958,57.966,301
44.1391475526616, 17.1821,44.2050778511912, 16.9102,3,16.68689,3,9.623365,-0.569048,55.1624,301
44.155259151943, 14.7252,44.2221136502922, 17.0971,3,16.68605,3,9.39245,0.373068,54.8912,301
44.1726976512, 17.3258,44.2389668505639, 16.954,3,16.68632,3,11.52236,-0.107989,57.263,301
44.1881987508386, 17.0607,44.2550982497633, 17.3092,3,16.68648,3,10.18605,-0.034367,56.8913,301
44.2050778511912, 17.1803,44.272709550336, 16.4564,3,16.68669,3,11.65813,-0.414227,57.1406,301
44.2221136502922, 16.71,44.289065150544, 16.6698,3,16.6867,3,9.898389,0.798747,56.4171,301
44.2389668505639, 17.1102,44.3053825497627, 15.8005,3,16.68688,3,11.16807,-1.02872,56.3771,301
44.2550982497633, 16.2503,44.3222701493651, 18.3977,3,16.6867,3,10.37483,0.44017,55.0626,301
44.272709550336, 16.8033,44.3384137488902, 16.4718,3,16.68675,3,11.01755,-0.111592,57.2152,301
44.289065150544, 16.8153,44.3552026487887, 16.609,3,16.6868,3,9.68022,0.640547,56.8841,301
44.3053825497627, 16.5072,44.371573748067, 14.6951,3,16.68673,3,9.44603,-0.445136,56.6785,301
44.3222701493651, 15.098,44.3884794488549, 16.9571,3,16.68605,3,7.307992,-0.131072,54.8663,301
44.3384137488902, 16.2667,44.4061235487461, 17.6341,3,16.68587,3,11.02785,-0.806896,56.726,301
44.3552026487887, 17.2961,44.4222091492265, 16.1624,3,16.68613,3,8.340036,0.243155,58.0935,301
44.371573748067, 18.3928,44.4394097495824, 18.7795,3,16.68686,3,11.02667,-0.65688,56.9597,301
44.3884794488549, 15.7953,44.4554248489439, 15.994,3,16.68648,3,10.7422,-0.605059,57.3475,301
44.4061235487461, 17.6042,44.4712004493922, 16.0475,3,16.68687,3,10.03174,0.323977,57.5462,301
44.4222091492265, 15.9145,44.4890340492129, 16.1885,3,16.68654,3,9.80968,0.427168,55.9894,301
44.4394097495824, 15.3328,44.5062945485115, 17.1926,3,16.68597,3,11.41386,0.510524,56.264,301
44.4554248489439, 16.4625,44.5224150493741, 17.4775,3,16.68587,3,11.55622,-0.943901,58.1156,301
44.4712004493922, 18.3233,44.5395399499685, 17.1933,3,16.68656,3,10.39613,0.087559,59.1393,301
44.4890340492129, 16.1198,44.5559442508966, 16.7094,3,16.68633,3,9.743476,-0.593659,58.01,301
44.5062945485115, 17.3717,44.572525350377, 14.6663,3,16.68661,3,11.2485,-1.010344,58.5997,301
44.5224150493741, 14.9598,44.5897915512323, 17.2112,3,16.68588,3,11.54674,0.583997,55.8944,301
44.5395399499685, 16.57,44.6061795521528, 16.4414,3,16.68584,3,10.52556,-0.422354,58.1457,301
44.5559442508966, 18.1778,44.6218410525471, 16.8534,3,16.68647,3,10.67304,-0.050419,58.0174,301
44.572525350377, 17.2087,44.6384832523763, 17.3495,3,16.68669,3,11.2359,-1.514083,56.6936,301
44.5897915512323, 16.2758,44.6562050525099, 17.589,3,16.68651,3,10.87195,0.05373,56.835,301
44.6061795521528, 16.7617,44.6726416517049, 14.6897,3,16.68654,3,10.41072,0.170784,58.1479,301
44.6218410525471, 15.107,44.6893722508103, 16.6957,3,16.68588,3,10.92468,-0.313034,56.0762,301
44.6384832523763, 16.4619,44.7072158511728, 19.3827,3,16.68579,3,10.11977,-1.403149,57.6657,301
44.6562050525099, 18.4163,44.7226528516039, 15.7017,3,16.68651,3,10.09902,-0.219354,60.5866,301
44.6726416517049, 17.3041,44.7395069515333, 17.1008,3,16.68677,3,10.76963,-0.548074,57.8728,301
44.6893722508103, 15.7494,44.7566714519635, 16.9243,3,16.68638,3,10.75845,-0.263376,57.6696,301
44.7072158511728, 15.2862,44.7723130518571, 13.9154,3,16.68579,3,11.24255,0.732949,58.8454,301
44.7226528516039, 16.3843,44.7895098524168, 17.2918,3,16.68566,3,9.988774,-0.890884,57.4743,301
44.7395069515333, 16.9699,44.806369853206, 16.7737,3,16.68578,3,10.43888,-0.335446,58.3821,301
44.7566714519635, 18.5179,44.8223346536979, 17.038,3,16.68655,3,10.91535,-0.047727,58.186,301
44.7723130518571, 17.5027,44.8400287544355, 18.5724,3,16.68689,3,10.92198,0.380871,56.7068,301
44.7895098524168, 15.6613,44.8564973538741, 16.2516,3,16.68646,3,10.97285,0.064597,57.7773,301
44.806369853206, 17.2231,44.8732228530571, 15.0447,3,16.68669,3,9.097127,-0.608882,58.3688,301
44.8223346536979, 15.2967,44.8895152537152, 17.5887,3,16.68611,3,10.84013,-0.598523,56.1904,301
44.8400287544355, 16.2344,44.9062227541581, 16.698,3,16.68592,3,11.2698,-0.206184,58.4692,301
44.8564973538741, 18.4192,44.9232961544767, 17.702,3,16.68664,3,11.57128,-1.307382,58.9462,301
44.8732228530571, 16.6233,44.9395716553554, 14.1555,3,16.68662,3,10.50742,-0.341455,58.2289,301
44.8895152537152, 15.182,44.9576475555077, 18.1646,3,16.68599,3,10.52868,-1.214602,55.7622,301
44.9062227541581, 16.4567,44.9724612552673, 14.8078,3,16.68589,3,11.91318,0.087955,58.7446,301
44.9232961544767, 18.401,44.9892378561199, 18.1037,3,16.68661,3,11.48485,0.440156,57.0959,301
44.9395716553554, 16.507,45.0065094567835, 17.3449,3,16.68653,3,10.7682,0.12674,56.7998,301
44.9576475555077, 17.3473,45.0232141576707, 15.3738,3,16.68681,3,11.31215,0.12074,57.6379,301
44.9724612552673, 16.3534,45.0398005582392, 16.6886,3,16.68667,3,9.819844,-0.657599,55.6646,301
44.9892378561199, 14.7276,45.0563228577375, 16.426,3,16.68585,3,11.54006,-1.505987,56.0001,301
45.0065094567835, 16.945,45.0736121572554, 18.7183,3,16.68596,3,11.53136,-0.381544,57.698,301
45.0232141576707, 17.9182,45.0891183568165, 15.4717,3,16.68647,3,11.4049,0.117181,59.4769,301
45.0398005582392, 16.5507,45.1072119576856, 18.4607,3,16.68642,3,10.92229,-0.798881,57.031,301
45.0563228577375, 17.4641,45.1229785578325, 13.8963,3,16.68674,3,11.65294,-0.429216,58.9417,301
45.0736121572554, 14.6072,45.1398128578439, 16.9462,3,16.68588,3,10.78602,0.381324,55.3742,301
45.0891183568165, 16.3634,45.1573288580403, 18.7645,3,16.68574,3,11.42138,0.850339,57.7131,301
45.1072119576856, 18.5496,45.1738675581291, 16.9981,3,16.68652,3,11.69112,-0.271824,60.1061,301
45.1229785578325, 16.5392,45.1894495580345, 15.7651,3,16.68646,3,9.574076,0.348428,58.5347,301
45.1398128578439, 17.5507,45.2062861584127, 14.8662,3,16.68682,3,11.13906,-0.882204,57.7899,301
45.1573288580403, 14.5411,45.2235740590841, 17.3212,3,16.68592,3,10.66682,-0.604647,55.1059,301
45.1738675581291, 17.0328,45.2397143598646, 17.3995,3,16.68607,3,11.24077,0.507808,57.8853,301
45.1894495580345, 17.8718,45.2562632597983, 17.0764,3,16.68656,3,9.748104,-0.102771,58.2529,301
45.2062861584127, 16.8677,45.2734850589186, 17.3257,3,16.68663,3,10.96495,0.8283,57.4579,301
45.2235740590841, 17.0725,45.2907464597374, 15.4098,3,16.68679,3,11.16769,0.217919,57.9167,301
45.2397143598646, 14.3145,45.3064315598458, 15.748,3,16.68581,3,9.646071,-0.469372,56.2547,301
45.2562632597983, 17.4762,45.3235947601497, 18.5112,3,16.68614,3,10.261,-0.323652,57.6875,301
45.2734850589186, 17.8677,45.3399994596839, 16.5714,3,16.68663,3,8.809181,-0.933098,58.7229,301
45.2907464597374, 16.2487,45.3563651591539, 16.7295,3,16.68645,3,11.45087,-0.834123,57.4272,301
45.3064315598458, 16.8979,45.3738309592009, 15.3806,3,16.68653,3,11.25705,-0.540064,57.9085,301
45.3235947601497, 14.993,45.3899874594063, 16.2245,3,16.68583,3,8.707398,-0.268153,56.3917,301
45.3399994596839, 16.9993,45.407379059121, 18.9311,3,16.68596,3,10.74972,-0.927065,57.6224,301
45.3563651591539, 18.4083,45.4245270583779, 17.5321,3,16.68668,3,10.31876,-0.329035,59.5548,301
45.3738309592009, 16.685,45.4408733583987, 14.5397,3,16.68667,3,10.61495,-0.000341,58.6791,301
45.3899874594063, 16.8124,45.4574791584164, 16.5897,3,16.68673,3,11.84356,-0.766461,56.534,301
45.407379059121, 14.661,45.4742387589067, 16.5928,3,16.68589,3,9.701135,0.073328,56.3117,301
45.4245270583779, 18.0136,45.4898699596524, 15.7071,3,16.68644,3,10.61444,-1.117184,58.2436,301
45.4408733583987, 17.0677,45.5071292594075, 18.5994,3,16.6866,3,11.72826,0.112815,55.9374,301
45.4574791584164, 16.6254,45.5239881593734, 17.1876,3,16.68657,3,11.45477,-0.646763,57.4698,301
45.4742387589067, 16.7198,45.54086355865, 17.1587,3,16.68658,3,11.74678,-0.494869,58.0323,301
45.4898699596524, 16.3907,45.5563570586964, 13.5934,3,16.68646,3,11.32339,0.158371,58.4715,301
45.5071292594075, 15.2034,45.5733232581988, 16.9142,3,16.68585,3,9.861063,-0.623379,55.6671,301
45.5239881593734, 16.6359,45.5906158583239, 18.673,3,16.68583,3,12.42177,-0.93987,57.3848,301
45.54086355865, 18.7803,45.606330958195, 15.895,3,16.68669,3,12.32303,0.193356,59.4226,301
45.5563570586964, 15.9886,45.6242347573861, 18.2946,3,16.68641,3,10.22268,0.15103,56.5379,301
45.5733232581988, 17.9337,45.639684157446, 15.2669,3,16.68692,3,10.83567,0.186306,58.8449,301
45.5906158583239, 14.3027,45.6575675569475, 16.0155,3,16.68594,3,12.00494,-0.047198,56.1783,301
45.606330958195, 16.8988,45.6733562573791, 16.0979,3,16.68603,3,11.57867,-0.070073,57.8675,301
45.6242347573861, 16.8624,45.6906333565712, 18.036,3,16.6861,3,11.60639,0.357442,57.0908,301
45.639684157446, 17.9683,45.7074119560421, 15.8623,3,16.68662,3,10.1298,0.545228,58.2641,301
45.6575675569475, 17.3551,45.7232565563172, 15.8884,3,16.6869,2,10.02297,0.245143,56.1584,301
45.6733562573791, 16.1892,45.7411430571228, 19.435,3,16.6867,1,10.37696,0.693665,54.6924,301
45.7565481569618, 68.7533,45.7736411560327, 32.4263,3,16.70804,0,11.31947,0.531998,57.939,301
45.7565481569618, 2.1525,45.7892953567207, 14.0584,0,16.70208,4,10.43736,-0.681181,21.6021,301
45.7565481569618, 1.7909,45.8074071574956, 18.1157,1,16.69597,4,10.03164,-0.178343,33.5196,301
45.7565481569618, 0.3881,45.8250886574388, 17.6874,2,16.68929,4,11.0534,1.385416,49.845,301
45.7565481569618, 7.106,45.8407063577324, 15.6319,3,16.68537,4,11.38028,-0.001309,67.1444,301
45.7736411560327, 17.1904,45.8573385570198, 18.1551,4,16.68557,4,9.579743,0.567256,75.670496,301
45.7892953567207, 18.5442,45.8742316570133, 17.1684,4,16.68633,4,10.39578,-1.136851,76.6346,301
45.8074071574956, 16.2351,45.8907985575497, 15.1243,4,16.68615,4,10.34111,-0.811796,75.2598,301
45.8250886574388, 16.9898,45.9061218574643, 15.0162,4,16.68627,4,10.62784,0.024485,74.1502,301
45.8407063577324, 16.0983,45.9244229570031, 18.2436,4,16.68603,4,9.647051,-0.422001,72.176704,301
45.8573385570198, 15.7895,45.9409172572196, 17.894,4,16.68567,4,10.96,0.276769,74.3224,301
45.8742316570133, 17.1636,45.9576427564025, 17.0313,4,16.68586,4,10.83611,-0.321548,76.4274,301
45.8907985575497, 18.2961,45.9752969555557, 17.6446,4,16.68652,4,10.985,-1.399562,76.294896,301
45.9061218574643, 17.0155,45.9928408563137, 15.9369,4,16.68665,4,9.619531,-0.146232,75.643504,301
45.9244229570031, 16.6945,46.0084832571447, 15.7291,4,16.68666,4,10.02835,-0.395158,74.565696,301
45.9409172572196, 14.1811,46.025117456913, 16.5222,4,16.68564,4,10.92926,-1.199863,73.6006,301
45.9576427564025, 16.7944,46.0411873571575, 16.9778,4,16.68568,4,11.45933,-0.896418,75.942096,301
45.9752969555557, 16.8604,46.0575026571751, 17.0744,4,16.68575,4,11.19066,-0.347594,76.126704,301
45.9928408563137, 17.5235,46.0763322580606, 17.2229,4,16.68609,4,9.776463,0.695403,76.341,301
46.0084832571447, 17.682,46.0917562581599, 15.3613,4,16.6865,4,11.78982,0.2396,76.0404,301
46.025117456913, 17.6115,46.1076409574598, 15.9279,4,16.68687,4,10.89779,-0.39145,73.720704,301
46.0411873571575, 14.0477,46.1246786583215, 18.1831,4,16.6858,4,10.6427,-1.268015,72.037504,301
46.0575026571751, 15.7619,46.1412791591138, 17.1051,4,16.68543,4,9.6307,-0.113342,76.173104,301
46.0763322580606, 18.6159,46.1582660581917, 16.8838,4,16.68621,4,9.52655,-0.197622,77.516096,301
46.0917562581599, 16.542,46.1747088581324, 14.7442,4,16.68615,4,10.94621,-0.159182,75.785104,301
46.1076409574598, 16.8818,46.1914208587259, 16.7317,4,16.68623,4,11.28654,-0.105199,73.9768,301
46.1246786583215, 15.061,46.2071208581328, 15.7283,4,16.68557,4,10.84372,-0.794602,73.838304,301
46.1412791591138, 16.6805,46.2244327589869, 18.973,4,16.68557,4,10.49388,-0.460612,74.505504,301
46.1582660581917, 16.6221,46.2405150588602, 15.9984,4,16.68554,4,12.0777,-1.45518,76.798096,301
46.1747088581324, 17.8551,46.2575467582792, 17.3655,4,16.68602,4,11.9761,-1.139912,76.1602,301
46.1914208587259, 16.7209,46.2746293582022, 16.8611,4,16.68603,4,12.62521,0.783658,75.6862,301
46.2071208581328, 17.3999,46.2914204578847, 15.0955,4,16.68632,4,10.83548,-1.229453,75.8264,301
46.2244327589869, 14.4507,46.3084114585072, 16.9926,4,16.68542,4,11.73141,1.441089,73.5226,301
46.2405150588602, 16.5528,46.3244765587151, 18.5165,4,16.68536,4,10.72384,0.38006,76.064496,301
46.2575467582792, 16.8033,46.341207658872, 15.4873,4,16.68541,4,9.696653,-1.47526,78.0284,301
46.2746293582022, 18.1783,46.359468659386, 19.0111,4,16.68601,4,11.16291,0.567695,76.7126,301
46.2914204578847, 16.9923,46.3761132601649, 14.7028,4,16.68614,4,8.44914,0.268395,77.5462,301
46.3084114585072, 16.875,46.3907072599977, 15.4066,4,16.68621,4,9.82016,-1.447099,75.256704,301
46.3244765587151, 14.908,46.4083846602589, 17.2639,4,16.6855,4,12.11491,-0.163364,73.789696,301
46.341207658872, 16.7083,46.4244907610118, 16.9802,4,16.6855,4,10.17461,0.372516,76.145504,301
46.359468659386, 18.6799,46.4412026610225, 17.0132,4,16.68631,4,9.968999,-0.128039,76.418496,301
46.3761132601649, 16.4949,46.45773236081, 16.8758,4,16.68623,4,11.95276,-0.269391,74.751904,301
46.3907072599977, 17.3009,46.4744054600596, 14.9747,4,16.68648,4,12.06068,-0.171644,75.1242,301
46.4083846602589, 15.9131,46.4911641608924, 18.2237,4,16.68617,3,11.46304,0.026482,72.763696,301
46.4244907610118, 14.8465,46.5084383618087, 18.3505,4,16.68543,2,11.95409,1.034544,75.117696,301
46.4412026610225, 17.1528,46.5253762621433, 15.5945,4,16.68562,4,10.82644,-0.594007,78.6222,301
46.5084383618087, 57.5912,46.5422320626676, 17.4445,4,16.70208,4,12.12202,-0.612194,77.0638,301
46.5084383618087, 2.3526,46.5583761632442, 14.3006,1,16.6963,4,10.42586,1.116879,36.9187,301
46.5084383618087, 0.7259,46.5747696626931, 16.3805,2,16.68988,4,10.61511,-1.054316,48.8672,301
46.5084383618087, 7.404,46.5916188620031, 18.471,3,16.68615,4,10.78679,0.696923,64.5228,301
46.5253762621433, 15.0805,46.6084581613541, 16.6724,4,16.6855,4,9.164121,0.248463,75.5894,301
46.5422320626676, 18.386,46.6243991609663, 16.2649,4,16.68619,4,8.963516,-0.718466,77.1814,301
46.5583761632442, 16.4172,46.6414581611753, 15.0734,4,16.68608,4,11.42768,-0.404134,75.061,301
46.5747696626931, 17.6268,46.6585750617087, 17.0741,4,16.68646,4,11.12714,-0.651376,73.7176,301
46.5916188620031, 14.5623,46.675213361159, 16.9094,4,16.68561,4,11.64017,-1.174723,73.165,301
46.6084581613541, 16.3581,46.6911278609186, 17.0215,4,16.68547,4,11.59653,0.711034,75.5124,301
46.6243991609663, 18.642,46.7083103600889, 17.9664,4,16.68626,4,10.66048,0.114232,76.1762,301
46.6414581611753, 16.6143,46.7253520600498, 16.6365,4,16.68623,4,10.56752,-0.604532,75.500896,301
46.6585750617087, 17.1841,46.7422105595469, 15.3244,4,16.68643,4,11.93527,-0.765464,75.5234,301
46.675213361159, 15.9768,46.7582995593548, 15.9839,4,16.68615,4,11.02557,0.455891,73.664704,301
46.6911278609186, 15.0947,46.776464259252, 19.903,4,16.68551,4,10.73533,-0.22016,73.671904,301
46.7083103600889, 16.3521,46.7926403600723, 16.1088,4,16.68538,4,10.89836,0.016449,78.479904,301
46.7253520600498, 18.296,46.808305259794, 16.0408,4,16.68602,4,11.00761,-0.157807,78.237696,301
46.7422105595469, 17.0627,46.8261219598353, 16.0745,4,16.68617,4,11.31946,-0.714747,75.983,301
46.7582995593548, 16.7028,46.8420373592526, 17.1934,4,16.68618,4,12.00435,-0.442111,74.9944,301
46.776464259252, 14.6848,46.8592228591442, 16.6804,4,16.68538,4,11.78201,-0.774798,75.485904,301
46.7926403600723, 16.7114,46.8772198595107, 18.7754,4,16.68539,4,10.64295,-0.289407,77.482096,301
46.808305259794, 18.3766,46.8913913592696, 12.1591,4,16.68606,4,10.83321,-0.04217,79.546096,301
46.8261219598353, 17.2556,46.9081905595958, 16.8295,4,16.68629,3,10.4842,0.295136,73.3294,301
46.8420373592526, 16.8717,46.9256211593747, 22.6675,4,16.68636,2,11.56541,-1.010037,72.904496,301
46.8592228591442, 14.6984,46.9419722594321, 13.2533,4,16.68557,4,12.03747,0.12884,78.700896,301
46.9256211593747, 57.5993,46.9583139587194, 15.9545,4,16.70187,4,10.68576,0.243336,77.255504,301
46.9256211593747, 1.8699,46.9748765584081, 14.9107,1,16.69596,4,9.952837,-0.32304,35.6113,301
46.9256211593747, 0.7414,46.9913479592651, 16.6119,2,16.68961,4,11.24866,-0.291271,48.6537,301
46.9256211593747, 6.0535,47.0087887588888, 17.3763,3,16.68538,4,11.74526,0.086189,64.5246,301
46.9419722594321, 16.685,47.0264459587634, 17.8501,4,16.68538,4,11.66164,0.036396,75.8462,301
46.9583139587194, 18.7534,47.0423933584243, 17.5848,4,16.6862,4,12.25447,-0.127072,77.011696,301
46.9748765584081, 17.0838,47.0591924581677, 16.5467,4,16.68636,4,12.12981,0.03544,75.843904,301
46.9913479592651, 16.1788,47.0752509590238, 14.5519,4,16.68616,4,10.1225,-0.077296,75.306896,301
47.0087887588888, 16.8937,47.0933026596904, 17.8513,4,16.68624,4,9.970972,0.247181,73.6806,301
47.0264459587634, 17.0221,47.1092478595674, 15.9023,4,16.68637,4,11.87886,0.117755,74.638304,301
47.0423933584243, 15.1921,47.1248528594151, 15.723,4,16.68578,4,11.6578,-0.330797,73.519104,301
47.0591924581677, 18.3618,47.1422225600109, 19.2773,4,16.68645,4,10.48382,-0.263277,74.05,301
47.0752509590238, 16.801,47.159495559521, 16.9219,4,16.68649,4,11.67134,0.283463,74.9668,301
47.0933026596904, 16.3119,47.176043859683, 15.0263,4,16.68634,4,11.6871,-0.309796,75.087904,301
47.1092478595674, 16.8555,47.1923509603366, 16.2317,4,16.68641,4,12.19268,-0.083521,73.803,301
47.1248528594151, 16.3984,47.2094608610496, 17.2162,4,16.6863,4,11.12004,-0.202205,73.1796,301
47.1422225600109, 15.2798,47.2271146615967, 17.5544,4,16.68574,4,9.542496,0.110388,73.997,301
47.159495559521, 16.5538,47.2411301620305, 14.0603,4,16.68569,4,10.56662,-1.334853,76.272,301
47.176043859683, 18.6522,47.25922136195, 19.1652,4,16.68647,4,11.96261,0.175328,73.779504,301
47.1923509603366, 16.105,47.2752118613571, 14.9154,4,16.68624,4,10.96601,-0.848121,74.286,301
47.2094608610496, 17.0669,47.292180461809, 16.9401,4,16.68639,4,9.955353,0.204652,73.1036,301
47.2271146615967, 16.0251,47.3094249609858, 17.3363,4,16.68612,4,11.85187,-0.234845,72.9774,301
47.2411301620305, 17.3342,47.3261784613132, 16.5297,4,16.68638,4,11.64212,-0.059311,74.289296,301
47.25922136195, 15.0216,47.3412190610543, 15.5194,4,16.68572,4,12.40995,0.008148,73.484704,301
47.2752118613571, 18.349,47.3601102614775, 20.0457,4,16.68638,4,10.13004,-0.27243,73.9744,301
47.292180461809, 16.4484,47.3765125619248, 16.4825,4,16.68629,4,10.49091,0.151574,75.68,301
47.3094249609858, 16.9379,47.3933711620048, 17.0566,4,16.68638,4,11.84805,-0.683664,75.7148,301
47.3261784613132, 15.734,47.409363062121, 14.0691,4,16.68601,4,10.53323,0.41713,75.826,301
47.3412190610543, 16.8038,47.4261890621856, 16.9909,4,16.68606,4,10.64123,-0.224358,74.167696,301
47.3601102614775, 14.7358,47.4422762626782, 17.413,4,16.68529,4,11.73936,-0.220273,74.356,301
47.3765125619248, 16.8664,47.459439563565, 17.1962,4,16.68536,4,12.43727,0.437052,77.034096,301
47.3933711620048, 18.2559,47.4751527635381, 16.1069,4,16.68598,4,11.43446,0.323163,77.363904,301
47.409363062121, 17.3597,47.4926383635029, 15.6191,4,16.68624,4,10.76167,0.504817,75.215104,301
47.4261890621856, 16.3797,47.5094196638092, 16.8841,4,16.68612,4,10.21775,-0.532543,73.4756,301
47.4422762626782, 14.6621,47.5271776644513, 17.7995,4,16.68533,4,11.41134,-0.25413,73.9784,301
47.459439563565, 16.8391,47.5435287645087, 17.754,4,16.68539,4,11.24618,1.081643,77.109104,301
47.4751527635381, 17.9899,47.5586254643276, 13.6564,4,16.6859,3,11.09354,-0.08271,78.0328,301
47.4926383635029, 16.601,47.576308564283, 20.6128,4,16.68587,2,11.27693,-1.176256,73.6998,301
47.5094196638092, 17.0105,47.593681964092, 15.9563,4,16.68599,4,10.03306,-0.427304,77.7122,301
47.576308564283, 55.5703,47.6100892638788, 14.7893,4,16.70125,4,8.89511,0.01907,76.6576,301
47.576308564283, 2.0342,47.6252002641559, 15.0953,1,16.6955,4,11.84796,0.36522,35.8774,301
47.576308564283, 0.5916,47.6425732634962, 17.3818,2,16.68918,4,11.6011,-0.052982,48.9397,301
47.576308564283, 6.8903,47.6593404635787, 16.7638,3,16.68534,4,10.91123,-0.368258,65.7299,301
47.593681964092, 16.2538,47.6760992631316, 18.4502,4,16.68517,4,9.49368,0.442608,75.576304,301
47.6100892638788, 18.9518,47.6922240629792, 16.2023,4,16.68606,4,9.741782,-0.178485,77.799696,301
47.6252002641559, 16.5084,47.7101361621171, 18.174,4,16.68599,4,11.87486,-0.079972,75.051104,301
47.6425732634962, 16.7764,47.7260384615511, 15.5599,4,16.68603,4,11.16799,-1.688027,76.7164,301
47.6593404635787, 16.9347,47.742429561913, 14.8214,4,16.68612,4,9.686585,0.364158,75.5,301
47.6760992631316, 15.306,47.7611862625927, 18.7463,4,16.68559,4,10.33967,-0.122262,73.3872,301
47.6922240629792, 16.8649,47.7763788625598, 16.7616,4,16.68566,4,11.95753,-1.538119,76.827904,301
47.7101361621171, 16.6396,47.7927193623036, 16.5292,4,16.68564,4,12.38814,-0.387676,76.724704,301
47.7260384615511, 16.722,47.8102972619236, 17.3987,4,16.68565,4,11.44906,-0.854333,76.615504,301
47.742429561913, 17.5095,47.8271792624146, 15.3406,4,16.68597,4,10.91802,0.17031,77.292304,301
47.7611862625927, 16.4026,47.8438342623413, 16.4675,4,16.68586,4,13.26488,-0.171879,75.1236,301
47.7763788625598, 15.3679,47.8594970628619, 15.6857,4,16.68535,4,11.95143,-0.525424,75.1886,301
47.7927193623036, 16.4356,47.8770674634725, 18.9797,4,16.68525,4,15.55949,-0.012681,75.506704,301
47.8102972619236, 18.3629,47.8936566635966, 17.097,4,16.68591,4,10.07168,-0.752995,78.0514,301
47.8271792624146, 16.7236,47.909980462864, 15.9755,4,16.68592,4,11.96202,-0.174589,76.780496,301
47.8438342623413, 16.8951,47.9270172622055, 15.6081,4,16.686,4,12.35338,0.079415,76.0382,301
47.8594970628619, 16.941,47.9440786615014, 16.9185,4,16.6861,4,11.84039,0.114099,74.751,301
47.8770674634725, 14.4044,47.9602409619838, 16.2428,4,16.68521,4,12.48619,-0.836579,74.7298,301
47.8936566635966, 16.8887,47.9763937611133, 16.1284,4,16.68529,4,12.07658,0.066981,76.521504,301
47.909980462864, 18.2782,47.9947803616524, 19.8699,4,16.68591,4,10.4873,-0.342933,75.808,301
47.9270172622055, 16.6478,48.0110047608614, 16.3923,4,16.6859,4,11.85038,0.258503,77.383696,301
47.9440786615014, 16.5298,48.0264085605741, 13.8334,4,16.68584,4,12.62532,0.517837,77.144704,301
47.9602409619838, 16.4095,48.0450772605836, 18.535,4,16.68573,4,11.74733,0.558071,74.449104,301
47.9763937611133, 18.0747,48.0599476601928, 14.881,4,16.68627,4,12.2837,-0.651495,76.5748,301
47.9947803616524, 14.5895,48.0771575607359, 18.5414,4,16.68545,4,11.62386,-0.463141,73.381904,301
48.0110047608614, 16.2258,48.0934973601252, 16.8009,4,16.68528,4,8.602529,-0.774032,77.3336,301
48.0264085605741, 18.0824,48.1110623609275, 15.77,4,16.68582,4,7.529595,-0.556846,77.909104,301
48.0450772605836, 17.2399,48.1264948612079, 15.4404,4,16.68603,4,10.69234,-0.952133,75.597296,301
48.0599476601928, 16.5303,48.1435403609648, 17.0943,4,16.68597,4,10.72193,-0.872136,73.7978,301
48.0771575607359, 15.1969,48.1604019617662, 18.2346,4,16.68539,4,12.53565,-0.573606,74.362496,301
48.0934973601252, 16.3841,48.1773750623688, 17.4338,4,16.68528,4,12.42273,-0.262519,77.4008,301
48.1110623609275, 18.5481,48.1933176619932, 16.0413,4,16.686,4,12.73984,-0.320981,78.450496,301
48.1264948612079, 16.1021,48.2104568621144, 15.229,4,16.68577,4,12.62091,-0.433476,75.944704,301
48.1435403609648, 17.2745,48.228157161735, 17.8257,4,16.686,4,10.89462,0.523937,75.071696,301
48.1604019617662, 14.7549,48.2440083613619, 15.7826,4,16.68526,4,10.20508,0.679115,75.623104,301
48.1773750623688, 16.7677,48.2604431612417, 16.3961,4,16.68529,4,12.15398,-0.349309,76.651504,301
48.1933176619932, 18.1388,48.2775065610185, 18.7214,4,16.68585,4,12.17076,-0.185613,76.28,301
48.2104568621144, 16.5095,48.2938415603712, 16.4953,4,16.68578,4,9.685085,-0.808484,76.863,301
48.228157161735, 17.4659,48.3104372611269, 14.6619,4,16.68608,4,9.054409,0.228816,76.849504,301
48.2440083613619, 16.1213,48.3273600609973, 16.9345,4,16.68586,4,10.17241,-1.399323,74.045696,301
48.2604431612417, 16.7945,48.3461586618796, 20.5252,4,16.68591,4,11.75548,-0.749803,74.858704,301
48.2775065610185, 14.8064,48.3610882619396, 14.8645,4,16.68518,4,12.43878,1.017672,78.5896,301
48.2938415603712, 18.5331,48.3761658621952, 15.4214,4,16.68589,4,9.997323,-1.080722,78.648096,301
48.3104372611269, 16.6001,48.3939594617113, 17.4792,4,16.68586,4,11.5743,0.011286,75.537,301
48.3273600609973, 17.2405,48.4109416613355, 15.473,4,16.68607,4,10.37973,0.052338,76.417104,301
48.3461586618796, 14.6676,48.4263460617512, 15.3535,4,16.6853,4,10.72652,0.320422,74.65,301
48.3610882619396, 17.6158,48.444207360968, 17.8491,4,16.68565,4,12.22111,0.158364,75.3356,301
48.3761658621952, 15.8298,48.4627125617117, 19.9586,4,16.68533,4,11.70386,-0.582558,75.5694,301
48.3939594617113, 18.7195,48.4765956616029, 14.3918,4,16.68611,4,10.39958,0.364992,79.6986,301
48.4109416613355, 18.3788,48.4949044613168, 16.242,4,16.68676,4,9.811736,-0.134735,75.371696,301
48.4263460617512, 15.3735,48.5112430611625, 16.3156,4,16.68625,4,11.56746,-0.588926,73.205,301
48.444207360968, 16.9349,48.5264299614355, 15.2552,4,16.68635,4,12.27361,0.394307,74.182704,301
48.4627125617117, 14.8223,48.5444145621732, 19.6809,4,16.68563,4,11.32244,-0.323154,72.503296,301
48.4765956616029, 18.5134,48.5605842629448, 16.2023,4,16.68633,4,10.24883,-0.722863,77.362,301
48.4949044613168, 16.3328,48.5775574622676, 17.2017,4,16.6862,4,10.61589,1.109221,75.0512,301
48.5112430611625, 17.3355,48.5948181627318, 15.2599,4,16.68645,4,9.667954,-0.248604,75.920496,301
48.5264299614355, 16.1469,48.6113460632041, 16.4946,4,16.68624,4,11.76286,0.049109,73.8456,301
48.5444145621732, 15.4449,48.6274063633755, 17.6395,4,16.68577,4,11.78498,-0.557972,74.1934,301
48.5605842629448, 16.2524,48.6439179638401, 16.5542,4,16.6856,4,10.8393,-0.603947,76.3878,301
48.5775574622676, 18.1991,48.6613748641685, 17.9981,4,16.68618,4,10.76969,0.014132,76.6908,301
48.5948181627318, 16.5518,48.6774513637647, 14.0632,4,16.68613,4,10.05937,0.087398,76.490704,301
48.6113460632041, 16.808,48.6944809639826, 17.0365,4,16.68617,4,10.62595,-0.65024,74.0022,301
48.6274063633755, 15.1829,48.7102729631588, 17.176,4,16.6856,4,12.23027,-0.161027,74.231504,301
48.6439179638401, 16.8739,48.727386363782, 17.3493,4,16.68567,4,11.6273,0.17471,76.224704,301
48.6613748641685, 18.1684,48.74354206305, 16.4658,4,16.68624,4,11.83994,-0.04065,76.7,301
48.6774513637647, 16.2669,48.7611962622032, 17.3117,4,16.68608,4,11.33813,-0.197245,74.998096,301
48.6944809639826, 16.9769,48.7782441629097, 15.3049,4,16.68619,4,11.87819,-0.623408,76.0436,301
48.7102729631588, 15.1265,48.7937455633655, 15.5087,4,16.68559,4,11.65725,-0.399152,74.371904,301
48.727386363782, 16.7231,48.8106472631916, 16.9566,4,16.68561,4,11.72134,-0.399052,74.7542,301
48.74354206305, 15.2904,48.8271479634568, 18.0204,4,16.68508,4,10.54911,-0.142053,74.9878,301
48.7611962622032, 18.4268,48.8443052629009, 17.3364,4,16.68574,4,10.62175,0.797054,77.718096,301
48.7782441629097, 16.9762,48.862031663768, 15.9661,4,16.68585,4,10.52385,-0.173025,76.628096,301
48.7937455633655, 16.3851,48.880269064568, 20.3151,4,16.68574,4,12.30075,0.147706,75.618704,301
48.8106472631916, 16.5282,48.89664226491, 14.4899,4,16.68568,4,10.69005,-0.633638,79.549,301
48.8271479634568, 15.5413,48.9104401646182, 13.6714,4,16.68524,4,9.433625,-0.256588,77.5108,301
48.8443052629009, 16.4208,48.927548465319, 17.0802,4,16.68514,4,10.35219,-0.103208,75.641504,301
48.862031663768, 16.0682,48.9445496657863, 18.5185,4,16.6849,4,11.71234,0.122878,76.301,301
48.880269064568, 17.0355,48.9608716657385, 16.8269,4,16.68504,4,12.49989,-0.086153,78.7516,301
48.89664226491, 18.3078,48.9788267659023, 17.7468,4,16.68566,4,12.13101,-0.519815,78.543504,301
48.9104401646182, 16.6114,48.9951307652518, 14.5848,4,16.68563,4,12.01682,-0.872096,77.9836,301
48.927548465319, 17.0959,49.0116971647367, 16.4108,4,16.68578,4,10.52455,-0.458674,75.957104,301
48.9445496657863, 15.0551,49.0276351654902, 15.9623,4,16.68516,4,9.960015,0.677751,75.2726,301
48.9608716657385, 17.0113,49.0447775656357, 17.2109,4,16.68529,4,10.6895,-0.849211,76.180096,301
48.9788267659023, 16.7389,49.0621918654069, 17.356,4,16.68531,4,12.30667,0.29798,76.380096,301
48.9951307652518, 17.9189,49.0774327656254, 15.2368,4,16.68578,4,12.26835,-1.380998,76.998096,301
49.0116971647367, 16.6915,49.0943040652201, 18.3088,4,16.68578,4,9.791911,-0.39331,74.317,301
49.0276351654902, 16.5186,49.1130418656394, 17.3212,4,16.68571,4,11.02322,0.202384,75.9346,301
49.0447775656357, 16.7061,49.1302135651931, 19.3961,4,16.68572,4,11.649,-0.338392,76.736896,301
49.0621918654069, 16.3045,49.1468676654622, 16.602,4,16.68558,4,13.28601,0.371221,79.427504,301
49.0774327656254, 17.2132,49.1608227659017, 11.7891,4,16.68578,4,12.21862,-0.80053,79.717104,301
49.0943040652201, 15.0528,49.1777397654951, 16.955,4,16.68516,4,11.73769,-0.650054,74.3018,301
49.1130418656394, 16.6385,49.1946409661323, 16.9073,4,16.68514,4,11.05018,-0.280237,76.204096,301
49.1302135651931, 17.0347,49.2121373657137, 17.6079,4,16.68527,4,9.86753,-0.13793,76.473504,301
49.1468676654622, 17.9561,49.2293584663421, 18.6683,4,16.68575,4,12.74305,-0.670533,77.046704,301
49.1608227659017, 16.7959,49.2447400661185, 15.8393,4,16.6858,4,12.52084,0.266284,77.759504,301
49.1777397654951, 16.9335,49.2612982662395, 16.1693,4,16.68589,4,12.11253,-0.066613,76.803904,301
49.1946409661323, 16.6606,49.277489666827, 14.6504,4,16.68588,4,11.84483,-0.47146,76.0402,301
49.2121373657137, 16.7816,49.2942822659388, 16.5872,4,16.68592,4,11.22172,-0.208362,74.0298,301
49.2293584663421, 15.062,49.3108796654269, 16.641,4,16.6853,4,11.45621,-0.786787,73.8358,301
49.2447400661185, 16.4104,49.32856116537, 17.5833,4,16.6852,4,11.46936,-0.675738,75.4156,301
49.2612982662395, 18.0475,49.3474319661036, 19.1344,4,16.68571,4,12.36196,-1.020411,76.5882,301
49.277489666827, 17.368,49.3613788662478, 15.2999,4,16.68597,4,10.64689,-0.787843,77.675696,301
49.2942822659388, 16.3144,49.378445266746, 15.5456,4,16.68583,4,10.86224,0.175402,75.600304,301
49.3108796654269, 16.1268,49.3968401672319, 18.5648,4,16.68562,4,10.94011,-0.429976,74.839696,301
49.32856116537, 17.0197,49.4125802675262, 15.5446,4,16.68575,4,12.93424,0.095158,77.2706,301
49.3474319661036, 17.3071,49.4282555682585, 15.7662,4,16.68598,4,12.6642,-0.581281,75.8036,301
49.3613788662478, 14.6495,49.4453579680994, 17.1159,4,16.68521,4,11.71728,-1.490348,74.2636,301
49.378445266746, 18.3028,49.461276368238, 17.3662,4,16.68582,4,12.24024,-0.34832,76.729504,301
49.3968401672319, 16.8505,49.4786795685068, 16.0481,4,16.68588,4,10.14578,0.161416,75.793904,301
49.4125802675262, 17.2389,49.4943987680599, 16.0686,4,16.68609,4,10.83855,-0.368209,74.991,301
49.4282555682585, 16.0094,49.5126185687259, 17.8758,4,16.68584,4,11.47752,0.044277,73.8226,301
49.4453579680994, 16.575,49.5286462688819, 15.9563,4,16.6858,4,11.97638,-0.234408,75.6894,301
49.461276368238, 15.0051,49.5466092685238, 17.9813,4,16.68517,4,11.47171,-0.319144,75.0704,301
49.4786795685068, 18.2077,49.5621034689248, 16.6958,4,16.68574,4,10.65632,0.26619,78.0474,301
49.4943987680599, 16.9686,49.5786045696586, 15.0968,4,16.68584,4,10.17021,-0.034496,76.5366,301
49.5126185687259, 16.2232,49.5960716698319, 17.5727,4,16.68567,4,10.14934,-1.036409,74.6652,301
49.5286462688819, 16.9727,49.6114694699645, 15.393,4,16.68578,4,12.17461,-1.121653,76.002,301
49.5466092685238, 17.1595,49.6284311693162, 17.0567,4,16.68595,4,11.6485,-0.070232,74.435904,301
49.5621034689248, 14.5357,49.645987469703, 17.4996,4,16.68515,4,11.89861,-0.317117,74.333104,301
49.5786045696586, 18.5045,49.6614958699793, 16.9849,4,16.68583,4,11.73245,-0.22523,77.2974,301
49.5960716698319, 16.2569,49.6784159708768, 15.4548,4,16.68567,4,11.06303,0.881097,75.778304,301
49.6114694699645, 16.5167,49.69610946998, 17.7183,4,16.68561,4,10.16472,-0.393182,74.976704,301
49.6284311693162, 16.9226,49.7111965697259, 17.2436,4,16.68569,4,12.16423,-0.220272,76.179,301
49.645987469703, 17.0629,49.728850370273, 15.5855,4,16.68583,3,12.1552,0.237164,76.5,301
49.6614958699793, 14.9106,49.7478831708431, 20.0063,4,16.68517,2,9.457182,-0.751719,75.024,301
49.6784159708768, 18.5873,49.7623061705381, 14.6294,4,16.68588,4,10.43727,-0.253371,80.120304,301
49.728850370273, 55.7974,49.7787135709077, 16.758,4,16.70048,4,10.02364,-0.092865,76.162896,301
49.7478831708431, 2.4434,49.7954171709716, 17.038,2,16.69516,4,9.786019,-0.831029,37.1238,301
49.7478831708431, 0.6432,49.812380971387, 16.5689,2,16.68917,4,12.56227,0.185782,51.7202,301
49.7478831708431, 7.6463,49.8290522713214, 14.9908,3,16.6858,4,11.95757,-0.043325,67.646896,301
49.7623061705381, 15.1425,49.846479171887, 17.498,4,16.68523,4,11.86793,0.026257,74.990304,301
49.7787135709077, 16.3155,49.8627911712974, 16.3236,4,16.68509,4,11.51842,-0.326086,77.345904,301
49.7954171709716, 16.988,49.8795106709003, 18.2625,4,16.6852,4,9.629025,-0.358903,77.342704,301
49.812380971387, 18.0963,49.8965221717954, 17.6145,4,16.68573,4,10.06364,-0.00259,78.629296,301
49.8290522713214, 16.6725,49.9126188717782, 15.9519,4,16.68572,4,11.71119,-0.383182,78.148304,301
49.846479171887, 17.4809,49.9283361714333, 13.97,4,16.68602,4,10.8041,0.99041,77.427504,301
49.8627911712974, 16.3773,49.9454880710691, 18.7671,4,16.6859,4,10.79799,-0.856423,73.917296,301
49.8795106709003, 15.0484,49.9625298716128, 16.8404,4,16.6853,4,9.778582,-0.724032,76.3072,301
49.8965221717954, 16.658,49.9794118721038, 17.1011,4,16.68529,4,12.31589,-0.167802,78.099696,301
49.9126188717782, 17.8559,49.9953612722456, 13.9613,4,16.68572,4,10.83982,-0.169355,78.5436,301
49.9283361714333, 17.3457,50.0140869729221, 18.7878,4,16.68596,4,12.71873,-0.316516,74.643,301
49.9454880710691, 15.4077,50.0293699726462, 15.3684,4,16.68549,4,11.3014,-0.39749,76.092096,301
49.9625298716128, 16.143,50.0465464722365, 17.0905,4,16.68529,4,10.64085,0.211392,76.024,301
49.9794118721038, 18.1076,50.0625205729157, 17.5772,4,16.68582,4,11.95722,-0.99325,77.0008,301
49.9953612722456, 15.8249,50.0795504730195, 17.6405,4,16.6855,4,11.95689,0.356374,76.470704,301
50.0140869729221, 17.2169,50.0972156729549, 17.3222,4,16.6857,4,12.21151,-0.491968,78.287104,301
50.0293699726462, 16.3141,50.1124647725374, 13.372,4,16.68556,4,10.17875,-0.420885,78.3926,301
50.0465464722365, 17.3084,50.1301029734313, 17.6627,4,16.68579,4,11.39403,0.438059,75.450496,301
50.0625205729157, 14.9445,50.1463360730559, 16.5915,4,16.68514,4,9.634768,0.244744,75.8054,301
50.0795504730195, 16.4728,50.1625014729798, 18.2378,4,16.68506,4,12.42749,-0.85988,77.452704,301
50.0972156729549, 17.938,50.1791627723724, 15.9163,4,16.68553,4,12.16074,-0.670048,79.2186,301
50.1124647725374, 17.1443,50.1963158715516, 16.2747,4,16.6857,4,10.08986,-0.071708,77.197296,301
50.1301029734313, 16.4181,50.2126558721066, 15.5347,4,16.6856,4,9.77298,-0.614443,76.3276,301
50.1463360730559, 16.6104,50.2292679715902, 16.5304,4,16.68557,4,10.69615,-0.782738,75.444896,301
50.1625014729798, 14.9336,50.2452913708985, 15.9692,4,16.68492,4,12.52311,-0.26035,75.3656,301
50.1791627723724, 18.4748,50.2638814710081, 20.6618,4,16.68559,4,11.88874,0.378311,76.4018,301
50.1963158715516, 17.0971,50.2795481719077, 15.5707,4,16.68574,4,11.17464,-0.655018,78.588896,301
50.2126558721066, 16.5935,50.2979470714927, 16.4577,4,16.6857,4,10.77925,-0.153265,77.063504,301
50.2292679715902, 16.5271,50.3145097717643, 18.8419,4,16.68564,4,10.14279,-0.4859,76.9286,301
50.2452913708985, 16.4912,50.3295549713075, 14.9574,4,16.68557,4,11.42522,-0.813734,79.2432,301
50.2638814710081, 15.108,50.3461711704731, 14.5575,4,16.68499,4,12.36427,-0.103898,77.7102,301
50.2795481719077, 16.9334,50.3629626706243, 16.9138,4,16.68508,4,10.5376,-0.580174,77.159904,301
50.2979470714927, 16.7999,50.3792850710452, 16.2181,4,16.68513,4,10.64963,0.174251,77.1408,301
50.3145097717643, 16.7132,50.3971509709954, 17.8685,4,16.68513,4,10.6077,0.589024,76.5592,301
50.3295549713075, 16.4847,50.4140171706676, 17.1386,4,16.68506,4,11.92107,0.301733,77.7148,301
50.3461711704731, 18.5351,50.4291535709053, 14.9192,4,16.68574,4,12.38435,-0.944906,78.369696,301
50.3629626706243, 16.45,50.4472198709846, 19.461,4,16.68566,4,10.13868,0.279198,74.754304,301
50.3792850710452, 16.675,50.4639625716954, 15.2461,4,16.68565,4,9.288467,-0.784673,77.766096,301
50.3971509709954, 16.7707,50.4800441712141, 16.091,4,16.68568,4,11.44321,-0.244257,76.3372,301
50.4140171706676, 16.8835,50.4960635714233, 15.9462,4,16.68575,4,11.5079,-0.066119,75.6582,301
50.4291535709053, 16.3118,50.5125358719379, 16.4762,4,16.68562,4,11.63377,0.126829,74.7214,301
50.4472198709846, 15.0653,50.5292721726, 16.7028,4,16.68502,4,12.61366,-1.059602,74.8856,301
50.4639625716954, 17.9926,50.5460596717894, 16.8353,4,16.6855,4,10.70012,-0.756095,76.5244,301
50.4800441712141, 15.2113,50.562522072345, 16.5597,4,16.68496,4,10.19537,-0.113601,75.367104,301
50.4960635714233, 18.3646,50.5798842720687, 18.9662,4,16.68558,4,9.723302,-1.15932,76.7154,301
50.5125358719379, 16.5582,50.5971911717206, 17.9152,4,16.68553,4,12.8215,0.052541,77.317904,301
50.5292721726, 17.3669,50.6134005710483, 16.0497,4,16.68578,4,12.596,-1.183285,78.6754,301
50.5460596717894, 16.1159,50.6310331709683, 17.2814,4,16.68557,4,10.60632,0.042516,77.3576,301
50.562522072345, 16.6408,50.6475836709142, 16.023,4,16.68556,4,11.39596,-0.830309,78.523696,301
50.5798842720687, 15.5162,50.6623936705291, 14.9912,4,16.68513,4,9.786885,-0.299308,77.906096,301
50.5971911717206, 16.5202,50.6801991704851, 18.048,4,16.68507,4,11.20728,-0.199903,77.3822,301
50.6134005710483, 16.5145,50.6970942709595, 16.99,4,16.68501,4,11.88641,-1.064898,78.9096,301
50.6310331709683, 16.6877,50.7129750717431, 13.989,4,16.68501,4,12.47211,0.138007,79.3858,301
50.6475836709142, 18.3631,50.7301979716867, 17.2501,4,16.68562,4,11.1281,-1.139888,76.687696,301
50.6623936705291, 15.0389,50.7469839714468, 18.3775,4,16.68502,4,11.9451,-0.678483,75.5748,301
50.6801991704851, 17.0168,50.764030572027, 17.1,4,16.68514,4,12.74639,-1.731951,78.9132,301
50.6970942709595, 16.2809,50.7799143716693, 16.1953,4,16.68499,4,9.998188,-0.284625,78.997296,301
50.7129750717431, 18.0177,50.797064371407, 15.11,4,16.68548,4,17.43158,0.66424,78.912304,301
50.7301979716867, 17.1856,50.8142330721021, 17.5228,4,16.68566,4,10.95255,-0.39411,76.0056,301
50.7469839714468, 14.8619,50.8303977716714, 17.1498,4,16.685,3,13.58082,-0.391184,76.342896,301
50.764030572027, 16.5897,50.8474218714982, 15.8157,4,16.68496,4,12.15126,-0.251518,78.630704,301
50.7799143716693, 18.4267,50.864206071943, 16.8525,4,16.68559,4,11.15081,-0.372986,77.8572,301
50.8142330721021, 30.6952,50.8802080713212, 16.162,4,16.6907,4,12.20558,-1.701349,76.2838,301
50.8303977716714, 11.368,50.8970975708216, 18.2083,3,16.68876,4,10.73392,-0.083169,61.7512,301
50.8303977716714, 9.2438,50.9134054705501, 16.4512,3,16.68605,4,10.24929,-0.368623,68.574704,301
50.8474218714982, 14.9867,50.9293961711228, 16.0702,4,16.68543,4,11.81745,-0.27928,75.7994,301
50.864206071943, 16.9188,50.9471158701926, 18.1157,4,16.68552,4,13.49217,0.659584,76.883,301
50.8802080713212, 16.2433,50.9632583707571, 13.9054,4,16.68536,4,11.93532,-0.376997,78.0804,301
50.8970975708216, 15.3425,50.97997187078, 16.7531,4,16.68487,4,10.72728,0.486151,75.743104,301
50.9134054705501, 16.648,50.9964584708214, 16.4412,4,16.68485,4,10.38012,0.418058,77.154304,301
50.9293961711228, 17.3135,51.0135355703533, 17.1191,4,16.68508,4,9.420397,-0.19894,76.946896,301
50.9471158701926, 18.0547,51.0302411708981, 16.7724,4,16.68558,4,10.17725,-0.551514,76.754,301
50.9632583707571, 16.6572,51.0473822709173, 18.6463,4,16.68557,4,11.12054,-0.409115,75.4722,301
50.97997187078, 16.8145,51.063561571762, 14.6325,4,16.68562,4,11.31404,0.326359,77.4618,301
50.9964584708214, 16.4041,51.0802857726812, 18.5087,4,16.68551,3,11.02321,-0.495751,75.2802,301
51.0135355703533, 16.7396,51.096814673394, 17.7877,4,16.68553,2,10.63072,-0.133502,77.3852,301
51.0302411708981, 17.0549,51.1134746726602, 13.8197,4,16.68567,4,10.09844,-0.242833,78.433504,301
51.096814673394, 55.8107,51.13018457219, 16.6408,4,16.69984,4,11.42525,0.073196,75.198896,301
51.096814673394, 0.7232,51.1476254723966, 17.3838,1,16.69406,4,12.185,-0.145873,36.0299,301
51.096814673394, 2.0788,51.1644150726497, 16.7914,2,16.68877,4,10.68663,-0.111017,52.6924,301
51.096814673394, 7.7578,51.1811897717416, 16.8018,3,16.68553,4,10.2663,-1.114735,67.3994,301
51.1134746726602, 16.5175,51.1971513722092, 17.8101,4,16.68547,4,10.06997,-0.514967,76.449696,301
51.13018457219, 17.4002,51.213312972337, 15.8415,4,16.68573,4,12.01742,-1.114688,77.742304,301
51.1476254723966, 16.5907,51.2317800726742, 16.8361,4,16.6857,4,11.97363,-0.778904,76.184304,301
51.1644150726497, 16.1671,51.2472151722759, 15.4014,4,16.68551,4,12.93027,-0.370866,76.430096,301
51.1811897717416, 16.8213,51.2635267730802, 16.4597,4,16.68556,4,10.63819,-0.251676,75.6646,301
51.1971513722092, 15.2626,51.2801653724164, 16.5329,4,16.68504,4,11.3259,0.068511,75.303696,301
51.213312972337, 16.5997,51.2964278720319, 16.2505,4,16.68501,4,10.64707,-0.545726,76.574096,301
51.2317800726742, 17.6515,51.3147456720471, 18.2513,4,16.68536,4,10.47248,-0.505039,76.225,301
51.2472151722759, 17.2026,51.3303040722385, 17.2436,4,16.68555,4,12.04819,1.034565,76.8254,301
51.2635267730802, 16.9449,51.3481320729479, 17.9741,4,16.68564,4,11.76413,1.06366,76.866496,301
51.2801653724164, 16.1145,51.3635706733912, 15.7073,4,16.68544,4,9.924139,-1.052649,77.895904,301
51.2964278720319, 17.072,51.3803954739124, 14.8809,4,16.68558,4,11.12584,-0.089081,77.489296,301
51.3147456720471, 16.178,51.3974373731762, 17.2965,4,16.68539,4,8.80154,-0.620861,75.2982,301
51.3303040722385, 15.2897,51.4137496724725, 17.8054,4,16.68489,4,10.78645,-0.633729,76.4172,301
51.3481320729479, 16.8532,51.4305506721139, 16.6076,4,16.68495,4,12.06348,-0.781356,78.933,301
51.3635706733912, 18.3096,51.446438472718, 16.5501,4,16.68554,4,11.48046,-0.800772,78.688096,301
51.3803954739124, 16.8103,51.4638797733933, 15.3065,4,16.68558,4,11.19623,-0.738588,76.929,301
51.3974373731762, 16.1749,51.4805677738041, 16.592,4,16.6854,4,10.86606,-0.133904,75.4256,301
51.4137496724725, 15.8915,51.4982256740332, 19.0964,4,16.68511,4,10.67847,0.102113,75.843104,301
51.4305506721139, 16.1038,51.514589374885, 16.6163,4,16.6849,4,12.38879,0.254462,79.0488,301
51.446438472718, 18.216,51.5317297745496, 17.0695,4,16.68545,4,10.8527,-0.297243,79.561504,301
51.4638797733933, 16.823,51.5476275738329, 14.1914,4,16.6855,4,9.172687,-0.560231,78.4152,301
51.4805677738041, 16.776,51.5651951730251, 17.6654,4,16.68554,4,10.28964,-0.447011,75.784496,301
51.4982256740332, 14.8195,51.5814846735448, 16.2809,4,16.68487,4,9.527843,-0.320869,76.674496,301
51.514589374885, 16.3452,51.5971085736528, 16.9654,4,16.68474,4,11.91863,-1.009875,78.1344,301
51.5317297745496, 17.0875,51.6150438738987, 18.4477,4,16.68489,4,12.22511,-0.58305,78.7566,301
51.5476275738329, 17.9284,51.632579674013, 16.3461,4,16.68533,4,10.43917,-0.193109,80.116496,301
51.5651951730251, 16.9134,51.648467973806, 15.3131,4,16.68542,4,10.45177,-0.202639,78.535,301
51.5814846735448, 17.2295,51.6649965746328, 16.4636,4,16.68561,4,10.87465,-1.041268,76.934704,301
51.5971085736528, 14.4449,51.6808282742277, 17.8368,4,16.68481,4,12.49191,-0.543013,76.1704,301
51.6150438738987, 16.936,51.6986690750346, 17.4201,4,16.6849,4,12.10384,-0.183421,79.562496,301
51.632579674013, 18.3169,51.7155038742349, 17.1808,4,16.68548,4,11.87997,-0.038796,80.046896,301
51.648467973806, 16.1804,51.7336266739294, 16.0833,4,16.6853,4,11.54311,-0.587815,78.9116,301
51.6649965746328, 17.6235,51.7482213741168, 14.6354,4,16.68564,4,10.26212,0.869515,78.814496,301
51.6808282742277, 14.6109,51.7651718733832, 16.8394,4,16.68489,4,10.3125,0.375539,75.8134,301
51.6986690750346, 17.0038,51.7804266735911, 15.2436,4,16.68501,4,11.64272,-0.656038,78.0564,301
51.7155038742349, 16.2141,51.7994189728051, 19.0806,4,16.68484,4,12.38078,0.486775,76.296096,301
51.7336266739294, 18.4193,51.8142596725374, 16.5889,4,16.68546,4,9.158261,-0.315087,79.163,301
51.7482213741168, 16.7393,51.8312710728496, 17.0488,4,16.68548,4,9.736438,0.090724,77.3334,301
51.7651718733832, 17.0627,51.8483215719461, 17.1602,4,16.68561,4,10.38313,1.444761,77.6432,301
51.7804266735911, 16.8882,51.865506272763, 15.4726,4,16.68569,4,10.99559,-1.00441,77.741296,301
51.7994189728051, 16.1316,51.8830957729369, 17.4954,4,16.68549,4,10.48118,-0.872981,76.3262,301
51.8142596725374, 14.2845,51.8982574725524, 15.1942,4,16.68463,4,10.49494,-1.528752,77.69,301
51.8312710728496, 17.1719,51.9151183729991, 16.7827,4,16.68481,4,8.40181,-0.482665,78.600304,301
51.8483215719461, 16.5378,51.9311201730743, 17.0083,4,16.68475,4,12.93508,-0.840946,78.210704,301
51.865506272763, 18.5942,51.9475718727335, 17.3595,4,16.68543,4,12.76165,-0.949727,78.6824,301
51.8830957729369, 17.266,51.9655029727146, 18.5724,4,16.68564,4,6.807565,-1.13343,77.4466,301
51.8982574725524, 15.6348,51.9815045734867, 15.1068,4,16.68527,4,10.24195,-0.406891,78.755296,301
51.9151183729991, 17.1083,51.9987878734246, 17.5388,4,16.68542,4,10.97323,0.51655,78.227696,301
51.9311201730743, 15.1041,52.0159349730238, 15.1906,4,16.68485,4,12.75083,-0.179592,78.6582,301
51.9475718727335, 16.6939,52.0316075729206, 15.5901,4,16.68486,4,12.82759,-0.074867,78.7456,301
51.9655029727146, 16.3437,52.0487793730572, 17.2298,4,16.68474,4,12.13295,-0.693649,77.641696,301
51.9815045734867, 17.1154,52.0657519726083, 17.1165,4,16.68489,4,10.97289,0.653704,78.529296,301
51.9987878734246, 16.5095,52.0818987721577, 16.0703,4,16.68483,4,10.07217,-0.072988,78.530496,301
52.0159349730238, 18.3129,52.0970838721842, 17.1727,4,16.68541,4,10.21365,-1.102632,78.091504,301
52.0316075729206, 16.8568,52.1150814723223, 17.6637,4,16.68547,4,12.3322,-0.503143,76.9528,301
52.0487793730572, 16.3034,52.1320461723953, 17.0286,4,16.68533,4,11.18579,0.07756,77.759504,301
52.0657519726083, 16.7403,52.1483015716076, 16.403,4,16.68535,4,11.97173,-0.04678,78.486,301
52.0818987721577, 16.7865,52.1676843725145, 17.4396,4,16.68539,4,12.93284,-0.402868,78.1486,301
52.0970838721842, 15.065,52.1815160727128, 14.0771,4,16.68481,4,10.33944,0.023566,78.8022,301
52.1150814723223, 16.6543,52.1982563724741, 16.4808,4,16.6848,4,10.09758,0.99113,77.814096,301
52.1320461723953, 16.8028,52.2141386726871, 15.8682,4,16.68484,4,11.76677,-1.664256,77.641104,301
52.1483015716076, 16.7655,52.2321011731401, 17.9692,4,16.68487,4,12.22343,-0.271281,76.7074,301
52.1676843725145, 17.8211,52.247732472606, 15.5793,4,16.68527,4,11.69277,-1.032562,77.899296,301
52.1815160727128, 16.9067,52.2666597729549, 19.1089,4,16.68535,4,10.82566,-0.747886,75.6706,301
52.1982563724741, 17.2967,52.2821312732995, 17.146,4,16.68557,4,13.42758,-0.146366,77.872896,301
52.2141386726871, 16.2227,52.3007474727929, 16.8639,4,16.6854,4,10.97046,-0.065652,77.723,301
52.2321011731401, 17.0554,52.3182273730636, 19.6731,4,16.68554,4,12.74599,-1.677937,78.364304,301
52.247732472606, 16.4018,52.3326126728207, 14.1227,4,16.68543,4,12.49487,0.470553,80.982304,301
52.2666597729549, 16.6171,52.348425373435, 14.0164,4,16.68541,4,11.84405,0.208497,78.7032,301
52.2821312732995, 14.8975,52.3659496735781, 17.4522,4,16.68478,4,11.99754,0.381809,76.103,301
52.3007474727929, 16.8704,52.3816830739379, 15.7833,4,16.68484,4,13.16495,-0.38925,78.658,301
52.3182273730636, 16.6133,52.3986164741218, 16.9578,4,16.68482,4,9.803003,-0.247828,77.571296,301
52.3326126728207, 18.045,52.4168130736798, 18.243,4,16.6853,4,10.01019,-0.773471,77.916304,301
52.348425373435, 17.124,52.4318642737344, 16.6615,4,16.68545,4,9.61635,-0.297693,78.1144,301
52.3659496735781, 16.1612,52.4481884734705, 16.293,4,16.68527,4,12.26143,-1.281419,77.6526,301
52.3816830739379, 16.867,52.4665531730279, 16.612,4,16.68533,4,11.95797,-0.471006,77.7784,301
52.3986164741218, 16.4734,52.4821309726685, 15.4882,4,16.68526,4,11.22959,-0.399605,77.5306,301
52.4168130736798, 17.4593,52.4993957728148, 17.3202,4,16.68553,4,10.71262,0.727829,76.545904,301
52.4318642737344, 14.3808,52.5162816736847, 18.3051,4,16.68472,4,11.29241,0.350236,76.4076,301
52.4481884734705, 17.026,52.5316479736939, 15.6588,4,16.68484,4,12.368,-1.253557,80.332496,301
52.4665531730279, 17.8203,52.5495536727831, 18.4064,4,16.68524,4,12.17017,-0.28505,78.9654,301
52.4821309726685, 16.6784,52.5658520730212, 14.1895,4,16.68524,4,11.05576,0.430967,79.552304,301
52.4993957728148, 16.8631,52.5824083732441, 16.6257,4,16.6853,4,9.984857,0.166123,77.0636,301
52.5162816736847, 15.0321,52.5990055734292, 16.5525,4,16.68472,4,13.01515,-1.416852,76.8262,301
52.5316479736939, 16.3203,52.6164091741666, 17.5183,4,16.68459,4,9.091633,-0.738114,78.3472,301
52.5495536727831, 18.4302,52.6330181742087, 16.4414,4,16.6852,4,9.822177,-0.659007,79.545504,301
52.5658520730212, 16.6032,52.649216174148, 16.2538,4,16.68517,4,11.72275,-0.560935,77.5582,301
52.5824083732441, 16.9637,52.6665965737775, 19.1635,4,16.68527,4,13.31421,-1.13016,77.2092,301
52.5990055734292, 16.5115,52.6845349734649, 16.0606,4,16.68521,4,12.61891,0.098254,79.408896,301
52.6164091741666, 16.328,52.6986137731001, 13.9656,4,16.68509,4,12.54424,-0.668802,78.9592,301
52.6330181742087, 16.7919,52.7166668726131, 18.1247,4,16.68512,4,10.77506,-1.07184,76.5968,301
52.649216174148, 16.937,52.7331407731399, 16.5249,4,16.68521,4,11.25865,1.066208,77.907904,301
52.6665965737775, 15.0858,52.7492322726175, 15.9841,4,16.68465,4,9.768602,-0.423166,77.518096,301
52.6845349734649, 18.4232,52.7653879718855, 17.8842,4,16.68526,4,10.89804,-0.756729,78.416896,301
52.6986137731001, 15.0236,52.7814175719395, 16.113,4,16.68468,4,12.76719,0.144922,77.878,301
52.7166668726131, 18.154,52.7992471726611, 17.9356,4,16.68519,4,10.70497,0.27917,78.967504,301
52.7331407731399, 17.0179,52.8158102734014, 14.8296,4,16.68531,4,10.62793,0.288265,78.75,301
52.7492322726175, 16.5673,52.8325184741989, 16.7086,4,16.68527,4,10.78448,-0.761055,76.5626,301
52.7653879718855, 15.4413,52.8508012751117, 18.3204,4,16.68483,4,10.07213,0.106943,76.7044,301
52.7814175719395, 16.2034,52.8669093744829, 17.5773,4,16.68467,4,11.42103,0.054442,79.5838,301
52.7992471726611, 18.2602,52.882403774187, 15.7372,4,16.68521,4,11.64025,-0.305971,80.9578,301
52.8158102734014, 16.6021,52.9004853740335, 18.2824,4,16.68519,4,12.64006,-0.028763,78.4348,301
52.8325184741989, 17.2184,52.9151451736689, 12.79,4,16.68537,4,10.34356,0.398825,80.116,301
52.8508012751117, 16.14,52.9322557728738, 17.0239,4,16.68518,4,9.931671,-0.098972,75.688,301
52.8669093744829, 15.5352,52.9495971724391, 17.2001,4,16.68478,4,10.64486,-0.650008,76.572304,301
52.882403774187, 16.5155,52.9665519725531, 17.0196,4,16.68472,4,11.72468,1.074363,78.237904,301
52.9004853740335, 18.3459,52.982691872865, 16.1974,4,16.6853,4,11.50367,0.552495,78.741696,301
52.9151451736689, 15.1298,52.9993866737932, 16.5924,4,16.68476,4,11.94551,-0.733059,76.594496,301
52.9322557728738, 18.4372,53.0166635736823, 19.3352,4,16.68537,4,12.50164,1.284665,78.057104,301
52.9495971724391, 16.3166,53.0345628745854, 15.8836,4,16.68524,4,9.313505,-0.525753,78.9564,301
52.9665519725531, 17.2027,53.0496718743816, 15.1788,4,16.68542,4,9.606959,-0.025185,78.5244,301
52.982691872865, 16.5548,53.066193674691, 16.4974,4,16.68538,4,12.46463,-0.400757,76.500704,301
52.9993866737932, 16.4474,53.0831780740991, 16.9747,4,16.68529,4,10.61945,0.516248,76.4438,301
53.0166635736823, 15.0542,53.0999495750293, 16.8431,4,16.68473,4,12.42449,-0.796431,76.971904,301
53.0345628745854, 18.1873,53.1164948744699, 18.2048,4,16.68525,4,10.56456,-0.373531,78.7606,301
53.0496718743816, 17.3404,53.1340299742296, 17.5909,4,16.68547,4,10.44685,-0.165405,78.7794,301
53.066193674691, 16.2064,53.1498305751011, 16.0646,4,16.68531,4,11.37103,0.048794,79.0304,301
53.0831780740991, 16.3337,53.1658272752538, 15.5452,4,16.68519,4,12.61773,-0.686461,78.889,301
53.0999495750293, 16.9493,53.1825352748856, 15.0554,4,16.68528,4,12.20811,-0.212748,78.1006,301
53.1164948744699, 15.5201,53.1992154745385, 16.5706,4,16.68488,4,10.65821,0.765804,76.207296,301
53.1340299742296, 16.2349,53.216401473619, 17.3725,4,16.68472,4,9.903761,-0.021676,77.2578,301
53.1498305751011, 17.2796,53.2329093730077, 16.4822,4,16.68493,4,10.55035,-0.278157,78.3948,301
53.1658272752538, 18.3159,53.249474872835, 16.4858,4,16.68549,4,12.0135,0.05158,77.599104,301
53.1825352748856, 16.8861,53.266845873557, 19.2226,4,16.68556,4,10.86958,-0.297525,75.7694,301
53.1992154745385, 16.4122,53.282743874006, 15.8964,4,16.68546,4,11.78166,-0.317406,78.106896,301
53.216401473619, 16.6467,53.3012628732249, 20.3209,4,16.68545,4,12.06942,-0.094899,77.591,301
53.2329093730077, 16.5458,53.3162224730477, 13.6154,4,16.6854,4,10.02802,1.970241,81.265104,301
53.249474872835, 17.0463,53.3339735725895, 15.5534,4,16.68553,4,10.22201,0.211068,78.335504,301
53.266845873557, 14.8557,53.3502339730039, 16.3269,4,16.68489,4,12.253,-1.400528,76.843,301
53.282743874006, 16.834,53.3662650724873, 15.9255,4,16.68495,4,12.00296,-0.301882,78.3146,301
53.3012628732249, 16.9591,53.3835540721193, 17.2361,4,16.68504,4,8.159632,0.040793,77.406704,301
53.3162224730477, 17.4699,53.400014671497, 16.3979,4,16.68531,4,9.978428,-1.229114,77.684304,301
53.3339735725895, 17.2381,53.4171417718753, 17.0748,4,16.6855,4,11.24538,-0.098472,76.613296,301
53.3502339730039, 16.9472,53.4325912715867, 15.7281,4,16.68559,4,10.45011,1.751975,76.451,301
53.3662650724873, 16.2986,53.4491829713807, 18.1479,4,16.68546,4,11.67161,-1.095674,75.2322,301
53.3835540721193, 17.273,53.466127271764, 17.2332,4,16.68566,4,13.00507,0.573893,77.081904,301
53.400014671497, 16.9129,53.4826169712469, 16.4204,4,16.68574,4,11.84303,0.211758,77.0426,301
53.4171417718753, 16.7911,53.4996080705896, 16.5672,4,16.68578,4,8.564674,-1.277541,76.5492,301
53.4325912715867, 15.9045,53.5171992713585, 17.7867,4,16.68551,4,10.85961,0.011811,76.326896,301
53.4491829713807, 15.6702,53.5325094712898, 15.6193,4,16.68516,4,11.30674,-0.52773,78.2088,301
53.466127271764, 16.3942,53.5492512704805, 14.7748,4,16.68506,4,11.67744,-0.246996,78.1588,301
53.4826169712469, 16.8233,53.5671260701492, 17.9103,4,16.68511,4,13.10939,0.372204,76.539904,301
53.4996080705896, 16.5033,53.5834946697578, 16.3945,4,16.68504,4,10.10843,0.172225,77.6272,301
53.5171992713585, 15.3704,53.5993474693969, 15.8262,4,16.68459,4,10.5905,-0.429903,77.518496,301
53.5325094712898, 17.7739,53.6163594694808, 17.4012,4,16.68497,4,10.0777,-0.632377,77.974704,301
53.5492512704805, 17.2766,53.6340922703966, 17.1197,4,16.68517,4,11.51178,0.115424,77.6028,301
53.5671260701492, 14.7097,53.6504832701758, 16.4802,4,16.68449,4,11.7048,-0.438947,77.446496,301
53.5834946697578, 18.4351,53.6662432709709, 17.4491,4,16.68509,4,10.74568,-0.097885,79.2174,301
53.5993474693969, 16.8435,53.6831668717787, 17.5161,4,16.68515,4,10.87398,-0.999863,78.2316,301
53.6163594694808, 17.2749,53.7004580711946, 16.7401,4,16.68535,4,9.562747,-0.603552,78.9046,301
53.6340922703966, 16.0539,53.7171975718811, 16.665,4,16.68513,4,12.19359,-1.142646,78.37,301
53.6504832701758, 17.3003,53.7333893710747, 16.5898,4,16.68534,4,11.83786,-0.208954,78.9816,301
53.6662432709709, 14.8655,53.7518232716247, 16.447,4,16.68472,4,11.34735,0.22007,78.2714,301
53.6831668717787, 16.5744,53.7663482716307, 14.5569,4,16.68468,4,10.68385,-0.96167,79.8534,301
53.7004580711946, 16.8724,53.7835576711223, 17.1291,4,16.68475,4,10.90605,-0.73652,77.836304,301
53.7171975718811, 16.7561,53.8001563707367, 16.7073,4,16.68477,4,10.27903,-0.941156,78.093696,301
53.7333893710747, 16.7046,53.8181512700394, 18.0396,4,16.68478,4,11.66957,-0.486832,78.0452,301
53.7518232716247, 17.8424,53.8334042700008, 17.2207,4,16.68517,4,12.84712,-0.902772,79.380304,301
53.7663482716307, 17.5078,53.8520979704335, 18.3176,4,16.68545,4,12.57526,0.570288,78.758704,301
53.7835576711223, 16.3004,53.8666990706697, 14.6573,4,16.68532,4,11.24183,0.067883,79.568896,301
53.8001563707367, 17.9226,53.8841743702069, 17.7944,4,16.68575,4,10.58337,-1.055855,77.9266,301
53.8181512700394, 15.3243,53.9003970706835, 14.0559,4,16.68528,4,11.31191,-0.64901,77.7988,301
53.8334042700008, 15.2972,53.9173608710989, 17.1112,4,16.68481,4,7.652317,-0.339737,76.5304,301
53.8520979704335, 15.9808,53.9338117716834, 16.4663,4,16.68457,4,9.877155,-0.73192,78.345,301
53.8666990706697, 16.1481,53.9504421716556, 16.4481,4,16.68438,4,12.89231,0.534116,78.8306,301
53.8841743702069, 17.4872,53.9673489714041, 16.8876,4,16.68466,4,12.49734,0.183829,79.131,301
53.9003970706835, 17.4535,53.9841544711962, 16.9119,4,16.68492,4,10.66172,0.004721,78.5318,301
53.9173608710989, 17.3328,53.9996983716264, 17.1062,4,16.68514,4,10.51678,-0.741654,77.991,301
53.9338117716834, 15.9614,54.0181961720809, 19.1985,4,16.68489,4,9.457571,-0.278132,77.764496,301
53.9504421716556, 17.5735,54.0332717718557, 14.9271,4,16.6852,4,11.56368,0.471154,80.988096,301
53.9673489714041, 17.2177,54.0519046718255, 18.1299,4,16.68538,4,11.86375,-0.923068,78.356,301
53.9841544711962, 16.4195,54.0682435715571, 15.301,4,16.68529,4,12.58773,-0.770846,79.268704,301
53.9996983716264, 14.9173,54.0840938715264, 15.6034,4,16.68468,4,12.05615,-0.360923,78.141296,301
54.0181961720809, 17.1829,54.1014261720702, 16.8465,4,16.68485,4,11.39237,0.404117,78.8366,301
54.0332717718557, 16.2765,54.1172185717151, 15.8407,4,16.68472,4,12.84115,1.655175,78.5002,301
54.0519046718255, 17.5772,54.1334788715467, 16.3095,4,16.68502,4,11.21772,-1.009899,78.065904,301
54.0682435715571, 19.1098,54.151224671863, 19.5051,4,16.68584,4,10.58348,-0.767553,76.798704,301
54.0840938715264, 14.3407,54.167310972698, 15.9807,4,16.68505,4,7.871325,-0.569749,77.1946,301
54.1014261720702, 16.6711,54.18328177277, 14.3662,4,16.68504,4,7.950199,0.216662,78.835,301
54.1172185717151, 16.8589,54.2015566723421, 18.1975,4,16.6851,4,12.85605,0.722482,76.530496,301
54.1334788715467, 17.1175,54.2182468725368, 16.7288,4,16.68525,4,12.58535,-0.560334,77.8686,301
54.151224671863, 14.8,54.2338648727164, 15.5315,4,16.68461,4,12.36594,-0.700637,77.480496,301
54.167310972698, 18.0568,54.2511409735307, 17.3664,4,16.68507,4,11.43892,-1.119737,78.212496,301
54.18328177277, 17.3064,54.266349773854, 15.1453,4,16.68528,4,9.454934,-1.02635,77.512,301
54.2015566723421, 16.5273,54.2852120734751, 19.0834,4,16.68523,4,10.30264,-1.13492,75.361296,301
54.2182468725368, 16.4444,54.3015886731446, 18.283,4,16.68515,4,10.81994,-0.13285,77.918096,301
54.2338648727164, 17.1406,54.3173151724041, 15.313,4,16.6853,4,12.86105,1.96343,79.756896,301
54.2511409735307, 16.4028,54.3357159718871, 16.7053,4,16.68521,4,12.96112,-0.701016,77.9292,301
54.266349773854, 16.2113,54.3504532715306, 14.7175,4,16.68505,4,13.00795,-0.304795,78.2318,301
54.2852120734751, 16.634,54.3676466709003, 17.2704,4,16.68503,4,12.10987,1.314891,76.730096,301
54.3015886731446, 15.2336,54.3848225707188, 17.1718,4,16.68454,4,9.650116,0.403969,77.375904,301
54.3173151724041, 17.1845,54.4005706710741, 15.6689,4,16.68471,4,11.0458,-0.608615,79.314304,301
54.3357159718871, 17.8941,54.4175085714087, 18.6465,4,16.68512,4,12.18961,-0.149706,77.799296,301
54.3504532715306, 17.4186,54.4336127722636, 15.9994,4,16.68537,4,10.30303,-0.916543,78.5524,301
54.3676466709003, 15.8431,54.4502250729129, 16.9083,4,16.68508,4,11.44812,-0.226539,77.133296,301
54.3848225707188, 16.8212,54.4502250729129, 5.3544,4,16.68513,4,12.37461,-1.189304,66.7362,301
54.4005706710741, 16.9587,54.4678525729105, 10.3878,4,16.68522,3,11.94484,0.35086,60.1653,301
54.4175085714087, 15.366,54.4844277733937, 18.1935,4,16.68477,3,11.26124,-0.256382,62.993,301
54.4336127722636, 16.3947,54.5003496734425, 16.2932,4,16.68468,3,11.8969,0.933449,62.8918,301
54.4502250729129, 17.6529,54.5190710732713, 18.3804,4,16.685,3,12.51604,-0.267427,63.6197,301
54.4678525729105, 17.0333,54.5342775732279, 14.0936,3,16.68512,3,11.32988,-0.401281,60.6806,301
54.4844277733937, 15.3145,54.5502172727138, 15.5961,3,16.68466,3,12.05985,0.38137,60.9623,301
54.5003496734425, 16.7698,54.5696719735861, 19.2688,3,16.68469,3,10.75953,-0.90206,63.4629,301
54.5190710732713, 17.9818,54.5847513731569, 15.071,3,16.68512,3,10.75228,-0.623529,60.5529,301
54.5342775732279, 16.922,54.6013892740011, 18.2675,3,16.6852,3,12.34443,0.256665,61.8985,301
54.5502172727138, 16.673,54.6198212746531, 16.8893,3,16.6852,3,11.45896,-0.899429,62.1147,301
54.5696719735861, 16.9466,54.6344280745834, 14.6708,3,16.68529,3,12.75183,-0.699164,59.8398,301
54.5847513731569, 16.9247,54.6521825753152, 17.6437,3,16.68537,3,12.37903,0.305164,60.5591,301
54.6013892740011, 14.7884,54.6682249754667, 16.0827,3,16.68473,3,11.56673,-1.336019,61.8532,301
54.6198212746531, 18.2309,54.6841282751411, 15.9165,3,16.68525,3,11.26516,-0.376202,59.5399,301
54.6344280745834, 15.1354,54.7013459745795, 17.2245,3,16.68473,3,12.49754,0.573915,61.6285,301
54.6521825753152, 18.2923,54.7183503750712, 19.6383,3,16.68527,2,11.46202,-0.25256,62.9752,301
54.6682249754667, 16.7947,54.7349256742746, 14.0103,3,16.6853,1,10.9027,-0.570963,60.1911,301
54.6841282751411, 16.8397,54.7522108741105, 18.4737,3,16.68536,3,12.00469,-0.555791,61.8241,301
54.7349256742746, 55.9142,54.7684112749994, 16.4542,3,16.69852,3,8.68896,-0.280981,22.3654,301
54.7522108741105, 2.1154,54.7844224758446, 16.2263,1,16.69363,3,10.74596,-0.215184,36.4588,301
54.7522108741105, 0.5243,54.8011775761843, 17.0349,1,16.68821,3,10.67009,0.457588,52.9802,301
54.7522108741105, 7.9849,54.8178171757609, 16.1013,2,16.68529,3,10.32018,0.112065,61.1053,301
54.7684112749994, 15.1697,54.8356835749, 18.0912,3,16.68478,3,10.43098,0.130146,64.0261,301
54.7844224758446, 16.7858,54.8521715756506, 16.6303,3,16.68481,3,12.13971,0.348642,63.8707,301
54.8011775761843, 16.8932,54.8701735753566, 16.06,3,16.68488,3,11.32164,-0.144354,63.0383,301
54.8178171757609, 15.6045,54.8844717750326, 14.4736,3,16.68452,3,11.68945,-1.071139,61.9081,301
54.8356835749, 16.5484,54.9016302758828, 17.2309,3,16.68448,3,10.10776,-0.668259,62.5916,301
54.8521715756506, 16.6205,54.9173713764176, 15.6851,3,16.68446,3,9.178754,-0.318024,61.656,301
54.8701735753566, 19.1016,54.9348408756778, 17.5191,3,16.68526,3,9.910039,-0.147315,60.0748,301
54.8844717750326, 15.813,54.9521646751091, 18.8114,3,16.68497,3,12.63416,-0.810005,63.0737,301
54.9016302758828, 16.9486,54.9688659748062, 15.0098,3,16.68506,3,10.55042,1.187978,61.135,301
54.9173713764176, 16.6186,54.984640375711, 17.3502,3,16.68504,3,10.39651,-0.20442,61.8678,301
54.9348408756778, 16.6819,55.0025205751881, 18.4666,3,16.68504,3,9.983505,0.298885,63.6526,301
54.9521646751091, 15.2323,55.0186437750235, 14.0775,3,16.68455,2,12.71452,-0.385572,62.4983,301
54.9688659748062, 18.2342,55.0345616741106, 17.4202,3,16.68507,1,10.61122,-0.06656,61.685,301
54.984640375711, 14.8683,55.053415373899, 18.859,3,16.68446,3,11.92791,0.913897,65.6764,301
55.0345616741106, 56.9337,55.0683229742572, 14.9302,3,16.69789,3,11.52387,-0.514668,23.6731,301
55.0345616741106, 2.3864,55.0843195738271, 14.4806,1,16.69312,3,10.62696,0.440404,35.7687,301
55.053415373899, 2.3306,55.1028830735013, 18.595,2,16.68833,3,9.673503,-0.011194,52.0328,301
55.053415373899, 6.0883,55.1181759731844, 15.1721,2,16.6848,3,9.035068,-0.564593,61.1184,301
55.0683229742572, 17.3612,55.1346271736547, 16.4088,3,16.68502,3,12.3539,-0.543164,60.1649,301
55.0843195738271, 17.0941,55.1512782732025, 16.6507,3,16.68516,3,11.37899,-0.087288,59.7223,301
55.1028830735013, 16.815,55.1682873731479, 17.0584,3,16.6852,3,11.47039,-0.503573,59.9666,301
55.1181759731844, 16.9419,55.1866798726842, 19.991,3,16.68529,3,9.914964,-0.51591,63.0155,301
55.1346271736547, 16.6245,55.2038871729746, 17.6961,3,16.68527,3,10.68399,-1.169713,64.0878,301
55.1512782732025, 16.1953,55.2185230730101, 14.3517,3,16.6851,3,11.09327,0.702443,62.2446,301
55.1682873731479, 16.8334,55.2367078727111, 18.2895,3,16.68515,3,12.25211,-0.28803,63.7017,301
55.1866798726842, 15.4462,55.2525656735525, 15.9208,3,16.68474,3,12.40811,-0.324321,64.1765,301
55.2038871729746, 17.4398,55.2704666731879, 15.8371,3,16.68499,3,13.12476,0.043996,62.5742,301
55.2185230730101, 16.1767,55.2865736735985, 16.3198,3,16.68482,3,9.14853,-0.359329,62.7162,301
55.2367078727111, 16.4864,55.3020692737773, 15.4242,3,16.68476,3,10.26292,-0.418164,61.6559,301
55.2525656735525, 16.9373,55.3189100744203, 16.8031,3,16.68484,3,10.4965,-0.276225,61.5211,301
55.2704666731879, 17.765,55.3346223747358, 15.7676,3,16.6852,3,8.336429,-0.626167,59.5253,301
55.2865736735985, 16.8081,55.3520154738799, 19.1422,3,16.68524,3,10.06306,0.469478,61.8598,301
55.3020692737773, 16.6338,55.3690305734053, 16.7798,3,16.68522,3,12.19573,0.690527,62.006,301
55.3189100744203, 16.9295,55.3862978732213, 17.2181,3,16.6853,3,11.93737,-0.860656,62.2953,301
55.3346223747358, 16.5265,55.4021884733811, 16.0791,3,16.68525,3,12.40092,0.418389,61.8487,301
55.3520154738799, 14.7152,55.4210130730644, 17.1227,3,16.6846,3,11.25287,-1.107929,64.257,301
55.3690305734053, 16.8124,55.4356296733022, 14.641,3,16.68464,3,10.79726,-0.050652,62.0859,301
55.3862978732213, 16.8175,55.4525974728167, 17.0013,3,16.68468,3,12.56291,-0.724355,62.2705,301
55.4021884733811, 16.545,55.4691355731338, 16.5355,3,16.68464,3,9.786729,-0.920117,62.2614,301
55.4210130730644, 18.5682,55.4864351730794, 17.176,3,16.68526,3,11.23155,-0.861395,60.8694,301
55.4356296733022, 16.2674,55.5032898727804, 17.1163,3,16.68512,3,11.82666,-0.754627,61.7187,301
55.4525974728167, 15.881,55.5183959724382, 16.6203,3,16.68486,3,12.56552,-0.993508,62.4593,301
55.4691355731338, 16.8634,55.5363563718274, 17.8658,3,16.68492,3,12.7746,-0.34838,63.4615,301
55.4864351730794, 16.672,55.5530822714791, 16.7397,3,16.68491,3,12.75953,0.260964,63.5299,301
55.5032898727804, 17.4712,55.569051171653, 16.1687,3,16.68517,3,12.61161,-0.183364,62.2283,301
55.5183959724382, 14.5267,55.5863915709779, 15.5198,3,16.68446,3,12.73498,0.770668,63.221,301
55.5363563718274, 16.9533,55.6036301711574, 17.2807,3,16.68455,3,10.44724,-0.732737,63.549,301
55.5530822714791, 16.7102,55.6193620720878, 15.7234,3,16.68456,3,9.220364,-1.225043,62.5629,301
55.569051171653, 16.5141,55.6362695721909, 16.7834,3,16.6845,3,9.854732,-0.118963,62.8323,301
55.5863915709779, 18.1058,55.6527310730889, 16.5458,3,16.68497,3,9.259837,0.105019,61.2731,301
55.6036301711574, 17.1795,55.6682841731235, 15.5381,3,16.68513,3,9.926743,-0.70622,59.6318,301
55.6193620720878, 15.7198,55.6864101728424, 19.676,3,16.68481,3,11.61846,-0.175212,63.5882,301
55.6362695721909, 17.5668,55.7032423736528, 17.0188,3,16.6851,3,10.25488,-0.10649,63.0413,301
55.6527310730889, 16.2022,55.719186973758, 16.1671,3,16.68495,3,9.95102,0.29045,63.0063,301
55.6682841731235, 17.258,55.7383673740551, 17.3418,3,16.68513,3,12.65251,-0.504445,63.0909,301
55.6864101728424, 14.7329,55.752173374407, 13.7893,3,16.68449,3,12.08829,-0.062806,62.1477,301
55.7032423736528, 16.6565,55.770931375213, 18.7138,3,16.68448,3,10.39295,0.428099,64.2058,301
55.719186973758, 16.2179,55.785345274955, 14.5042,3,16.68433,3,9.978245,-0.090696,62.4921,301
55.7383673740551, 18.214,55.802433475852, 16.9956,3,16.68483,3,10.46991,0.240943,61.2746,301
55.752173374407, 17.9982,55.8204020764679, 19.5813,3,16.68526,3,12.0503,0.319693,62.8581,301
55.770931375213, 16.0717,55.8359871767461, 15.4177,3,16.68506,3,11.1928,-0.344039,62.2042,301
55.785345274955, 16.3239,55.8534424770623, 17.9458,3,16.68494,3,10.74676,-0.141756,63.8266,301
55.802433475852, 17.0811,55.8701343778521, 14.7836,3,16.68507,3,11.62191,-0.544212,61.5298,301
55.8204020764679, 15.1807,55.8876812774688, 17.5073,3,16.68458,3,11.45614,-1.22198,63.8568,301
55.8359871767461, 16.4841,55.9039499778301, 16.2849,3,16.68451,3,11.97956,-0.200135,63.6578,301
55.8534424770623, 18.2799,55.9194705775008, 15.4866,3,16.68504,3,10.45211,-0.747918,60.8649,301
55.8701343778521, 16.3447,55.9364314777777, 18.5638,3,16.68493,3,10.68708,-0.687298,63.0753,301
55.8876812774688, 18.0068,55.953515178524, 17.7424,3,16.68536,3,11.30443,-0.887368,62.8206,301
55.9039499778301, 14.7527,55.9699244787917, 16.0405,3,16.68473,3,9.868018,-0.511485,64.1089,301
55.9194705775008, 17.1123,55.9875560784712, 15.6427,3,16.68487,3,12.6579,-0.4848,62.6397,301
55.9364314777777, 15.4253,56.0026193782687, 15.2194,3,16.68445,3,12.59057,-0.028434,62.4338,301
55.953515178524, 17.0404,56.0203156787902, 17.6326,3,16.68457,3,12.83519,-0.528702,63.0266,301
55.9699244787917, 16.4678,56.0364512782544, 16.1322,3,16.6845,3,12.402,-0.50327,62.6915,301
55.9875560784712, 18.05,56.052469778806, 16.0665,3,16.68495,3,12.31493,-0.643938,60.7088,301
56.0026193782687, 17.1715,56.0694967787713, 18.0305,3,16.6851,3,10.3489,-0.696504,61.5689,301
56.0203156787902, 16.518,56.0865624789149, 17.7976,3,16.68505,3,12.41067,-0.660637,62.8489,301
56.0364512782544, 16.2152,56.1039019785821, 17.5071,3,16.6849,3,10.58084,0.08909,64.1416,301
56.052469778806, 17.8946,56.1208143793046, 14.9653,3,16.68529,3,9.481604,0.188859,61.2119,301
56.0694967787713, 13.8544,56.136915680021, 16.102,3,16.68437,3,12.34994,0.280062,63.4602,301
56.0865624789149, 17.0905,56.1533436793834, 16.4298,3,16.6845,3,12.39671,-0.428747,62.7993,301
56.1039019785821, 16.3261,56.1699962802231, 16.7577,3,16.68438,3,11.69974,-0.961605,63.2318,301
56.1208143793046, 18.8307,56.1863342802972, 16.2319,3,16.68508,3,11.59454,-0.775149,60.6337,301
56.136915680021, 16.4095,56.2036602795124, 17.4081,3,16.68499,3,11.47845,-0.430163,61.6329,301
56.1533436793834, 16.9174,56.2192351799458, 15.41,3,16.68507,3,10.3505,-0.810425,60.1263,301
56.1699962802231, 16.4767,56.2374115791172, 19.8753,3,16.685,3,11.19295,-0.858874,63.5256,301
56.1863342802972, 16.2063,56.2526879794896, 13.6091,3,16.68485,3,11.04836,-1.273217,60.9287,301
56.2036602795124, 17.8354,56.2692588791251, 19.3693,3,16.68522,3,12.33212,0.347146,62.4627,301
56.2192351799458, 16.1103,56.2858745791018, 15.4951,3,16.68503,3,12.55747,-0.77983,61.8481,301
56.2374115791172, 15.4523,56.3041259795427, 18.5757,3,16.68463,3,12.71042,0.370677,64.9713,301
56.2526879794896, 18.0349,56.3196796793491, 15.1959,3,16.68507,3,13.14625,-0.913114,62.1327,301
56.2692588791251, 14.7137,56.3361028786749, 14.8542,3,16.68443,3,11.58333,-0.750365,62.2735,301
56.2858745791018, 16.6975,56.3530463781208, 16.9319,3,16.68443,3,11.01892,-0.434901,62.5079,301
56.3041259795427, 17.2694,56.369397778064, 16.2271,3,16.68462,3,9.727614,-0.789182,61.4671,301
56.3196796793491, 17.7317,56.3873277772218, 18.0038,3,16.68497,3,10.70487,-0.686879,61.7314,301
56.3361028786749, 16.7951,56.4034909773618, 17.967,3,16.685,3,12.5132,-1.472891,62.9125,301
56.3530463781208, 16.5115,56.4208531770855, 17.3448,3,16.68494,3,11.90058,-0.788294,63.7459,301
56.369397778064, 16.7964,56.4367193765938, 16.1856,3,16.68498,3,10.78078,-0.746747,63.1283,301
56.3873277772218, 17.0256,56.4539806768298, 16.8446,3,16.68509,3,10.86019,0.223651,62.9548,301
56.4034909773618, 14.8898,56.4698175769299, 14.1593,3,16.68451,3,10.99549,-0.084784,62.2242,301
56.4208531770855, 17.2287,56.4869104772806, 17.0548,3,16.68468,3,12.37695,0.361851,62.051,301
56.4367193765938, 16.166,56.5046284776181, 17.8068,3,16.68452,3,12.47125,-0.380892,63.6928,301
56.4539806768298, 17.8367,56.5199211779982, 15.2795,3,16.68489,3,10.06318,0.45512,61.1361,301
56.4698175769299, 17.2485,56.5375802777708, 17.7,3,16.68507,3,10.12935,0.105487,61.5877,301
56.4869104772806, 16.4188,56.5537530779839, 16.0909,3,16.68499,3,9.746392,-0.956028,61.26,301
56.5046284776181, 17.2924,56.5699777770787, 16.262,3,16.68518,3,12.24298,0.249662,60.2305,301
56.5199211779982, 15.9263,56.5866484772414, 16.6532,3,16.68494,3,11.26161,-0.897046,60.958,301
56.5375802777708, 16.4017,56.6035496778786, 16.9251,3,16.68485,3,11.67393,0.294856,61.462,301
56.5537530779839, 16.8066,56.6205492783338, 16.9348,3,16.68489,3,11.39024,0.183675,61.6109,301
56.5699777770787, 17.0711,56.6363986786455, 15.9024,3,16.68501,3,9.624746,-0.660926,60.4419,301
56.5866484772414, 16.5243,56.653440779075, 17.1586,3,16.68496,3,9.941544,0.431638,61.0766,301
56.6035496778786, 16.3106,56.6704449784011, 17.2365,3,16.68484,3,11.33832,0.581343,62.0038,301
56.6205492783338, 16.3936,56.6872390788049, 17.8325,3,16.68474,3,11.56593,0.401434,63.443,301
56.6363986786455, 17.527,56.7033971790224, 16.8641,3,16.68501,3,10.40386,-0.067007,62.7803,301
56.653440779075, 16.4852,56.7202382795513, 16.2882,3,16.68495,3,9.675857,0.244533,62.5836,301
56.6704449784011, 16.2433,56.7365105804056, 16.392,3,16.68481,3,9.181866,-1.192146,62.7254,301
56.6872390788049, 15.2509,56.7564401812851, 20.4,3,16.68435,4,9.791007,1.08294,67.8826,301
56.7033971790224, 16.6643,56.7718154815957, 15.4897,3,16.68434,3,11.82937,-0.758546,66.7083,301
56.7202382795513, 16.6097,56.786560581997, 12.5717,3,16.68431,3,11.68875,-0.449734,62.6714,301
56.7365105804056, 16.5746,56.8042141813785, 17.5869,3,16.68428,3,13.13226,-0.056567,63.6838,301
56.7564401812851, 16.4175,56.8202368821949, 16.0464,3,16.68419,3,10.72815,0.407427,63.2769,301
56.7718154815957, 18.7339,56.8375064823776, 17.1803,3,16.68485,3,10.82713,1.357773,61.7603,301
56.786560581997, 16.3192,56.8535596821457, 16.1154,3,16.68474,3,10.46317,-0.170261,61.5569,301
56.8042141813785, 17.1581,56.8720651827753, 18.5461,3,16.68489,3,9.990773,0.019299,62.9454,301
56.8202368821949, 16.5329,56.8870746828616, 14.9549,3,16.68484,3,11.20503,-0.641867,61.3682,301
56.8375064823776, 16.6027,56.9031141828746, 15.9764,3,16.68481,3,10.39996,-0.958084,60.7421,301
56.8535596821457, 17.0415,56.9205134827644, 17.6085,3,16.68493,3,11.8888,0.321061,61.3031,301
56.8720651827753, 16.2426,56.9376986827701, 18.5009,3,16.68479,3,11.79447,-0.398497,63.5683,301
56.8870746828616, 17.0151,56.956105383113, 17.1544,3,16.68489,3,11.46828,0.200766,63.7083,301
56.9031141828746, 16.4577,56.9703027829528, 13.9068,3,16.68482,3,10.79424,-0.916624,61.1576,301
56.9205134827644, 16.7112,56.9875802826136, 17.2342,3,16.68483,3,8.905397,-0.316051,61.6809,301
56.9376986827701, 15.6865,57.004412682727, 16.9009,3,16.68451,3,10.48503,0.148744,62.8959,301
56.956105383113, 17.3314,57.0202048830688, 15.9613,3,16.68471,3,9.633424,0.418178,61.526,301
56.9703027829528, 15.2217,57.037328582257, 16.9546,3,16.68424,3,11.13285,-0.119852,63.259,301
56.9875802826136, 18.1857,57.0545238815248, 17.2111,3,16.68473,3,12.23036,-1.567802,62.2849,301
57.004412682727, 16.5109,57.0703424811363, 17.4419,3,16.68467,3,11.67992,-0.314488,63.2168,301
57.0202048830688, 17.0462,57.0864701811224, 16.622,3,16.68479,3,11.25105,-0.0302,62.7909,301
57.037328582257, 16.5256,57.1047824807465, 18.2301,3,16.68474,3,11.8611,-0.460201,64.497,301
57.0545238815248, 16.1499,57.1202451810241, 15.3477,3,16.68456,3,11.37629,0.671356,63.6955,301
57.0703424811363, 15.4363,57.1376283802092, 17.5039,3,16.68416,3,10.3996,-0.618615,65.7637,301
57.0864701811224, 16.7911,57.1577046792954, 18.6185,3,16.6842,3,10.0573,-0.556388,67.591104,301
57.1047824807465, 16.3998,57.1715216794983, 13.2876,3,16.68411,3,10.34094,-1.320239,64.4777,301
57.1202451810241, 17.3431,57.187154780142, 15.7692,3,16.68432,3,9.593415,-0.098007,62.9054,301
57.1376283802092, 17.2248,57.2043874794617, 17.0562,3,16.68449,3,12.19679,-1.107311,62.7376,301
57.1577046792954, 17.6695,57.2220553802326, 17.5624,3,16.68481,3,12.40844,1.092754,62.6308,301
57.1715216794983, 16.7285,57.2372291805223, 15.1438,3,16.68482,3,13.22661,-0.11418,61.0464,301
57.187154780142, 16.6042,57.2539635812864, 16.9564,3,16.6848,3,11.93621,0.17361,61.3995,301
57.2043874794617, 16.1697,57.2713898820803, 17.3546,3,16.68463,3,13.05035,1.120731,62.5777,301
57.2220553802326, 16.8889,57.2875831825659, 16.1482,3,16.68469,3,10.62078,0.345086,61.8448,301
57.2372291805223, 18.0061,57.3046373827383, 19.2411,3,16.68512,3,10.16299,-0.573134,63.0805,301
57.2539635812864, 16.5034,57.3202751828358, 15.0392,3,16.68506,3,9.990569,0.326067,61.6161,301
57.2713898820803, 16.1289,57.3381752828136, 18.2805,3,16.68488,3,7.001014,-0.646887,63.7679,301
57.2875831825659, 16.749,57.3543431824073, 16.0548,3,16.6849,3,9.560434,-0.447256,63.0744,301
57.3046373827383, 15.5642,57.3711488815024, 16.9467,3,16.68455,3,12.22823,1.031111,64.4578,301
57.3202751828358, 16.2515,57.3882986819372, 15.2645,3,16.68441,3,11.46949,-0.558447,63.4696,301
57.3381752828136, 16.728,57.4044203823432, 16.3217,3,16.68442,3,12.37116,-0.935778,63.0649,301
57.3543431824073, 17.1596,57.4201935818419, 15.481,3,16.68457,3,12.09269,-1.175798,61.3861,301
57.3711488815024, 17.7475,57.4385125814006, 18.3226,3,16.68491,3,10.53515,-0.322038,61.9619,301
57.3882986819372, 16.7926,57.4552002819255, 18.5669,3,16.68494,3,10.56068,0.223223,63.737,301
57.4044203823432, 16.7645,57.4712766828015, 15.8447,3,16.68497,3,10.9531,0.452486,62.8169,301
57.4201935818419, 17.3111,57.4877028828487, 16.3029,3,16.68517,3,11.03414,-0.903613,61.8091,301
57.4385125814006, 15.2275,57.5047082835808, 16.9695,3,16.68471,3,12.23088,0.318468,63.5519,301
57.4552002819255, 15.6713,57.5212111836299, 16.7736,3,16.68438,3,11.59001,-0.069423,64.6544,301
57.4712766828015, 16.8429,57.5385326845571, 15.4779,3,16.68443,3,9.971713,-0.208126,63.29,301
57.4877028828487, 16.9049,57.5542163839564, 15.7302,3,16.6845,3,10.99663,-0.287801,62.1157,301
57.5047082835808, 16.2885,57.5712193837389, 16.871,3,16.68438,3,9.275523,0.420027,62.6893,301
57.5212111836299, 16.3741,57.5880594840273, 16.9716,3,16.68428,3,11.77353,0.394916,63.2968,301
57.5385326845571, 17.7678,57.6060696830973, 18.1306,3,16.68462,3,11.8331,-0.13687,63.6342,301
57.5542163839564, 14.6473,57.6211157832295, 14.9016,3,16.68398,3,11.94297,0.512106,63.9144,301
57.5712193837389, 18.4584,57.6381339840591, 17.064,3,16.68454,3,11.13568,0.287094,62.5206,301
57.5880594840273, 16.6744,57.6543362848461, 17.8352,3,16.68454,3,11.38337,-0.711958,63.6819,301
57.6060696830973, 17.8135,57.6713795848191, 17.162,3,16.68489,3,11.81189,0.562182,63.0309,301
57.6211157832295, 16.005,57.6875694841146, 15.8888,3,16.68468,3,9.332106,0.351303,62.9152,301
57.6381339840591, 16.3448,57.7048731837422, 17.3529,3,16.68457,3,9.966458,-0.19689,63.9239,301
57.6543362848461, 15.161,57.7219706829637, 17.2133,3,16.68409,3,12.68762,-0.721899,65.903,301
57.6713795848191, 17.3724,57.7386049833149, 16.7177,3,16.68431,3,11.2382,-1.427967,65.3225,301
57.6875694841146, 16.2358,57.7571054827422, 19.361,3,16.68416,4,11.40259,-0.2673,68.447696,301
57.7048731837422, 17.0133,57.7712458828464, 11.504,3,16.68427,3,12.1104,-0.413565,62.9388,301
57.7219706829637, 17.4207,57.7880704822019, 16.991,3,16.6845,3,10.90857,-0.38638,62.5095,301
57.7386049833149, 16.6472,57.8063153820112, 18.092,3,16.68449,3,11.4775,1.160434,63.9552,301
57.7571054827422, 16.9622,57.8216849816963, 15.3493,3,16.68458,3,10.22836,0.609462,62.342,301
57.7712458828464, 17.0661,57.8382485816255, 16.6685,3,16.6847,3,12.08528,-0.56752,61.9458,301
57.7880704822019, 16.5777,57.8553318819031, 17.0369,3,16.68467,3,12.06237,0.763899,62.4045,301
57.8063153820112, 16.1508,57.8720547826961, 16.6514,3,16.6845,3,10.42834,-1.205523,62.897,301
57.8216849816963, 17.6548,57.887215282768, 16.7226,3,16.6848,3,9.53632,-0.789724,61.9742,301
57.8382485816255, 16.0328,57.9052025824785, 17.9942,3,16.6846,3,10.4991,-0.108783,63.936,301
57.8553318819031, 16.36,57.9222284816206, 17.7158,3,16.68449,3,8.905823,0.138048,65.2926,301
57.8720547826961, 17.108,57.9385462813079, 15.7245,3,16.68463,3,12.80132,-0.398393,63.9088,301
57.887215282768, 14.8813,57.9546000808477, 16.0799,3,16.68406,3,12.46308,-0.332314,65.1079,301
57.9052025824785, 17.2861,57.9722726810724, 17.6355,3,16.68425,3,11.95505,0.19551,65.4574,301
57.9222284816206, 16.3771,57.9891392812133, 16.5786,3,16.68415,3,11.61699,-0.258883,65.6598,301
57.9385462813079, 17.2076,58.0060168821365, 17.3059,3,16.68432,3,12.10601,-0.180809,65.7584,301
57.9546000808477, 16.0841,58.0213369820267, 15.1284,3,16.68413,3,12.20509,-0.292757,64.8037,301
57.9722726810724, 16.6694,58.0390850827098, 17.7295,3,16.68412,3,9.548683,-0.002632,65.8638,301
57.9891392812133, 17.5488,58.0560934823006, 17.3718,3,16.6844,3,10.35601,0.088359,65.6874,301
58.0060168821365, 15.8994,58.0714629823342, 15.0757,3,16.68415,3,11.85766,-0.134528,64.8637,301
58.0213369820267, 16.7235,58.0883446829394, 17.0697,3,16.68416,3,12.04423,0.772293,65.2109,301
58.0390850827098, 17.6079,58.1050829822198, 16.5743,3,16.68445,3,11.76084,-0.142182,64.1771,301
58.0560934823006, 16.3907,58.1222132826224, 17.6317,3,16.68436,3,11.60283,-0.812701,65.4191,301
58.0714629823342, 16.6697,58.1383753819391, 16.0018,3,16.68435,3,10.07521,-0.752726,64.7553,301
58.0883446829394, 16.3878,58.1554751815274, 15.1911,3,16.68426,3,9.175882,-0.761516,63.5592,301
58.1050829822198, 16.801,58.171963580884, 16.4103,3,16.6843,3,9.798701,-0.310675,63.1691,301
58.1222132826224, 17.1153,58.1887421803549, 16.7997,3,16.68443,3,10.93843,-0.44454,62.854,301
58.1383753819391, 19.2114,58.2061796812341, 17.3664,3,16.68523,3,12.57452,-0.572491,61.0103,301
58.1554751815274, 16.0649,58.2222323818132, 16.0558,3,16.68503,3,12.69277,0.092206,61.0014,301
58.171963580884, 16.8159,58.2390517825261, 16.9997,3,16.68507,3,11.99774,-0.741722,61.1862,301
58.1887421803549, 16.3858,58.2564527830109, 17.3778,3,16.68498,3,12.20619,-0.374317,62.1788,301
58.2061796812341, 16.9844,58.273712082766, 17.2174,3,16.68507,3,12.40649,-0.555764,62.4114,301
58.2222323818132, 16.5075,58.2884828830138, 16.2664,3,16.68502,3,9.863622,0.454194,62.1718,301
58.2390517825261, 16.2407,58.3049105824903, 14.9184,3,16.68488,3,10.65252,0.074881,60.8498,301
58.2564527830109, 17.4917,58.3211364829913, 18.1,3,16.68513,3,7.021564,-0.573322,61.4587,301
58.273712082766, 16.2783,58.3387758834288, 17.4359,3,16.685,3,10.09081,-0.016216,62.6162,301
58.2884828830138, 15.196,58.3552805827931, 16.5843,3,16.68454,3,11.22572,-0.186376,64.0053,301
58.3049105824903, 18.2046,58.3718252824619, 16.4419,3,16.68501,3,11.58662,0.189461,62.2432,301
58.3211364829913, 15.3855,58.3889300832525, 17.3714,3,16.68461,3,12.30472,-1.01788,64.2289,301
58.3387758834288, 16.2665,58.4056318840012, 14.7602,3,16.68448,3,11.79718,-1.101057,62.7235,301
58.3552805827931, 16.8932,58.4233685834333, 17.8057,3,16.68454,3,12.08584,-0.816465,63.6292,301
58.3718252824619, 16.5597,58.4395962832496, 16.0857,3,16.6845,3,11.69688,-1.042724,63.1625,301
58.3889300832525, 17.77,58.4563571838662, 16.9622,3,16.68484,3,12.65386,-0.737082,62.3557,301
58.4056318840012, 16.8336,58.4724305840209, 16.0071,3,16.68489,3,11.18836,0.159812,61.5291,301
58.4233685834333, 17.3326,58.4906875835732, 18.338,3,16.68509,3,10.64002,-1.207431,62.5284,301
58.4395962832496, 15.1055,58.5067188842222, 15.9722,3,16.6846,3,10.90418,-1.146822,63.4029,301
58.4563571838662, 16.6612,58.5232806848362, 18.2536,3,16.68459,3,11.02829,0.038612,64.9959,301
58.4724305840209, 16.7864,58.5397630846128, 16.9217,3,16.68462,3,9.923731,-0.277657,65.1307,301
58.4906875835732, 17.268,58.555701685138, 15.5868,3,16.6848,3,10.99102,-1.098448,63.4503,301
58.5067188842222, 16.151,58.5726784849539, 16.9129,3,16.68464,3,12.90639,-0.78994,64.2129,301
58.5232806848362, 14.8661,58.5891396841034, 14.8305,3,16.68407,2,11.68076,0.271414,64.1775,301
58.5397630846128, 17.1476,58.6064507840201, 18.8089,3,16.68421,1,11.97115,-0.045035,65.8391,301
58.555701685138, 16.3859,58.6216271836311, 15.023,3,16.68412,3,12.82984,-0.971267,64.4769,301
58.6064507840201, 55.5511,58.6385804843158, 15.3856,3,16.69623,3,12.11219,-0.73741,24.3063,301
58.6064507840201, 2.5992,58.6564947851002, 18.0581,1,16.69184,3,11.68044,-0.131029,39.7717,301
58.6216271836311, 2.1235,58.6733577847481, 16.8405,2,16.6873,3,11.88547,-0.08081,54.4878,301
58.6216271836311, 8.0897,58.6896085850894, 17.9525,2,16.68463,3,11.11791,-0.578655,64.3518,301
58.6385804843158, 16.9979,58.7062233854085, 16.819,3,16.68472,3,10.28533,-0.448825,64.1729,301
58.6564947851002, 16.0525,58.7232438847423, 16.7182,3,16.68453,3,10.23671,-0.981302,64.8391,301
58.6733577847481, 17.0094,58.7389814853668, 15.5735,3,16.68463,3,10.25935,-0.453175,63.4043,301
58.6896085850894, 15.9235,58.7563727851957, 17.6065,3,16.68439,3,10.35522,-0.536929,65.0867,301
58.7062233854085, 16.7181,58.7731758859009, 17.0483,3,16.6844,3,10.5981,0.756348,65.4181,301
58.7232438847423, 16.7146,58.7896031867713, 16.1514,3,16.68441,3,12.72657,-0.657398,64.8549,301
58.7389814853668, 15.9336,58.8064352869987, 15.3351,3,16.68418,3,12.28383,1.339822,64.257,301
58.7563727851957, 16.2666,58.8225375860929, 15.9982,3,16.68405,3,12.26145,-0.802284,63.9881,301
58.7731758859009, 18.5267,58.8398334868252, 18.3121,3,16.68462,3,10.908,0.05015,63.7748,301
58.7896031867713, 16.9265,58.8568762876093, 15.935,3,16.6847,3,10.36718,-0.432832,62.7844,301
58.8064352869987, 17.1495,58.87350958772, 16.6089,3,16.68484,3,8.736184,-0.158388,62.2444,301
58.8225375860929, 15.9767,58.8893960881978, 17.5692,3,16.68462,3,10.76425,-0.402707,63.8309,301
58.8398334868252, 16.8833,58.9065895881504, 17.4464,3,16.68468,3,9.648632,-0.417247,64.4008,301
58.8568762876093, 17.4827,58.9233537875116, 16.6106,3,16.68493,3,12.28839,-0.21574,63.5292,301
58.87350958772, 16.3208,58.9387703873217, 15.3503,3,16.68482,3,11.86281,-0.072436,62.5589,301
58.8893960881978, 15.0229,58.9568138867617, 18.7084,3,16.6843,4,12.08135,-1.174113,66.2457,301
58.9065895881504, 16.4923,58.9737275876105, 14.5602,3,16.68424,3,12.31954,0.5679,64.3137,301
58.9233537875116, 16.924,58.9896336868405, 15.905,3,16.68432,3,12.11824,-1.094585,63.2948,301
58.9387703873217, 16.4673,59.00744638592, 17.8185,3,16.68425,3,11.89061,0.932161,64.6471,301
58.9568138867617, 16.2389,59.0237707868218, 16.3027,3,16.68411,3,11.4673,0.579046,64.7014,301
58.9737275876105, 17.8426,59.0394179876894, 15.7386,3,16.68447,3,8.948285,-0.252873,62.6082,301
58.9896336868405, 15.8012,59.0564372874796, 17.0465,3,16.6842,3,10.70894,0.385284,63.8533,301
59.00744638592, 17.9823,59.0733517874032, 16.8611,3,16.6846,3,9.263954,-0.471362,62.7335,301
59.0237707868218, 16.7206,59.0908784866333, 19.5338,3,16.68461,3,10.64707,-0.930704,65.5472,301
59.0394179876894, 16.8459,59.1055538868532, 12.7369,3,16.68466,2,11.73082,0.085095,61.4379,301
59.0564372874796, 16.0334,59.1222766870633, 16.6596,3,16.68446,1,11.57776,-0.463252,62.0648,301
59.0733517874032, 17.7048,59.1403220864013, 19.9898,3,16.68477,4,12.4221,-1.18626,64.3502,301
59.1222766870633, 55.8944,59.1585991857573, 16.3806,3,16.69687,3,12.7984,0.418167,24.8364,301
59.1222766870633, 1.7439,59.1729167858139, 14.1961,1,16.69226,3,9.973852,0.415683,37.2905,301
59.1403220864013, 2.5512,59.1896209856495, 16.7073,2,16.6879,3,10.67876,-0.655347,51.4315,301
59.1403220864013, 4.0818,59.2068498851731, 17.2913,2,16.68401,3,13.00153,-0.054396,64.6549,301
59.1585991857573, 18.2115,59.2233727844432, 16.4234,3,16.68448,3,11.49202,-1.555499,62.8683,301
59.1729167858139, 16.3421,59.2406219849363, 17.3759,3,16.68438,3,11.44735,0.646894,63.902,301
59.1896209856495, 18.2778,59.2566231852397, 16.0697,3,16.68487,3,12.6029,0.347647,61.6946,301
59.2068498851731, 15.4668,59.2727473853156, 16.0016,3,16.68449,3,11.9227,-0.629683,62.2296,301
59.2233727844432, 16.56,59.2898035859689, 17.066,3,16.68446,3,13.46401,-0.390121,62.7362,301
59.2406219849363, 17.1216,59.3075327863917, 18.2167,3,16.68459,3,11.06265,-0.853529,63.8329,301
59.2566231852397, 16.3327,59.323485285975, 17.0406,3,16.68448,3,9.462983,-0.361446,64.5411,301
59.2727473853156, 16.9732,59.3400341859087, 16.6847,3,16.68457,3,10.83382,0.124189,64.2529,301
59.2898035859689, 17.0582,59.3562954859808, 16.2163,3,16.68469,3,10.81623,-0.844891,63.4112,301
59.3075327863917, 17.5303,59.3732382850721, 17.2818,3,16.68494,3,12.78585,-0.514017,63.1636,301
59.323485285975, 14.053,59.3903178842738, 16.7076,3,16.68414,3,12.20051,-1.124935,65.8184,301
59.3400341859087, 17.6853,59.4073149850592, 15.3386,3,16.68444,3,11.71499,-1.206808,63.4718,301
59.3562954859808, 16.3314,59.4237467842177, 16.4048,3,16.68434,3,12.73222,-0.27071,63.5454,301
59.3732382850721, 15.7186,59.4400145849213, 16.1891,3,16.68404,3,10.76773,-0.371212,64.0167,301
59.3903178842738, 19.7553,59.4563582846895, 16.3335,3,16.68498,3,11.45171,-1.138031,60.5961,301
59.4073149850592, 16.026,59.4738243846223, 17.6636,3,16.68478,3,5.86541,0.902012,62.2329,301
59.4237467842177, 16.8517,59.4906019838527, 16.8956,3,16.68483,3,12.16191,-0.582574,62.2781,301
59.4400145849213, 16.2487,59.5068196831271, 15.9885,3,16.6847,3,10.65973,-1.333497,62.0188,301
59.4563582846895, 16.4458,59.5236957827583, 16.9143,3,16.68462,3,11.05199,1.385001,62.488,301
59.4738243846223, 17.2949,59.5393058825284, 15.6019,3,16.68481,3,9.357174,-0.165897,60.7949,301
59.4906019838527, 15.6489,59.5578521825373, 18.5749,3,16.68449,3,11.9485,-0.218583,63.7221,301
59.5068196831271, 16.8812,59.5743754822761, 16.4406,3,16.68455,3,13.0399,-0.04105,63.2821,301
59.5236957827583, 16.9474,59.5905128829181, 17.8886,3,16.68464,3,10.4575,-0.551979,64.2237,301
59.5393058825284, 16.428,59.6075281836092, 17.0034,3,16.68456,3,12.07128,0.508572,64.7994,301
59.5578521825373, 17.0841,59.6234865840524, 15.9952,3,16.68468,3,10.48725,-0.109456,63.7109,301
59.5743754822761, 16.2352,59.6409147847444, 17.9074,3,16.68454,4,10.28588,-0.912724,65.3842,301
59.5905128829181, 16.3355,59.6565233850852, 15.0726,3,16.68443,3,12.30053,-0.372429,64.1211,301
59.6075281836092, 15.5128,59.6750011844561, 16.7989,3,16.68408,3,11.34506,-0.062486,65.408,301
59.6234865840524, 16.8054,59.6892123846337, 14.2313,3,16.68411,3,11.94852,-0.167343,62.8339,301
59.6409147847444, 16.3969,59.7071794839576, 18.0195,3,16.68402,3,12.71783,-0.6321,64.449,301
59.6565233850852, 19.1262,59.7242520833388, 16.9033,3,16.68477,3,12.17809,-0.059007,62.2357,301
59.6750011844561, 14.2341,59.7403757842258, 16.3245,3,16.68402,3,9.217343,-0.766196,64.324,301
59.6892123846337, 18.2947,59.7581747835502, 17.7846,3,16.68451,3,11.9015,-0.712677,63.8164,301
59.7071794839576, 16.6993,,3,16.68452,,10.11361,-0.755091,,301
59.7242520833388, 17.1852,,3,16.68467,,10.3443,0.427425,,301
59.7403757842258, 15.9608,,3,16.68445,,10.80078,0.210403,,301
59.7581747835502, 17.8525,,3,16.68481,,10.45189,-0.035174,,301
,,3,,,11.03697,-0.851929,,301
,,,,,9.631297,-0.410993,,301
,,,,,9.687274,-1.327565,,301
,,,,,10.31963,-0.491226,,301
,,,,,12.52579,0.184436,,301
,,,,,11.97896,0.153899,,301
,,,,,12.98033,-0.764453,,301
,,,,,12.14906,0.329078,,301
,,,,,10.0204,-0.180885,,301
,,,,,11.69965,-0.922648,,301
,,,,,11.03172,1.199889,,301
,,,,,9.245085,-0.480941,,301
,,,,,11.85745,-1.237438,,301
,,,,,11.12141,0.63734,,301
,,,,,8.952941,-0.715618,,301
,,,,,10.70774,-0.94912,,301
,,,,,12.91126,-0.974207,,301
,,,,,11.00322,-0.648274,,301
,,,,,12.51992,0.990822,,301
,,,,,12.79671,1.546669,,301
,,,,,12.83277,-0.527272,,301
,,,,,12.45848,0.919136,,301
,,,,,9.148531,-0.011187,,301
,,,,,8.139572,-0.216044,,301
,,,,,10.47346,0.773815,,301
,,,,,8.870587,-0.416685,,301
,,,,,9.636044,-0.260426,,301
,,,,,10.49279,-1.27295,,301
,,,,,10.85308,-0.444055,,301
,,,,,12.11413,-0.194307,,301
,,,,,11.99815,0.432694,,301
,,,,,12.91576,-0.343147,,301
,,,,,10.45931,0.115468,,301
,,,,,10.36391,-0.324871,,301
,,,,,9.832347,-0.056434,,301
,,,,,10.43753,-0.198958,,301
,,,,,10.00627,0.462784,,301
,,,,,12.04053,0.577767,,301
,,,,,11.72956,-1.009946,,301
,,,,,11.87212,0.280381,,301
,,,,,11.39653,0.305621,,301
,,,,,10.95885,-0.409028,,301
,,,,,11.02412,0.292715,,301
,,,,,9.843379,0.799114,,301
,,,,,9.788628,-0.137756,,301
,,,,,10.30758,0.115711,,301
,,,,,11.47859,-0.161804,,301
,,,,,10.87726,-1.271009,,301
,,,,,11.83469,0.164145,,301
,,,,,11.7466,0.31261,,301
,,,,,11.88191,-0.441882,,301
,,,,,13.02995,0.436735,,301
,,,,,10.03769,-0.820095,,301
,,,,,9.700882,1.237372,,301
,,,,,10.22406,-1.044292,,301
,,,,,9.568995,-0.637455,,301
,,,,,12.46353,0.662901,,301
,,,,,10.43659,-0.376073,,301
,,,,,12.60425,0.320347,,301
,,,,,12.3083,0.326333,,301
,,,,,9.414373,1.163595,,301
,,,,,10.68265,0.766469,,301
,,,,,9.420767,-0.396191,,301
,,,,,11.3236,-0.093317,,301
,,,,,10.50443,0.239517,,301
,,,,,10.90429,0.001063,,301
,,,,,12.10202,-0.665307,,301
,,,,,10.22348,-0.671306,,301
,,,,,9.167637,0.323448,,301
,,,,,9.810807,-0.229257,,301
,,,,,10.86151,-0.862108,,301
,,,,,12.32175,-0.502805,,301
,,,,,11.36996,-0.202597,,301
,,,,,11.92831,0.495035,,301
,,,,,12.5476,-0.898765,,301
,,,,,11.203,0.107252,,301
,,,,,10.08986,-0.118232,,301
,,,,,9.264765,-0.160326,,301
,,,,,10.99395,-0.467796,,301
,,,,,11.57493,0.131402,,301
,,,,,11.79943,-0.939944,,301
,,,,,11.7592,0.476235,,301
,,,,,12.2131,-0.918398,,301
,,,,,11.48984,-0.97843,,301
,,,,,12.77017,-1.091301,,301
,,,,,9.571598,0.487769,,301
,,,,,12.65433,-0.646865,,301
,,,,,9.969901,-0.874589,,301
,,,,,11.16003,-0.651954,,301
,,,,,9.269665,-0.958855,,301
,,,,,10.75929,0.248701,,301
,,,,,12.59405,-0.256379,,301
,,,,,12.33926,0.40233,,301
,,,,,12.8075,-0.409278,,301
,,,,,11.48478,0.171637,,301
,,,,,10.20357,-0.70348,,301
,,,,,9.544178,-0.38997,,301
,,,,,10.04306,0.742557,,301
,,,,,9.88658,-0.65103,,301
,,,,,12.41287,0.323587,,301
,,,,,12.04384,-0.196251,,301
,,,,,10.92343,-0.636797,,301
,,,,,12.33091,-0.631082,,301
,,,,,11.31755,-0.446092,,301
,,,,,11.9118,-0.12825,,301
,,,,,12.33588,-0.985287,,301
,,,,,12.37039,-0.62443,,301
,,,,,12.12855,-0.266645,,301
,,,,,11.87869,-0.154496,,301
,,,,,12.66293,-0.694804,,301
,,,,,12.19005,-0.587049,,301
,,,,,11.6395,-1.059088,,301
,,,,,10.4923,2.265997,,301
,,,,,10.31345,0.967504,,301
,,,,,10.70919,-0.974289,,301
,,,,,11.0028,0.033557,,301
,,,,,7.286996,-0.633179,,301
,,,,,8.481989,-0.081468,,301
,,,,,12.59664,-0.704008,,301
,,,,,11.69428,1.138179,,301
,,,,,12.33427,-0.555049,,301
,,,,,11.83861,-1.196735,,301
,,,,,12.40992,-0.487127,,301
,,,,,10.54735,0.011554,,301
,,,,,12.27874,0.040127,,301
,,,,,12.99093,-0.79078,,301
,,,,,12.06515,-0.182994,,301
,,,,,10.25337,-0.019439,,301
,,,,,9.78808,-0.897666,,301
,,,,,12.56729,-0.481037,,301
,,,,,12.01954,0.042876,,301
,,,,,11.80157,-0.82636,,301
,,,,,12.52644,-1.406324,,301
,,,,,12.25172,0.189312,,301
,,,,,11.73166,-0.996487,,301
,,,,,10.96952,-0.304995,,301
,,,,,11.03179,1.371187,,301
,,,,,9.480887,0.230596,,301
,,,,,10.82209,-0.823611,,301
,,,,,10.00281,-0.316332,,301
,,,,,8.073204,0.698473,,301
,,,,,11.46991,-0.791157,,301
,,,,,12.38473,-0.737352,,301
,,,,,12.01633,0.003531,,301
,,,,,11.13916,-0.507328,,301
,,,,,12.68035,-0.13711,,301
,,,,,12.40887,-1.188612,,301
,,,,,11.73803,0.028043,,301
,,,,,12.27951,-0.490964,,301
,,,,,9.716512,-0.356385,,301
,,,,,11.36186,0.111943,,301
,,,,,9.762664,-0.451168,,301
,,,,,10.39489,-1.365813,,301
,,,,,10.12676,0.269017,,301
,,,,,11.55817,0.273847,,301
,,,,,11.91921,-0.335959,,301
,,,,,13.12648,-0.588043,,301
,,,,,11.48825,-0.273777,,301
,,,,,9.605659,-0.458381,,301
,,,,,10.44574,0.174741,,301
,,,,,10.82758,-0.833739,,301
,,,,,10.54278,-0.518063,,301
,,,,,10.45326,-0.34194,,301
,,,,,11.66324,0.97052,,301
,,,,,12.61716,-0.661817,,301
,,,,,12.43524,-0.347412,,301
,,,,,12.14588,-0.823691,,301
,,,,,10.67482,-0.465263,,301
,,,,,12.45771,-0.954452,,301
,,,,,12.10569,-0.327559,,301
,,,,,10.94446,0.126276,,301
,,,,,10.47515,0.034307,,301
,,,,,11.26686,1.840305,,301
,,,,,10.60092,-0.696173,,301
,,,,,10.07289,-0.563051,,301
,,,,,10.0343,0.98915,,301
,,,,,7.362773,-0.313915,,301
,,,,,12.54895,-0.434411,,301
,,,,,12.24255,-0.044214,,301
,,,,,10.83671,-0.013011,,301
,,,,,12.17151,-1.518405,,301
,,,,,12.17931,-0.227333,,301
,,,,,11.83451,0.112108,,301
,,,,,11.8686,-0.255741,,301
,,,,,11.82753,-0.884393,,301
,,,,,10.49149,0.10699,,301
,,,,,9.485141,0.256862,,301
,,,,,10.44479,0.468739,,301
,,,,,11.05071,-0.906457,,301
,,,,,10.10104,0.203094,,301
,,,,,10.20906,0.495033,,301
,,,,,9.564757,-0.811618,,301
,,,,,11.14291,-0.624077,,301
,,,,,10.09727,-0.563532,,301
,,,,,9.406218,-0.124393,,301
,,,,,11.01768,-0.651091,,301
,,,,,10.63273,-0.257824,,301
,,,,,10.74359,-0.510451,,301
,,,,,9.787691,-0.387983,,301
,,,,,10.47252,0.418144,,301
,,,,,11.97025,-0.220535,,301
,,,,,12.24638,-0.153008,,301
,,,,,12.13246,0.581075,,301
,,,,,11.45574,1.169697,,301
,,,,,12.08621,-0.765334,,301
,,,,,11.76563,-1.002938,,301
,,,,,11.0491,-1.454275,,301
,,,,,10.54203,-0.513488,,301
,,,,,10.96074,-0.708295,,301
,,,,,12.72917,-0.849971,,301
,,,,,11.31489,-0.410112,,301
,,,,,10.56149,-0.409814,,301
,,,,,10.66477,0.653745,,301
,,,,,10.90691,0.224657,,301
,,,,,10.22191,0.206467,,301
,,,,,12.14775,-0.36923,,301
,,,,,11.02754,1.22258,,301
,,,,,11.63103,0.554559,,301
,,,,,11.35063,0.486556,,301
,,,,,12.03022,0.227219,,301
,,,,,10.37704,-0.520751,,301
,,,,,11.08924,-0.224765,,301
,,,,,9.524581,-0.447286,,301
,,,,,9.257051,0.189093,,301
,,,,,10.38387,-1.301228,,301
,,,,,10.15499,-1.099131,,301
,,,,,12.00941,0.119341,,301
,,,,,9.884428,0.354916,,301
,,,,,11.55213,-0.088613,,301
,,,,,12.85076,-0.171742,,301
,,,,,11.47758,0.159865,,301
,,,,,11.32291,-0.774638,,301
,,,,,10.05044,-0.070751,,301
,,,,,9.918535,0.061069,,301
,,,,,9.890538,-0.224681,,301
,,,,,11.00185,-0.054003,,301
,,,,,10.07613,-0.6609,,301
,,,,,9.717981,-0.051441,,301
,,,,,10.2498,0.310538,,301
,,,,,11.5814,0.219355,,301
,,,,,12.28724,-0.534075,,301
,,,,,10.66106,-0.038492,,301
,,,,,11.41224,0.052905,,301
,,,,,11.49018,-1.227139,,301
,,,,,10.60749,0.161443,,301
,,,,,9.825295,0.36323,,301
,,,,,9.917539,-0.418483,,301
,,,,,11.25316,0.722046,,301
,,,,,9.23157,0.390748,,301
,,,,,11.35638,-0.689151,,301
,,,,,12.13655,-0.344561,,301
,,,,,11.00355,-0.088421,,301
,,,,,11.38485,0.71702,,301
,,,,,12.33266,-1.297954,,301
,,,,,11.97122,-1.267428,,301
,,,,,11.80078,-0.566602,,301
,,,,,8.946454,-0.217315,,301
,,,,,12.89563,-0.720528,,301
,,,,,12.9226,-0.651312,,301
,,,,,9.617515,-0.12429,,301
,,,,,9.913228,-0.238959,,301
,,,,,12.41081,0.291447,,301
,,,,,12.38899,-0.348009,,301
,,,,,11.78396,-0.965299,,301
,,,,,12.04755,-0.648381,,301
,,,,,11.35501,0.449248,,301
,,,,,11.9704,-0.240938,,301
,,,,,12.65478,-0.431483,,301
,,,,,12.21885,-0.84372,,301
,,,,,10.73604,-0.600864,,301
,,,,,10.38308,-0.1889,,301
,,,,,10.38852,0.10286,,301
,,,,,10.84986,-0.147322,,301
,,,,,10.2383,-0.508902,,301
,,,,,10.23744,-0.855533,,301
,,,,,11.58622,-0.10493,,301
,,,,,11.8671,-0.030654,,301
,,,,,12.36713,-0.500765,,301
,,,,,12.71983,-0.290159,,301
,,,,,11.72925,-1.382013,,301
,,,,,11.52586,0.478652,,301
,,,,,12.22336,0.362996,,301
,,,,,11.99361,-0.260582,,301
,,,,,13.07735,0.036977,,301
,,,,,11.1905,-0.635557,,301
,,,,,11.43798,0.090167,,301
,,,,,10.23082,-0.973658,,301
,,,,,9.930557,0.822717,,301
,,,,,10.61663,-1.673054,,301
,,,,,9.397258,-0.371077,,301
,,,,,11.00818,0.055309,,301
,,,,,10.89565,-0.54251,,301
,,,,,13.35098,0.546918,,301
,,,,,12.01529,1.548467,,301
,,,,,11.80301,,,301
,,,,,12.15798,,,301
,,,,,11.05803,,,301
